4
19
21
34
57
79
90
95
101
102
123
168
183
210
220
230
231
262
270
272
280
303
322
325
334
353
354
355
358
370
374
389
397
403
423
425
451
468
471
509
510
519
528
531
538
542
543
549
552
564
566
591
617
621
627
634
646
650
658
677
690
716
721
722
733
745
747
766
771
785
791
802
808
809
815
819
823
824
836
840
844
854
862
868
886
896
903
912
926
929
934
938
939
944
947
959
986
1000
1002
1004
1005
1006
1009
1012
1013
1014
1015
1017
1018
1019
1020
1021
1022
1023
1024
1025
1026
1028
1029
1033
1034
1036
1039
1040
1041
1042
1043
1045
1046
1049
1052
1053
1054
1059
1060
1062
1064
1065
1067
1069
1070
1071
1072
1073
1075
1077
1078
1079
1080
1082
1085
1086
1089
1090
1092
1093
1094
1095
1096
1097
1100
1101
1102
1104
1105
1107
1109
1112
1113
1114
1115
1116
1124
1125
1127
1128
1129
1130
1131
1133
1134
1135
1136
1137
1138
1139
1141
1143
1145
1146
1147
1148
1149
1150
1152
1153
1154
1155
1158
1159
1160
1161
1164
1165
1166
1169
1170
1172
1174
1176
1177
1178
1179
1184
1185
1186
1189
1190
1191
1192
1193
1194
1198
1199
1200
1203
1206
1210
1211
1212
1214
1215
1216
1217
1219
1221
1222
1224
1226
1228
1230
1231
1235
1237
1240
1241
1242
1243
1244
1245
1247
1250
1252
1253
1255
1258
1261
1262
1264
1265
1268
1270
1271
1272
1274
1275
1278
1279
1280
1281
1282
1285
1286
1287
1288
1289
1292
1295
1297
1298
1299
1300
1302
1303
1305
1306
1307
1308
1309
1310
1314
1315
1317
1318
1319
1323
1325
1326
1327
1328
1329
1330
1334
1337
1338
1341
1343
1346
1349
1350
1351
1356
1357
1359
1360
1361
1363
1364
1367
1368
1371
1374
1375
1376
1377
1379
1381
1383
1388
1389
1390
1392
1395
1396
1397
1398
1399
1403
1405
1407
1408
1409
1410
1412
1414
1415
1417
1419
1420
1421
1422
1423
1424
1426
1427
1429
1430
1431
1432
1433
1435
1436
1437
1438
1440
1441
1442
1444
1447
1448
1449
1451
1454
1455
1456
1457
1458
1459
1460
1462
1465
1471
1474
1476
1477
1479
1482
1483
1485
1486
1488
1489
1490
1493
1494
1496
1497
1498
1499
1500
1502
1504
1505
1506
1507
1510
1513
1514
1518
1519
1522
1523
1525
1527
1528
1529
1530
1534
1535
1537
1538
1539
1540
1542
1543
1544
1545
1547
1549
1550
1552
1556
1558
1559
1560
1562
1563
1565
1566
1567
1568
1570
1571
1572
1574
1576
1581
1584
1585
1586
1589
1592
1593
1594
1596
1597
1599
1600
1601
1602
1603
1604
1606
1608
1610
1611
1612
1613
1614
1616
1618
1620
1621
1622
1624
1626
1627
1629
1630
1632
1633
1634
1635
1636
1639
1642
1643
1646
1648
1649
1650
1651
1652
1654
1657
1658
1659
1660
1662
1663
1664
1665
1666
1669
1670
1672
1674
1676
1677
1681
1682
1683
1684
1685
1689
1692
1693
1694
1695
1697
1699
1700
1702
1703
1704
1706
1707
1708
1709
1711
1712
1713
1715
1716
1720
1721
1722
1723
1725
1726
1728
1729
1730
1731
1733
1734
1735
1736
1746
1747
1753
1755
1756
1757
1759
1760
1762
1764
1765
1767
1768
1771
1773
1775
1776
1777
1779
1780
1781
1782
1783
1784
1785
1786
1787
1788
1789
1790
1791
1792
1794
1795
1796
1797
1802
1803
1804
1805
1806
1808
1809
1810
1811
1815
1817
1818
1821
1822
1823
1824
1826
1829
1830
1831
1832
1837
1838
1840
1842
1843
1844
1845
1846
1847
1848
1855
1857
1858
1860
1862
1864
1865
1866
1868
1870
1872
1874
1876
1877
1879
1881
1882
1885
1887
1889
1890
1891
1892
1893
1895
1898
1899
1900
1902
1903
1904
1905
1907
1910
1911
1912
1913
1914
1916
1918
1919
1920
1921
1924
1925
1926
1927
1928
1929
1930
1933
1934
1935
1936
1937
1940
1941
1943
1947
1948
1949
1950
1953
1955
1957
1958
1960
1961
1962
1964
1965
1967
1968
1970
1972
1973
1975
1976
1977
1978
1979
1981
1982
1984
1985
1986
1987
1994
1996
1997
1998
2002
2003
2004
2005
2008
2009
2010
2011
2013
2014
2017
2018
2022
2023
2025
2027
2030
2031
2032
2034
2038
2039
2041
2042
2043
2044
2045
2050
2053
2056
2058
2059
2060
2061
2063
2064
2065
2067
2068
2070
2071
2073
2074
2075
2076
2080
2082
2087
2088
2089
2090
2091
2095
2097
2098
2102
2103
2104
2105
2106
2107
2109
2110
2111
2112
2114
2115
2117
2118
2120
2121
2123
2124
2126
2127
2128
2132
2133
2134
2135
2136
2137
2141
2142
2143
2144
2146
2147
2148
2149
2152
2153
2154
2155
2156
2157
2161
2162
2163
2165
2166
2168
2170
2171
2172
2174
2176
2177
2179
2180
2181
2183
2184
2185
2186
2188
2190
2192
2196
2197
2198
2199
2200
2202
2203
2204
2206
2207
2209
2210
2212
2213
2214
2215
2217
2218
2219
2220
2221
2223
2224
2225
2227
2228
2231
2233
2234
2236
2239
2240
2241
2242
2243
2244
2245
2247
2248
2249
2250
2251
2252
2255
2257
2261
2263
2264
2266
2267
2270
2272
2273
2275
2276
2279
2280
2281
2282
2283
2286
2287
2290
2291
2292
2297
2299
2301
2302
2306
2307
2308
2309
2310
2311
2313
2317
2320
2321
2323
2325
2326
2327
2330
2332
2334
2335
2336
2338
2340
2341
2342
2343
2344
2345
2346
2352
2354
2355
2356
2357
2360
2363
2366
2367
2368
2369
2370
2374
2376
2379
2380
2381
2382
2383
2384
2385
2386
2387
2388
2389
2390
2393
2395
2396
2397
2399
2401
2402
2403
2404
2407
2408
2409
2411
2412
2413
2414
2420
2422
2423
2427
2430
2431
2432
2435
2436
2437
2439
2440
2441
2442
2443
2446
2447
2449
2451
2452
2456
2460
2464
2465
2466
2469
2471
2472
2473
2474
2475
2477
2478
2480
2481
2483
2484
2485
2493
2495
2496
2497
2498
2502
2503
2504
2505
2514
2518
2524
2527
2537
2545
2546
2550
2554
2561
2567
2569
2575
2577
2581
2585
2589
2599
2600
2601
2604
2612
2615
2616
2618
2619
2624
2632
2635
2644
2646
2651
2654
2657
2661
2662
2668
2673
2675
2676
2680
2682
2684
2691
2697
2698
2701
2703
2706
2707
2710
2714
2715
2717
2719
2723
2729
2731
2733
2739
2741
2760
2763
2766
2767
2768
2775
2776
2779
2781
2787
2788
2789
2790
2792
2798
2800
2801
2802
2804
2818
2819
2820
2823
2825
2826
2828
2834
2836
2838
2848
2859
2868
2874
2876
2879
2882
2883
2893
2894
2895
2900
2908
2920
2921
2927
2936
2945
2951
2952
2960
2961
2963
2969
2973
2976
2978
2981
2986
2994
2995
2999
3002
3004
3016
3033
3036
3041
3043
3053
3055
3058
3061
3063
3064
3066
3069
3071
3073
3075
3078
3081
3086
3090
3091
3105
3109
3114
3119
3123
3127
3129
3130
3133
3136
3138
3139
3141
3142
3146
3147
3148
3155
3159
3165
3171
3179
3181
3186
3188
3189
3190
3191
3196
3202
3206
3208
3210
3215
3217
3220
3222
3230
3233
3240
3242
3248
3249
3259
3261
3263
3267
3273
3280
3289
3295
3301
3306
3311
3312
3318
3321
3322
3328
3332
3334
3335
3336
3343
3344
3346
3347
3361
3365
3366
3367
3369
3372
3380
3381
3386
3387
3388
3389
3391
3392
3393
3396
3397
3399
3400
3404
3408
3414
3425
3427
3430
3432
3439
3446
3448
3458
3459
3460
3461
3465
3467
3469
3472
3473
3474
3477
3480
3481
3494
3495
3501
3502
3511
3514
3516
3518
3519
3523
3524
3525
3529
3535
3536
3537
3538
3540
3542
3548
3549
3556
3559
3562
3564
3565
3566
3572
3589
3590
3591
3596
3597
3604
3615
3616
3622
3623
3630
3631
3635
3636
3637
3645
3647
3649
3652
3653
3655
3656
3661
3662
3663
3667
3670
3676
3677
3679
3681
3682
3683
3687
3689
3699
3700
3702
3703
3705
3710
3718
3722
3725
3728
3730
3735
3736
3741
3749
3751
3753
3754
3759
3760
3762
3766
3768
3771
3772
3773
3775
3776
3779
3783
3785
3786
3789
3792
3793
3794
3799
3807
3810
3814
3816
3820
3821
3827
3834
3836
3838
3842
3843
3844
3846
3847
3857
3861
3862
3864
3870
3874
3876
3879
3881
3886
3890
3897
3900
3903
3905
3909
3910
3911
3912
3913
3920
3924
3930
3931
3937
3938
3941
3944
3947
3950
3952
3955
3957
3960
3965
3970
3974
3978
3980
3984
3986
3987
3989
3992
3995
4013
4015
4023
4032
4047
4050
4055
4058
4061
4070
4092
4105
4118
4150
4153
4161
4168
4175
4183
4198
4203
4231
4243
4252
4257
4258
4266
4286
4289
4296
4307
4318
4324
4330
4331
4332
4341
4344
4357
4381
4383
4398
4406
4414
4439
4440
4441
4445
4470
4482
4485
4499
4507
4508
4510
4511
4512
4517
4524
4525
4530
4531
4534
4535
4540
4542
4543
4546
4551
4553
4556
4559
4567
4572
4576
4583
4584
4591
4592
4593
4594
4596
4600
4605
4607
4609
4618
4626
4630
4631
4640
4656
4659
4660
4663
4670
4671
4673
4674
4685
4689
4694
4696
4697
4701
4707
4708
4721
4729
4734
4744
4747
4758
4777
4778
4787
4793
4804
4805
4808
4810
4813
4820
4823
4825
4828
4837
4839
4848
4849
4850
4856
4864
4871
4888
4890
4893
4898
4901
4903
4913
4914
4917
4918
4919
4923
4927
4929
4936
4946
4950
4962
4969
4970
4989
4993
4995
4998
4999
5008
5009
5010
5013
5015
5018
5022
5028
5037
5040
5042
5043
5050
5051
5056
5059
5064
5067
5069
5072
5075
5076
5078
5082
5085
5103
5111
5114
5120
5121
5122
5127
5129
5135
5139
5140
5144
5151
5153
5156
5158
5159
5163
5165
5170
5175
5178
5179
5180
5185
5192
5193
5196
5206
5207
5210
5211
5214
5215
5216
5217
5220
5223
5225
5227
5229
5231
5232
5236
5237
5238
5240
5245
5247
5249
5255
5258
5259
5261
5266
5270
5271
5272
5278
5279
5280
5281
5285
5295
5297
5298
5299
5301
5302
5305
5307
5312
5313
5316
5317
5322
5325
5327
5328
5333
5334
5337
5340
5343
5345
5352
5353
5355
5360
5368
5370
5375
5377
5383
5386
5388
5390
5393
5394
5397
5398
5399
5402
5405
5406
5414
5417
5419
5421
5422
5423
5426
5431
5432
5434
5441
5443
5445
5446
5447
5448
5449
5452
5454
5455
5457
5460
5461
5462
5464
5467
5470
5471
5473
5474
5477
5478
5481
5482
5484
5488
5489
5491
5493
5497
5500
5502
5503
5505
5506
5507
5508
5509
5510
5511
5513
5514
5515
5517
5519
5520
5521
5522
5523
5525
5527
5531
5533
5534
5535
5537
5538
5543
5544
5545
5548
5554
5555
5558
5559
5561
5562
5563
5564
5565
5569
5570
5571
5574
5575
5577
5578
5579
5581
5582
5583
5584
5587
5589
5592
5593
5594
5595
5596
5597
5598
5599
5602
5604
5606
5607
5608
5612
5613
5615
5616
5617
5619
5620
5622
5625
5626
5627
5628
5630
5631
5632
5633
5637
5638
5639
5640
5641
5642
5643
5644
5646
5647
5648
5649
5650
5651
5652
5654
5656
5658
5659
5660
5661
5664
5667
5668
5669
5670
5672
5673
5674
5676
5678
5681
5682
5683
5684
5685
5686
5687
5688
5690
5692
5695
5696
5697
5699
5700
5701
5702
5704
5706
5707
5708
5709
5710
5711
5712
5713
5714
5715
5717
5719
5721
5724
5725
5726
5729
5730
5731
5732
5734
5735
5736
5738
5739
5740
5741
5742
5744
5745
5746
5749
5750
5751
5752
5754
5755
5757
5758
5761
5762
5763
5765
5766
5768
5769
5771
5772
5773
5779
5780
5781
5782
5786
5787
5789
5790
5792
5794
5796
5798
5800
5801
5803
5804
5807
5808
5809
5810
5811
5812
5813
5818
5819
5822
5823
5825
5830
5831
5832
5836
5837
5840
5841
5843
5845
5846
5847
5848
5849
5850
5852
5853
5855
5856
5857
5858
5859
5861
5863
5865
5868
5870
5871
5873
5874
5875
5876
5877
5879
5880
5882
5883
5884
5885
5886
5888
5890
5891
5892
5893
5894
5897
5898
5900
5901
5902
5905
5906
5907
5908
5911
5912
5915
5918
5922
5923
5928
5929
5931
5932
5935
5936
5937
5938
5940
5941
5942
5943
5945
5947
5948
5951
5952
5953
5955
5956
5958
5960
5962
5964
5969
5970
5972
5974
5977
5978
5980
5981
5984
5985
5986
5988
5989
5993
5994
5995
5996
6006
6014
6015
6017
6018
6027
6034
6036
6045
6056
6061
6069
6074
6078
6090
6092
6101
6102
6103
6104
6107
6110
6112
6129
6130
6132
6133
6135
6138
6144
6154
6158
6160
6163
6164
6168
6174
6175
6177
6179
6180
6184
6185
6186
6189
6192
6199
6205
6210
6213
6216
6218
6219
6220
6221
6228
6235
6239
6243
6252
6260
6264
6270
6271
6272
6275
6285
6289
6296
6298
6304
6305
6307
6308
6312
6314
6319
6328
6329
6330
6333
6334
6335
6346
6358
6364
6366
6368
6370
6375
6377
6384
6389
6398
6399
6401
6403
6406
6411
6413
6416
6417
6425
6427
6428
6429
6431
6433
6439
6440
6444
6455
6456
6465
6466
6469
6472
6480
6481
6484
6488
6489
6494
6497
6500
6503
6512
6513
6516
6519
6526
6531
6533
6535
6541
6543
6544
6545
6557
6562
6563
6565
6566
6568
6570
6578
6581
6586
6588
6589
6595
6596
6600
6603
6608
6613
6621
6627
6628
6634
6641
6644
6655
6657
6659
6660
6664
6665
6673
6680
6685
6690
6692
6707
6712
6719
6723
6724
6725
6727
6740
6743
6744
6745
6754
6756
6758
6762
6772
6777
6780
6782
6794
6802
6806
6808
6809
6816
6821
6829
6838
6839
6840
6844
6846
6850
6852
6853
6854
6861
6862
6864
6882
6887
6888
6892
6897
6900
6901
6904
6909
6910
6913
6919
6936
6938
6939
6940
6941
6942
6948
6949
6953
6955
6957
6958
6961
6963
6967
6972
6973
6979
6988
6996
6998
6999
7006
7008
7011
7017
7021
7025
7026
7027
7032
7035
7037
7038
7040
7043
7045
7046
7053
7055
7057
7058
7062
7067
7068
7069
7075
7082
7083
7084
7085
7091
7093
7094
7095
7096
7097
7099
7100
7101
7103
7105
7108
7128
7129
7133
7142
7146
7148
7149
7150
7151
7153
7156
7159
7160
7161
7171
7174
7180
7182
7183
7186
7188
7189
7195
7196
7197
7207
7213
7216
7217
7220
7223
7226
7230
7236
7240
7241
7244
7249
7250
7252
7255
7258
7263
7269
7270
7271
7272
7275
7276
7278
7279
7285
7296
7300
7302
7306
7310
7315
7317
7324
7329
7330
7331
7332
7335
7339
7342
7343
7344
7348
7349
7351
7356
7361
7362
7363
7369
7375
7382
7388
7390
7402
7403
7404
7407
7409
7411
7413
7419
7421
7423
7428
7431
7433
7435
7438
7439
7440
7441
7443
7444
7446
7449
7454
7456
7460
7461
7462
7466
7467
7474
7479
7483
7491
7507
7508
7510
7512
7514
7515
7519
7520
7522
7529
7536
7540
7541
7544
7548
7549
7551
7553
7556
7557
7561
7563
7567
7570
7585
7589
7593
7598
7602
7603
7605
7606
7609
7613
7616
7617
7619
7629
7631
7632
7637
7640
7648
7649
7651
7653
7654
7658
7659
7668
7669
7671
7672
7680
7685
7692
7695
7700
7702
7705
7706
7709
7712
7716
7719
7726
7735
7736
7747
7749
7753
7757
7760
7761
7762
7763
7767
7771
7773
7776
7778
7780
7782
7783
7785
7790
7793
7797
7802
7812
7814
7824
7827
7829
7830
7834
7835
7841
7843
7845
7850
7854
7863
7875
7877
7879
7880
7889
7890
7891
7893
7903
7909
7910
7912
7913
7914
7920
7927
7932
7933
7936
7938
7939
7940
7945
7953
7956
7957
7966
7967
7970
7974
7976
7978
7981
7984
7996
8000
8003
8006
8007
8016
8018
8021
8022
8023
8025
8026
8033
8034
8035
8040
8041
8045
8048
8050
8051
8053
8056
8059
8060
8062
8064
8068
8069
8071
8076
8078
8080
8081
8083
8084
8087
8090
8093
8094
8097
8100
8105
8108
8109
8111
8112
8115
8116
8117
8118
8120
8122
8126
8128
8130
8131
8140
8141
8143
8144
8146
8150
8153
8158
8159
8160
8162
8169
8170
8171
8177
8178
8181
8182
8183
8184
8185
8186
8190
8192
8194
8195
8198
8201
8205
8206
8207
8210
8212
8214
8217
8222
8223
8224
8226
8227
8230
8231
8232
8237
8241
8243
8244
8246
8247
8249
8251
8252
8254
8263
8266
8270
8276
8280
8284
8285
8287
8289
8295
8296
8298
8300
8311
8314
8329
8330
8335
8336
8338
8339
8340
8341
8343
8345
8347
8350
8355
8358
8360
8361
8362
8363
8364
8365
8368
8369
8373
8374
8378
8379
8381
8382
8387
8390
8391
8392
8394
8397
8398
8403
8404
8407
8408
8413
8415
8417
8418
8420
8423
8430
8432
8434
8436
8437
8439
8442
8446
8448
8449
8450
8452
8455
8458
8463
8468
8474
8476
8477
8478
8479
8481
8493
8495
8499
8504
8524
8527
8528
8531
8532
8534
8535
8547
8548
8555
8562
8563
8578
8589
8594
8599
8600
8633
8636
8655
8671
8698
8709
8716
8717
8719
8722
8731
8733
8734
8743
8746
8761
8762
8764
8770
8772
8777
8778
8782
8796
8798
8799
8816
8819
8837
8839
8842
8854
8862
8869
8872
8873
8875
8877
8883
8884
8892
8898
8910
8916
8917
8921
8939
8941
8948
8950
8956
8960
8966
8968
8969
8970
8979
8980
8998
8999
9000
9003
9004
9007
9008
9010
9011
9018
9024
9027
9030
9042
9044
9053
9054
9056
9060
9063
9073
9075
9078
9081
9085
9087
9094
9097
9100
9111
9114
9117
9118
9124
9128
9131
9132
9135
9141
9143
9147
9151
9153
9154
9156
9157
9163
9165
9166
9169
9174
9177
9179
9181
9185
9187
9188
9189
9195
9198
9200
9204
9205
9206
9215
9216
9217
9221
9224
9228
9231
9234
9236
9237
9244
9247
9249
9251
9252
9255
9256
9260
9265
9268
9270
9278
9281
9284
9285
9286
9289
9294
9295
9297
9300
9304
9306
9308
9319
9324
9325
9328
9336
9340
9342
9343
9353
9357
9359
9362
9364
9367
9370
9373
9374
9376
9384
9385
9386
9391
9392
9393
9394
9398
9404
9407
9409
9413
9417
9418
9422
9426
9427
9430
9431
9432
9434
9435
9436
9437
9439
9442
9443
9450
9454
9455
9459
9463
9464
9469
9472
9474
9475
9476
9478
9485
9493
9494
9506
9507
9508
9521
9524
9534
9537
9543
9546
9549
9552
9553
9554
9556
9558
9564
9572
9573
9577
9583
9585
9587
9588
9596
9606
9610
9611
9613
9618
9619
9620
9621
9623
9625
9635
9643
9646
9650
9653
9656
9662
9665
9668
9673
9675
9686
9697
9698
9705
9710
9711
9712
9717
9718
9719
9726
9727
9728
9730
9731
9733
9734
9736
9739
9740
9741
9743
9744
9747
9755
9761
9763
9770
9771
9777
9782
9788
9789
9791
9794
9798
9801
9803
9806
9808
9809
9810
9814
9815
9817
9830
9833
9844
9846
9861
9862
9863
9865
9866
9867
9869
9870
9873
9874
9879
9880
9882
9883
9886
9887
9891
9899
9904
9909
9910
9913
9921
9924
9940
9942
9944
9948
9949
9956
9960
9962
9964
9966
9972
9975
9982
9993
9997
9998
10026
10099
10148
10150
10169
10170
10174
10186
10251
10278
10316
10335
10354
10392
10428
10429
10430
10463
10479
10513
10530
10536
10538
10540
10544
10545
10546
10547
10555
10560
10563
10564
10566
10582
10586
10590
10597
10602
10605
10607
10617
10621
10623
10632
10635
10636
10661
10670
10673
10688
10698
10706
10728
10732
10745
10759
10776
10777
10782
10793
10795
10810
10835
10839
10844
10857
10865
10866
10875
10884
10887
10903
10928
10934
10936
10940
10949
10952
10954
10956
10957
10976
10982
10983
11009
11011
11014
11015
11017
11021
11025
11026
11027
11031
11032
11034
11036
11042
11046
11048
11051
11054
11055
11056
11058
11063
11067
11070
11071
11072
11075
11079
11082
11096
11097
11101
11103
11108
11110
11115
11116
11117
11119
11123
11128
11130
11136
11141
11142
11144
11145
11150
11152
11154
11155
11159
11163
11169
11171
11175
11182
11185
11187
11192
11193
11196
11197
11201
11205
11208
11210
11213
11214
11215
11218
11219
11221
11222
11226
11227
11231
11232
11233
11235
11236
11239
11240
11241
11245
11246
11249
11256
11260
11265
11275
11276
11278
11283
11287
11290
11297
11298
11299
11302
11307
11309
11311
11321
11337
11339
11345
11347
11349
11350
11351
11353
11354
11357
11358
11365
11367
11370
11372
11375
11378
11380
11382
11384
11387
11390
11398
11402
11403
11408
11410
11411
11412
11416
11417
11433
11434
11435
11437
11439
11442
11444
11446
11449
11450
11458
11459
11460
11463
11464
11465
11466
11472
11475
11476
11478
11482
11483
11487
11488
11496
11497
11498
11502
11506
11511
11515
11523
11525
11529
11536
11539
11543
11548
11563
11580
11592
11593
11596
11613
11619
11622
11625
11628
11635
11641
11658
11674
11688
11697
11710
11712
11724
11728
11732
11737
11747
11752
11769
11787
11790
11792
11799
11801
11805
11809
11810
11813
11814
11825
11830
11843
11845
11848
11856
11872
11876
11877
11879
11881
11886
11887
11888
11898
11913
11922
11925
11939
11941
11945
11949
11964
11965
11978
12004
12016
12021
12029
12033
12036
12038
12039
12040
12041
12042
12049
12051
12068
12073
12084
12085
12089
12097
12098
12104
12108
12109
12111
12119
12123
12143
12147
12153
12154
12159
12167
12170
12173
12175
12182
12183
12197
12210
12215
12217
12218
12224
12228
12233
12236
12245
12255
12273
12280
12286
12290
12297
12301
12311
12312
12314
12318
12323
12335
12341
12345
12351
12359
12365
12372
12373
12385
12390
12391
12394
12396
12398
12417
12423
12428
12433
12434
12437
12438
12447
12465
12473
12475
12480
12484
12486
12492
12496
12500
12503
12505
12506
12507
12508
12509
12510
12512
12514
12524
12528
12531
12533
12535
12543
12544
12545
12546
12547
12548
12549
12552
12554
12556
12557
12558
12559
12560
12563
12566
12567
12568
12569
12572
12573
12574
12575
12578
12580
12581
12582
12584
12585
12592
12593
12598
12599
12600
12601
12602
12604
12607
12608
12612
12613
12614
12617
12624
12625
12626
12629
12633
12638
12642
12648
12649
12656
12657
12658
12659
12660
12664
12666
12668
12671
12672
12675
12677
12678
12685
12690
12692
12695
12696
12700
12701
12704
12705
12708
12711
12712
12714
12717
12720
12721
12724
12725
12728
12729
12735
12738
12740
12741
12744
12745
12747
12748
12753
12755
12756
12757
12759
12760
12762
12765
12766
12767
12770
12780
12781
12782
12789
12792
12797
12798
12801
12802
12804
12811
12812
12828
12831
12832
12833
12835
12836
12839
12840
12842
12845
12846
12848
12849
12858
12860
12861
12864
12865
12866
12868
12869
12871
12872
12873
12874
12875
12880
12881
12886
12887
12896
12903
12907
12908
12910
12911
12912
12913
12916
12920
12926
12931
12933
12935
12937
12940
12944
12946
12948
12949
12953
12957
12963
12964
12967
12971
12974
12977
12979
12981
12985
12987
12988
12994
12996
12999
13001
13007
13008
13010
13012
13013
13020
13021
13027
13030
13043
13046
13048
13049
13055
13056
13057
13060
13063
13065
13067
13070
13085
13088
13089
13090
13091
13092
13105
13106
13108
13109
13112
13115
13118
13121
13122
13124
13126
13129
13142
13143
13145
13147
13148
13149
13150
13152
13154
13158
13159
13160
13161
13163
13166
13170
13172
13175
13180
13181
13182
13184
13185
13186
13188
13191
13196
13198
13199
13202
13207
13208
13210
13214
13216
13219
13226
13227
13228
13232
13233
13235
13236
13237
13239
13241
13242
13244
13245
13246
13250
13251
13252
13254
13255
13258
13259
13264
13269
13271
13273
13277
13279
13280
13281
13290
13291
13293
13294
13300
13301
13302
13303
13308
13309
13311
13315
13321
13325
13327
13329
13332
13340
13342
13343
13344
13345
13346
13347
13348
13349
13351
13355
13356
13358
13359
13362
13365
13368
13369
13370
13372
13374
13378
13382
13383
13384
13387
13391
13394
13403
13406
13408
13411
13413
13417
13421
13422
13426
13429
13430
13434
13437
13441
13443
13444
13445
13449
13451
13455
13456
13457
13465
13467
13470
13472
13475
13479
13481
13482
13486
13487
13491
13497
13499
13500
13501
13503
13510
13511
13512
13513
13514
13516
13517
13519
13520
13522
13526
13527
13531
13532
13533
13535
13536
13537
13538
13547
13556
13558
13560
13562
13563
13566
13568
13569
13570
13571
13573
13575
13576
13578
13580
13582
13586
13587
13589
13590
13594
13595
13596
13599
13600
13601
13604
13605
13607
13611
13613
13615
13619
13620
13623
13634
13636
13639
13641
13642
13643
13644
13646
13648
13649
13651
13652
13653
13654
13657
13661
13667
13668
13669
13671
13674
13675
13679
13680
13686
13687
13689
13690
13698
13699
13704
13705
13708
13709
13714
13718
13719
13721
13722
13723
13724
13725
13726
13729
13732
13734
13746
13747
13749
13750
13751
13752
13755
13756
13757
13759
13760
13761
13762
13765
13767
13768
13769
13771
13772
13778
13779
13782
13784
13787
13788
13789
13790
13795
13796
13799
13801
13804
13806
13807
13808
13810
13811
13812
13815
13816
13817
13819
13820
13824
13825
13826
13827
13829
13830
13831
13832
13834
13835
13837
13839
13840
13841
13844
13845
13846
13847
13848
13849
13853
13855
13856
13857
13861
13865
13867
13868
13869
13871
13872
13874
13875
13879
13880
13882
13884
13885
13888
13890
13891
13892
13897
13899
13904
13905
13909
13910
13912
13913
13914
13916
13919
13922
13925
13927
13929
13930
13933
13934
13936
13942
13945
13946
13947
13949
13952
13954
13956
13957
13961
13964
13966
13969
13973
13975
13977
13979
13984
13985
13987
13988
13990
13991
13998
14001
14007
14019
14023
14028
14034
14040
14051
14055
14078
14081
14086
14089
14095
14115
14128
14148
14158
14161
14164
14182
14191
14194
14195
14198
14199
14200
14210
14216
14220
14225
14226
14228
14246
14251
14267
14269
14276
14278
14283
14289
14294
14295
14298
14301
14302
14306
14307
14310
14315
14319
14320
14323
14324
14327
14328
14334
14335
14377
14378
14393
14399
14414
14423
14429
14434
14437
14445
14456
14481
14496
14500
14503
14504
14507
14510
14511
14512
14513
14515
14517
14518
14519
14521
14524
14526
14530
14532
14534
14541
14543
14545
14547
14549
14550
14551
14554
14556
14558
14559
14564
14565
14567
14568
14570
14571
14574
14580
14581
14582
14583
14584
14585
14586
14587
14588
14590
14592
14594
14597
14601
14605
14606
14608
14609
14610
14614
14618
14619
14620
14621
14623
14626
14627
14632
14635
14636
14641
14643
14644
14645
14646
14650
14656
14657
14658
14662
14665
14666
14668
14669
14672
14676
14677
14679
14687
14690
14691
14693
14694
14695
14697
14698
14699
14700
14701
14705
14706
14707
14711
14712
14716
14718
14720
14723
14724
14727
14730
14731
14735
14742
14744
14745
14746
14751
14755
14756
14757
14759
14761
14767
14768
14771
14772
14775
14776
14777
14778
14779
14781
14782
14785
14787
14789
14790
14792
14794
14796
14797
14798
14803
14808
14809
14810
14812
14813
14817
14818
14819
14828
14831
14841
14844
14845
14853
14856
14868
14869
14871
14873
14874
14876
14877
14879
14882
14883
14884
14885
14886
14887
14888
14889
14892
14896
14898
14899
14902
14903
14904
14905
14906
14909
14912
14913
14916
14920
14921
14926
14931
14933
14937
14938
14940
14942
14943
14944
14948
14949
14952
14953
14955
14957
14960
14962
14967
14968
14969
14972
14974
14976
14982
14985
14987
14989
14991
14992
14993
14994
14995
14997
14998
15004
15011
15017
15018
15022
15023
15030
15037
15038
15042
15057
15085
15097
15104
15106
15107
15111
15120
15133
15142
15145
15148
15150
15153
15155
15160
15172
15176
15178
15179
15183
15192
15199
15205
15206
15209
15212
15217
15225
15226
15227
15233
15237
15243
15246
15248
15251
15252
15258
15261
15262
15263
15268
15272
15273
15274
15277
15279
15285
15286
15289
15290
15299
15300
15306
15319
15329
15331
15332
15335
15338
15342
15352
15354
15357
15366
15377
15385
15386
15387
15394
15395
15396
15399
15402
15410
15414
15418
15420
15427
15432
15435
15437
15443
15444
15448
15451
15452
15454
15462
15464
15465
15467
15468
15473
15478
15499
15503
15504
15509
15510
15519
15523
15527
15529
15530
15535
15537
15541
15543
15545
15548
15552
15553
15561
15562
15566
15568
15570
15571
15580
15585
15587
15591
15592
15595
15597
15598
15601
15604
15605
15612
15613
15615
15616
15619
15626
15628
15634
15640
15641
15642
15644
15648
15650
15652
15653
15656
15657
15658
15665
15670
15672
15674
15678
15680
15684
15690
15697
15698
15700
15701
15706
15712
15715
15720
15727
15729
15731
15732
15738
15739
15750
15756
15765
15767
15768
15771
15772
15775
15780
15782
15783
15785
15791
15794
15813
15820
15823
15826
15828
15831
15834
15836
15838
15839
15842
15846
15847
15856
15859
15860
15863
15865
15867
15881
15885
15889
15897
15901
15904
15905
15908
15912
15915
15917
15918
15923
15927
15929
15930
15932
15941
15950
15954
15955
15962
15969
15970
15971
15979
15981
15991
15992
15994
15997
16000
16001
16005
16006
16007
16008
16014
16015
16019
16024
16026
16028
16032
16034
16035
16042
16045
16048
16049
16050
16051
16054
16055
16056
16057
16058
16060
16061
16065
16066
16067
16069
16078
16084
16085
16086
16088
16090
16092
16100
16102
16103
16104
16105
16107
16108
16111
16112
16113
16116
16117
16121
16124
16129
16131
16134
16136
16137
16138
16142
16144
16145
16150
16154
16155
16160
16162
16163
16165
16167
16168
16170
16172
16173
16174
16175
16176
16177
16180
16182
16185
16189
16191
16192
16201
16203
16204
16205
16206
16211
16212
16213
16221
16223
16224
16225
16226
16229
16230
16232
16233
16234
16236
16237
16238
16239
16241
16242
16246
16248
16252
16253
16256
16262
16265
16267
16268
16269
16270
16271
16273
16274
16277
16278
16279
16281
16284
16291
16292
16294
16297
16299
16300
16304
16305
16306
16307
16308
16310
16311
16313
16317
16319
16320
16321
16327
16328
16332
16335
16336
16339
16340
16342
16343
16345
16346
16347
16348
16349
16350
16351
16354
16355
16356
16357
16362
16363
16364
16365
16366
16368
16370
16375
16376
16378
16380
16381
16384
16385
16386
16388
16389
16390
16393
16396
16398
16401
16403
16409
16410
16411
16413
16417
16422
16423
16424
16426
16427
16428
16431
16433
16434
16438
16440
16441
16442
16443
16446
16448
16450
16451
16453
16455
16456
16459
16460
16461
16462
16463
16466
16473
16479
16480
16481
16485
16486
16487
16493
16494
16497
16498
16502
16507
16508
16512
16513
16514
16516
16519
16520
16521
16525
16529
16531
16535
16537
16539
16541
16544
16548
16549
16550
16559
16560
16562
16565
16569
16573
16577
16578
16581
16593
16597
16609
16615
16617
16619
16623
16632
16643
16644
16645
16648
16651
16653
16655
16659
16663
16665
16671
16672
16675
16677
16679
16688
16692
16694
16696
16697
16698
16706
16710
16711
16712
16714
16715
16717
16730
16733
16734
16738
16740
16742
16745
16747
16750
16754
16757
16759
16772
16775
16776
16778
16781
16783
16785
16787
16790
16794
16796
16801
16804
16807
16808
16812
16813
16817
16827
16829
16831
16832
16834
16843
16845
16847
16850
16852
16854
16857
16862
16863
16865
16868
16869
16871
16873
16874
16885
16901
16902
16903
16910
16915
16922
16923
16924
16926
16927
16933
16938
16939
16943
16945
16951
16953
16954
16961
16969
16971
16974
16978
16979
16995
16999
17002
17008
17009
17012
17014
17017
17021
17027
17029
17031
17034
17039
17041
17047
17049
17051
17057
17061
17082
17083
17085
17088
17093
17101
17103
17106
17108
17112
17120
17123
17127
17133
17135
17139
17146
17154
17159
17162
17163
17169
17172
17179
17183
17187
17188
17193
17194
17196
17201
17204
17206
17211
17220
17233
17238
17239
17242
17244
17245
17248
17251
17252
17254
17255
17258
17264
17268
17270
17272
17274
17277
17278
17280
17283
17284
17290
17300
17301
17302
17304
17307
17310
17312
17322
17329
17333
17334
17335
17344
17348
17349
17350
17351
17356
17357
17360
17362
17368
17369
17371
17374
17375
17377
17381
17383
17384
17389
17391
17396
17397
17398
17400
17407
17412
17413
17420
17424
17436
17440
17441
17443
17445
17460
17462
17464
17465
17466
17468
17469
17474
17475
17478
17480
17482
17490
17496
17497
17498
17500
17502
17503
17505
17507
17510
17511
17512
17515
17517
17518
17521
17523
17524
17527
17528
17530
17531
17532
17533
17538
17539
17540
17541
17542
17545
17546
17548
17550
17551
17552
17553
17554
17555
17557
17560
17561
17562
17563
17564
17565
17566
17569
17571
17572
17573
17574
17576
17577
17579
17581
17582
17583
17584
17586
17587
17588
17589
17591
17594
17595
17597
17598
17599
17601
17602
17603
17605
17606
17607
17608
17609
17611
17612
17613
17614
17616
17617
17618
17619
17621
17622
17623
17625
17626
17627
17628
17629
17630
17631
17633
17634
17635
17636
17641
17642
17643
17644
17645
17648
17650
17654
17656
17657
17658
17661
17663
17665
17666
17667
17670
17673
17676
17677
17678
17683
17684
17685
17686
17687
17690
17691
17694
17695
17696
17699
17700
17701
17704
17705
17707
17708
17709
17710
17711
17713
17714
17716
17719
17721
17725
17726
17727
17729
17731
17732
17736
17740
17741
17742
17743
17744
17745
17746
17747
17748
17749
17750
17751
17752
17755
17756
17758
17759
17760
17761
17763
17765
17768
17769
17770
17771
17772
17775
17776
17777
17779
17780
17781
17783
17785
17786
17788
17789
17791
17793
17794
17796
17797
17798
17799
17801
17802
17803
17804
17805
17806
17807
17808
17810
17812
17814
17815
17817
17819
17820
17821
17822
17824
17825
17826
17828
17829
17830
17831
17833
17835
17838
17839
17840
17841
17842
17843
17845
17846
17848
17849
17850
17851
17852
17853
17854
17858
17860
17861
17862
17863
17864
17865
17868
17870
17872
17874
17876
17878
17879
17881
17883
17884
17887
17888
17889
17891
17892
17893
17897
17898
17899
17901
17902
17903
17904
17906
17908
17910
17912
17914
17917
17920
17921
17922
17923
17925
17927
17928
17931
17932
17933
17934
17939
17940
17941
17942
17943
17944
17945
17948
17949
17950
17951
17952
17953
17954
17956
17958
17960
17961
17962
17963
17964
17965
17966
17969
17971
17973
17974
17975
17976
17977
17978
17979
17980
17983
17984
17985
17986
17987
17989
17990
17991
17993
17994
17995
17998
17999
18000
18001
18020
18035
18039
18040
18046
18049
18051
18052
18060
18068
18091
18092
18105
18107
18116
18123
18125
18134
18166
18169
18170
18173
18176
18180
18181
18192
18194
18198
18206
18212
18221
18222
18225
18228
18239
18240
18242
18248
18249
18283
18294
18317
18324
18336
18360
18363
18364
18381
18382
18386
18388
18389
18400
18417
18421
18428
18429
18430
18442
18448
18449
18458
18478
18480
18501
18506
18507
18516
18528
18529
18531
18536
18545
18553
18558
18567
18568
18574
18580
18586
18596
18602
18605
18608
18613
18614
18624
18630
18644
18649
18652
18654
18662
18669
18681
18685
18687
18688
18690
18715
18725
18731
18738
18743
18749
18752
18758
18759
18763
18767
18772
18782
18790
18801
18810
18814
18818
18822
18830
18835
18842
18848
18854
18856
18876
18883
18898
18912
18913
18917
18920
18923
18932
18934
18936
18940
18951
18955
18960
18962
18964
18968
18974
18980
18981
18984
19000
19001
19003
19005
19008
19009
19010
19011
19012
19013
19014
19016
19021
19024
19026
19029
19030
19031
19034
19035
19038
19039
19040
19042
19044
19048
19049
19052
19057
19058
19059
19062
19066
19068
19069
19070
19073
19075
19076
19078
19080
19085
19086
19088
19089
19090
19092
19093
19094
19095
19096
19098
19099
19100
19103
19106
19107
19110
19111
19115
19116
19118
19119
19120
19121
19122
19124
19125
19126
19127
19128
19129
19130
19131
19135
19136
19137
19138
19141
19143
19144
19145
19149
19153
19156
19158
19165
19168
19169
19171
19173
19177
19178
19182
19186
19187
19190
19193
19195
19196
19197
19199
19200
19207
19208
19209
19210
19211
19213
19214
19215
19216
19217
19218
19219
19220
19221
19234
19236
19237
19241
19242
19243
19244
19249
19250
19251
19252
19255
19256
19257
19259
19260
19261
19262
19263
19264
19266
19268
19270
19272
19274
19276
19278
19281
19284
19285
19290
19291
19292
19295
19296
19297
19298
19300
19302
19303
19305
19311
19312
19313
19315
19316
19318
19319
19320
19322
19324
19325
19326
19327
19330
19331
19336
19337
19339
19342
19343
19344
19345
19350
19351
19354
19355
19356
19358
19360
19362
19364
19365
19372
19375
19378
19381
19383
19386
19387
19388
19390
19391
19398
19400
19401
19409
19410
19411
19412
19413
19415
19417
19420
19421
19423
19425
19426
19427
19428
19429
19430
19432
19433
19434
19435
19437
19438
19440
19442
19443
19444
19445
19447
19448
19449
19450
19455
19461
19464
19466
19467
19468
19470
19472
19473
19475
19476
19477
19479
19481
19482
19483
19487
19488
19489
19490
19491
19492
19495
19497
19498
19521
19522
19532
19546
19566
19581
19590
19602
19607
19612
19626
19630
19632
19659
19662
19673
19675
19682
19693
19719
19726
19730
19739
19742
19743
19748
19755
19761
19782
19783
19793
19794
19796
19808
19830
19839
19865
19867
19879
19883
19900
19903
19904
19910
19911
19928
19933
19941
19943
19948
19961
20001
20002
20005
20006
20007
20009
20010
20011
20013
20014
20016
20017
20018
20025
20026
20028
20029
20031
20033
20036
20037
20039
20040
20041
20043
20046
20050
20052
20055
20057
20058
20060
20061
20062
20063
20066
20069
20071
20073
20075
20077
20079
20080
20081
20083
20084
20085
20086
20087
20089
20090
20091
20094
20095
20096
20097
20098
20100
20104
20107
20110
20112
20113
20114
20116
20122
20124
20125
20126
20127
20128
20132
20135
20139
20140
20141
20144
20145
20147
20150
20153
20154
20155
20156
20157
20158
20161
20165
20166
20167
20170
20172
20173
20174
20176
20177
20179
20181
20183
20184
20188
20191
20192
20194
20195
20196
20197
20200
20204
20205
20206
20207
20209
20212
20214
20215
20218
20221
20224
20226
20227
20228
20230
20231
20233
20238
20240
20242
20244
20245
20246
20247
20248
20253
20254
20259
20260
20261
20264
20266
20267
20268
20270
20272
20273
20275
20277
20278
20279
20280
20282
20283
20286
20288
20289
20290
20292
20295
20297
20299
20302
20303
20305
20307
20308
20309
20310
20311
20312
20316
20317
20318
20319
20320
20323
20327
20328
20330
20331
20332
20333
20334
20335
20337
20339
20341
20342
20344
20346
20347
20352
20353
20354
20356
20357
20359
20364
20365
20367
20368
20371
20373
20376
20377
20379
20380
20386
20390
20391
20393
20396
20397
20399
20401
20402
20403
20404
20405
20407
20409
20411
20417
20418
20419
20422
20423
20425
20427
20430
20431
20433
20436
20438
20441
20442
20443
20444
20446
20452
20454
20455
20456
20457
20458
20460
20465
20466
20467
20471
20472
20473
20475
20476
20477
20479
20480
20482
20485
20487
20488
20491
20494
20495
20496
20498
20501
20504
20511
20513
20516
20517
20520
20524
20527
20528
20535
20540
20545
20549
20553
20556
20562
20582
20588
20594
20599
20605
20608
20610
20619
20620
20625
20626
20630
20631
20642
20661
20662
20672
20678
20680
20684
20687
20695
20696
20701
20710
20723
20727
20733
20761
20767
20768
20777
20794
20801
20810
20814
20817
20819
20825
20828
20832
20843
20845
20846
20849
20850
20863
20865
20866
20871
20877
20878
20879
20884
20887
20895
20896
20906
20909
20912
20914
20915
20919
20924
20929
20930
20943
20948
20958
20962
20973
20976
20977
20985
20986
20987
21002
21023
21026
21044
21048
21051
21052
21053
21054
21056
21072
21076
21083
21084
21087
21094
21111
21115
21126
21128
21141
21148
21161
21164
21166
21167
21173
21174
21175
21180
21195
21197
21198
21201
21204
21215
21218
21220
21221
21222
21223
21233
21245
21247
21251
21253
21259
21261
21279
21281
21288
21303
21305
21307
21308
21312
21318
21329
21346
21349
21352
21357
21365
21367
21368
21369
21370
21382
21384
21397
21400
21406
21427
21429
21430
21439
21440
21441
21446
21451
21459
21462
21463
21469
21472
21487
21490
21508
21514
21515
21520
21524
21528
21529
21538
21539
21541
21542
21543
21545
21551
21553
21558
21560
21561
21565
21572
21588
21591
21594
21596
21599
21600
21603
21616
21618
21621
21633
21638
21639
21642
21643
21644
21646
21648
21652
21655
21657
21658
21668
21671
21674
21681
21685
21686
21689
21692
21694
21703
21706
21709
21712
21716
21717
21720
21722
21724
21726
21733
21734
21736
21738
21739
21740
21746
21747
21749
21751
21752
21754
21762
21763
21764
21765
21780
21783
21784
21790
21794
21797
21800
21801
21808
21809
21810
21815
21817
21823
21829
21830
21831
21840
21841
21845
21850
21851
21855
21857
21871
21874
21887
21891
21893
21894
21901
21903
21906
21908
21910
21912
21913
21918
21921
21924
21929
21936
21937
21940
21947
21955
21957
21962
21969
21971
21972
21974
21975
21992
21993
21994
22001
22005
22006
22007
22009
22010
22011
22014
22018
22021
22022
22023
22024
22030
22031
22032
22034
22035
22037
22039
22040
22041
22044
22046
22049
22052
22053
22054
22055
22056
22057
22058
22061
22062
22063
22065
22068
22069
22070
22072
22074
22077
22079
22080
22081
22082
22084
22086
22088
22089
22090
22092
22093
22096
22097
22099
22100
22103
22105
22107
22109
22110
22114
22115
22117
22118
22125
22126
22129
22131
22132
22134
22135
22138
22139
22140
22141
22143
22146
22147
22148
22150
22151
22152
22154
22157
22159
22161
22162
22166
22169
22171
22173
22174
22175
22176
22177
22181
22182
22184
22185
22186
22187
22189
22190
22194
22195
22196
22197
22202
22203
22205
22206
22208
22210
22211
22212
22213
22215
22217
22218
22222
22224
22227
22231
22234
22236
22238
22239
22240
22241
22242
22244
22245
22246
22248
22250
22251
22253
22257
22258
22260
22262
22264
22268
22270
22274
22278
22279
22280
22281
22284
22286
22289
22291
22293
22294
22295
22297
22300
22301
22302
22303
22304
22306
22307
22308
22315
22316
22321
22322
22325
22327
22328
22329
22330
22331
22336
22337
22338
22339
22343
22344
22345
22346
22347
22350
22351
22352
22354
22355
22356
22357
22359
22360
22361
22362
22364
22365
22366
22368
22370
22371
22374
22376
22377
22378
22381
22383
22384
22385
22387
22388
22390
22391
22392
22393
22394
22395
22397
22399
22400
22401
22402
22403
22406
22407
22408
22410
22412
22414
22415
22416
22420
22422
22428
22430
22431
22432
22433
22435
22437
22445
22446
22448
22449
22450
22454
22458
22460
22461
22463
22465
22466
22468
22469
22472
22473
22477
22478
22479
22480
22481
22482
22483
22484
22485
22487
22488
22489
22494
22495
22496
22498
22499
22500
22501
22502
22503
22504
22506
22507
22509
22510
22512
22513
22514
22515
22516
22517
22521
22523
22524
22525
22526
22528
22530
22531
22532
22534
22535
22536
22538
22539
22540
22542
22543
22546
22547
22549
22551
22552
22553
22554
22555
22558
22559
22560
22562
22563
22564
22565
22567
22571
22572
22573
22574
22575
22576
22579
22581
22582
22583
22584
22586
22587
22590
22591
22592
22593
22594
22595
22596
22597
22598
22599
22600
22601
22602
22605
22606
22609
22611
22612
22614
22617
22618
22619
22620
22621
22622
22623
22624
22625
22627
22628
22629
22630
22631
22632
22635
22636
22637
22638
22639
22640
22642
22645
22646
22647
22651
22654
22655
22656
22658
22659
22666
22667
22669
22671
22672
22675
22677
22680
22684
22685
22688
22689
22690
22692
22694
22695
22696
22697
22698
22699
22700
22703
22704
22706
22707
22709
22710
22712
22713
22715
22718
22719
22720
22721
22722
22725
22726
22730
22731
22732
22734
22735
22736
22737
22738
22739
22741
22742
22743
22746
22747
22748
22749
22750
22751
22752
22753
22754
22757
22759
22760
22761
22762
22764
22765
22767
22770
22771
22772
22773
22774
22775
22776
22777
22778
22779
22780
22781
22782
22784
22785
22786
22788
22790
22791
22792
22793
22794
22796
22798
22800
22801
22802
22804
22805
22806
22808
22809
22811
22812
22814
22815
22816
22818
22819
22820
22822
22823
22824
22825
22826
22827
22828
22830
22831
22832
22835
22836
22837
22838
22842
22843
22845
22846
22847
22848
22849
22850
22851
22852
22853
22854
22856
22857
22858
22859
22860
22861
22863
22864
22865
22867
22868
22869
22870
22871
22872
22873
22874
22876
22878
22879
22880
22882
22883
22884
22885
22886
22888
22889
22890
22891
22892
22893
22896
22897
22899
22900
22901
22903
22904
22905
22910
22911
22912
22913
22914
22915
22916
22917
22920
22921
22922
22923
22924
22926
22927
22928
22929
22930
22931
22935
22937
22938
22939
22940
22941
22942
22944
22945
22946
22947
22948
22949
22950
22951
22952
22953
22954
22955
22956
22958
22959
22962
22963
22964
22965
22966
22968
22970
22971
22972
22973
22974
22975
22977
22978
22981
22984
22986
22987
22988
22992
22993
22994
22995
22997
22998
23004
23006
23008
23012
23017
23019
23023
23029
23031
23044
23046
23048
23051
23052
23057
23058
23063
23067
23069
23070
23072
23080
23088
23093
23094
23095
23098
23099
23100
23105
23107
23108
23109
23111
23113
23114
23122
23125
23127
23129
23132
23134
23137
23141
23144
23148
23149
23150
23155
23158
23161
23162
23163
23164
23165
23166
23167
23168
23172
23178
23180
23181
23186
23187
23196
23199
23204
23207
23213
23215
23219
23221
23225
23226
23229
23234
23235
23236
23237
23239
23241
23245
23253
23255
23259
23277
23278
23284
23285
23287
23288
23290
23291
23293
23296
23297
23298
23300
23304
23307
23319
23320
23321
23324
23328
23335
23338
23339
23341
23344
23346
23348
23356
23358
23372
23377
23378
23379
23389
23395
23397
23399
23400
23402
23403
23407
23408
23409
23415
23416
23418
23419
23421
23425
23427
23428
23432
23439
23440
23449
23451
23456
23457
23460
23473
23474
23476
23482
23485
23488
23493
23494
23496
23498
23501
23506
23509
23522
23523
23524
23528
23530
23532
23537
23542
23543
23544
23548
23556
23560
23562
23564
23565
23572
23576
23597
23599
23601
23604
23621
23622
23626
23642
23645
23651
23656
23670
23674
23683
23702
23709
23710
23715
23720
23727
23730
23732
23755
23759
23766
23771
23780
23781
23785
23788
23793
23801
23804
23808
23816
23821
23822
23831
23839
23841
23842
23853
23866
23878
23880
23893
23900
23906
23916
23932
23941
23943
23944
23950
23959
23973
23978
23993
23994
24009
24021
24022
24025
24030
24037
24049
24051
24066
24080
24081
24082
24096
24106
24108
24132
24134
24135
24147
24156
24165
24168
24171
24176
24193
24210
24214
24217
24244
24250
24252
24279
24290
24293
24305
24317
24320
24325
24341
24344
24354
24369
24378
24387
24401
24411
24418
24424
24427
24429
24435
24437
24438
24452
24478
24492
24497
24498
24506
24508
24528
24534
24552
24571
24586
24587
24600
24618
24623
24626
24642
24647
24657
24667
24676
24677
24682
24701
24712
24738
24746
24755
24758
24772
24788
24793
24801
24812
24829
24831
24834
24841
24852
24862
24867
24868
24871
24893
24900
24911
24921
24927
24939
24943
24946
24954
24955
24991
24995
25000
25002
25003
25004
25005
25007
25008
25009
25011
25012
25013
25015
25016
25017
25019
25020
25023
25024
25025
25026
25027
25028
25029
25030
25031
25032
25033
25034
25035
25036
25037
25038
25040
25041
25044
25045
25046
25049
25050
25051
25053
25054
25056
25057
25058
25059
25062
25063
25065
25066
25067
25070
25071
25073
25074
25076
25078
25079
25080
25082
25083
25084
25085
25086
25087
25088
25090
25091
25092
25093
25095
25098
25099
25101
25103
25105
25108
25110
25111
25112
25113
25119
25120
25121
25123
25124
25126
25127
25130
25133
25135
25139
25140
25141
25142
25144
25145
25146
25147
25148
25149
25150
25152
25153
25154
25155
25156
25157
25159
25160
25165
25166
25167
25168
25169
25170
25171
25172
25173
25174
25176
25178
25179
25180
25181
25182
25185
25186
25188
25189
25190
25191
25192
25193
25194
25196
25197
25199
25200
25201
25202
25203
25204
25206
25208
25210
25212
25214
25218
25219
25220
25221
25223
25226
25228
25229
25230
25235
25237
25238
25240
25241
25242
25243
25244
25245
25246
25247
25248
25250
25252
25253
25254
25256
25257
25258
25261
25262
25264
25269
25270
25271
25273
25275
25276
25278
25279
25281
25282
25284
25285
25288
25291
25292
25293
25295
25296
25297
25298
25302
25303
25305
25306
25308
25309
25310
25311
25312
25316
25317
25318
25319
25320
25322
25323
25324
25327
25328
25329
25330
25332
25333
25337
25339
25340
25341
25342
25343
25345
25347
25350
25351
25353
25354
25355
25357
25358
25359
25360
25361
25362
25363
25365
25366
25369
25372
25373
25375
25376
25379
25381
25384
25386
25387
25388
25389
25392
25393
25395
25398
25399
25400
25401
25403
25406
25409
25411
25415
25416
25417
25418
25420
25421
25422
25423
25424
25425
25427
25429
25431
25432
25433
25435
25436
25440
25441
25442
25444
25446
25447
25448
25449
25450
25451
25453
25455
25456
25457
25458
25459
25461
25463
25464
25465
25467
25468
25471
25472
25474
25475
25478
25479
25480
25482
25483
25484
25485
25486
25487
25488
25489
25490
25491
25492
25493
25494
25495
25504
25508
25509
25510
25513
25515
25522
25525
25530
25534
25536
25537
25542
25543
25547
25548
25549
25557
25562
25566
25568
25569
25580
25583
25589
25594
25595
25598
25603
25604
25605
25609
25612
25619
25620
25623
25624
25627
25630
25633
25636
25638
25639
25640
25641
25643
25648
25652
25656
25660
25664
25667
25676
25677
25681
25693
25695
25697
25701
25708
25712
25716
25717
25727
25728
25730
25736
25737
25739
25741
25743
25751
25752
25754
25755
25757
25759
25762
25763
25768
25772
25775
25777
25784
25785
25791
25798
25799
25801
25803
25804
25805
25806
25813
25816
25821
25823
25824
25825
25827
25838
25840
25842
25844
25854
25867
25872
25873
25875
25882
25885
25886
25889
25895
25898
25900
25906
25908
25911
25917
25920
25921
25922
25926
25927
25930
25933
25935
25937
25942
25949
25952
25960
25966
25968
25971
25973
25976
25981
25982
25986
25993
25995
25997
25998
25999
26032
26048
26061
26105
26216
26220
26261
26270
26287
26325
26335
26387
26434
26447
26513
26520
26525
26531
26533
26534
26541
26542
26547
26550
26552
26555
26558
26561
26565
26569
26572
26581
26582
26583
26585
26588
26593
26594
26597
26599
26601
26604
26608
26611
26619
26621
26626
26628
26634
26635
26640
26645
26646
26650
26653
26655
26662
26664
26667
26668
26673
26685
26688
26689
26692
26698
26706
26707
26718
26720
26721
26730
26732
26734
26737
26739
26740
26743
26747
26755
26762
26767
26768
26770
26772
26775
26780
26781
26783
26784
26788
26789
26801
26810
26813
26817
26818
26825
26830
26843
26847
26849
26851
26854
26870
26875
26877
26884
26887
26889
26890
26891
26893
26894
26896
26910
26918
26920
26922
26923
26932
26933
26934
26935
26946
26962
26982
26987
26995
26997
27003
27007
27011
27027
27041
27048
27060
27065
27070
27071
27074
27079
27080
27083
27089
27092
27097
27098
27099
27112
27117
27124
27127
27133
27135
27145
27150
27153
27166
27167
27173
27184
27188
27196
27198
27204
27206
27212
27221
27232
27236
27238
27241
27259
27284
27295
27299
27302
27303
27306
27308
27318
27319
27321
27322
27328
27330
27331
27333
27338
27340
27358
27359
27360
27363
27366
27368
27370
27371
27376
27383
27389
27393
27400
27410
27419
27421
27423
27433
27446
27449
27461
27470
27471
27487
27490
27494
27499
27500
27502
27504
27505
27506
27507
27508
27509
27510
27511
27512
27513
27514
27515
27517
27518
27519
27520
27522
27523
27524
27525
27526
27527
27528
27529
27530
27531
27532
27533
27534
27535
27536
27537
27538
27539
27540
27541
27542
27543
27544
27545
27547
27548
27549
27550
27551
27552
27553
27554
27555
27556
27557
27558
27559
27560
27561
27562
27563
27564
27565
27566
27567
27568
27569
27570
27571
27572
27573
27574
27575
27576
27577
27578
27579
27582
27583
27586
27587
27588
27589
27590
27591
27592
27593
27594
27595
27596
27597
27598
27599
27600
27601
27602
27603
27604
27605
27606
27607
27608
27609
27610
27611
27612
27613
27614
27615
27616
27617
27618
27619
27620
27621
27622
27623
27624
27625
27627
27629
27630
27632
27633
27634
27635
27637
27638
27639
27640
27641
27642
27643
27644
27645
27646
27648
27649
27650
27651
27652
27653
27654
27655
27656
27657
27658
27659
27661
27662
27663
27665
27666
27667
27668
27669
27670
27671
27672
27674
27675
27677
27678
27679
27680
27681
27682
27683
27684
27685
27686
27687
27688
27689
27690
27691
27692
27693
27694
27695
27696
27697
27698
27699
27700
27701
27702
27703
27704
27705
27706
27707
27708
27709
27710
27711
27712
27713
27714
27715
27716
27717
27718
27719
27720
27721
27722
27723
27724
27725
27726
27727
27728
27729
27731
27732
27733
27734
27736
27737
27738
27740
27741
27742
27743
27744
27745
27746
27747
27748
27749
27750
27751
27752
27753
27754
27755
27756
27757
27758
27759
27760
27761
27763
27764
27765
27766
27767
27768
27769
27771
27772
27773
27774
27775
27776
27777
27778
27779
27780
27781
27782
27783
27784
27786
27787
27788
27789
27790
27792
27793
27794
27795
27796
27798
27799
27800
27801
27802
27804
27805
27806
27807
27808
27809
27810
27811
27812
27813
27814
27815
27816
27817
27818
27819
27820
27824
27825
27826
27827
27828
27829
27830
27831
27832
27833
27834
27836
27837
27838
27839
27840
27841
27842
27843
27845
27846
27847
27849
27850
27851
27852
27853
27854
27855
27856
27857
27858
27859
27861
27863
27864
27866
27867
27868
27869
27871
27872
27873
27874
27875
27876
27877
27878
27879
27880
27881
27882
27883
27884
27885
27886
27887
27888
27889
27890
27891
27893
27894
27896
27897
27899
27900
27901
27902
27903
27904
27905
27906
27907
27908
27909
27910
27911
27912
27913
27914
27916
27917
27918
27919
27920
27921
27922
27924
27925
27926
27927
27928
27929
27930
27931
27932
27933
27934
27935
27936
27937
27938
27939
27940
27941
27942
27943
27944
27945
27946
27947
27950
27951
27952
27953
27954
27955
27956
27957
27958
27959
27960
27961
27962
27963
27964
27965
27966
27967
27968
27969
27971
27972
27973
27974
27975
27976
27977
27978
27979
27981
27982
27983
27984
27985
27986
27987
27988
27989
27990
27991
27992
27993
27994
27997
27998
27999
28000
28016
28021
28028
28035
28058
28059
28061
28068
28075
28083
28096
28098
28100
28103
28108
28109
28112
28114
28123
28126
28130
28137
28139
28140
28142
28152
28167
28183
28186
28212
28214
28219
28223
28224
28229
28233
28235
28246
28248
28250
28252
28254
28270
28276
28281
28287
28303
28307
28317
28322
28324
28332
28338
28354
28360
28370
28376
28377
28387
28389
28393
28394
28398
28400
28415
28419
28421
28422
28430
28436
28440
28442
28449
28456
28475
28490
28491
28494
28497
28501
28503
28509
28512
28516
28517
28522
28528
28529
28530
28531
28533
28535
28536
28537
28554
28558
28559
28561
28569
28604
28613
28622
28623
28624
28625
28634
28653
28658
28668
28672
28673
28679
28682
28684
28696
28697
28703
28709
28718
28719
28727
28731
28740
28744
28755
28756
28763
28764
28766
28771
28772
28775
28784
28788
28792
28793
28801
28812
28816
28818
28822
28829
28831
28837
28839
28852
28860
28862
28871
28872
28874
28877
28882
28888
28896
28897
28912
28923
28928
28932
28939
28949
28964
28971
28981
28983
28992
28995
28997
29000
29040
29053
29055
29059
29097
29136
29151
29154
29155
29159
29168
29173
29174
29188
29194
29210
29224
29247
29251
29270
29285
29287
29290
29297
29318
29335
29353
29367
29368
29380
29388
29399
29402
29404
29405
29413
29416
29424
29439
29440
29444
29445
29448
29456
29459
29480
29485
29491
29498
29501
29504
29508
29510
29512
29515
29517
29519
29520
29523
29525
29526
29528
29530
29531
29534
29535
29537
29538
29539
29543
29544
29548
29550
29551
29552
29553
29555
29556
29558
29560
29561
29562
29563
29568
29571
29576
29577
29578
29579
29580
29583
29585
29596
29597
29599
29600
29602
29603
29604
29605
29606
29607
29609
29612
29613
29614
29618
29619
29621
29625
29627
29628
29631
29633
29634
29636
29637
29638
29639
29640
29642
29643
29648
29650
29654
29655
29658
29659
29661
29662
29663
29665
29667
29671
29672
29673
29674
29675
29677
29679
29681
29682
29684
29685
29686
29689
29690
29691
29692
29694
29695
29698
29705
29710
29711
29713
29714
29715
29716
29718
29720
29722
29724
29725
29729
29730
29731
29732
29734
29737
29738
29740
29743
29745
29747
29751
29756
29759
29760
29763
29764
29766
29768
29771
29774
29776
29777
29779
29780
29781
29782
29788
29789
29791
29794
29797
29799
29802
29808
29809
29810
29811
29814
29815
29823
29824
29829
29830
29831
29832
29833
29834
29835
29837
29840
29843
29844
29847
29852
29853
29854
29856
29859
29863
29867
29869
29872
29873
29874
29876
29882
29884
29889
29890
29892
29893
29894
29895
29905
29906
29909
29910
29911
29913
29914
29916
29918
29919
29922
29923
29924
29925
29928
29929
29931
29932
29933
29934
29935
29940
29942
29945
29947
29948
29952
29953
29954
29956
29957
29958
29959
29960
29962
29965
29968
29969
29970
29974
29975
29978
29982
29986
29988
29989
29995
29996
30009
30011
30014
30015
30025
30028
30031
30034
30035
30040
30057
30060
30061
30063
30070
30071
30075
30085
30102
30105
30109
30114
30117
30123
30128
30129
30141
30143
30147
30153
30155
30159
30176
30179
30188
30189
30196
30205
30225
30238
30241
30242
30244
30253
30262
30267
30271
30297
30298
30308
30309
30312
30318
30337
30343
30352
30363
30370
30372
30379
30384
30391
30393
30399
30406
30424
30426
30434
30436
30439
30443
30452
30455
30466
30472
30479
30483
30487
30495
30497
30498
30506
30507
30512
30516
30519
30520
30524
30525
30526
30535
30539
30543
30555
30560
30565
30585
30593
30594
30597
30606
30626
30644
30647
30654
30661
30665
30671
30680
30681
30692
30705
30706
30715
30720
30730
30739
30747
30754
30769
30773
30780
30795
30800
30804
30809
30816
30817
30820
30825
30834
30836
30841
30843
30845
30853
30857
30868
30869
30876
30878
30884
30892
30896
30905
30908
30913
30914
30915
30917
30923
30928
30931
30944
30946
30951
30953
30954
30959
30964
30966
30968
30969
30974
30976
30994
31003
31005
31008
31011
31012
31014
31022
31025
31026
31029
31030
31031
31038
31041
31043
31046
31050
31051
31053
31058
31061
31063
31067
31069
31072
31073
31075
31077
31078
31080
31082
31084
31085
31089
31090
31091
31097
31098
31099
31106
31109
31115
31117
31119
31120
31123
31129
31131
31132
31135
31138
31143
31147
31151
31153
31156
31157
31164
31167
31170
31172
31174
31177
31179
31180
31182
31184
31186
31190
31193
31195
31198
31201
31202
31209
31210
31216
31217
31225
31228
31235
31236
31237
31238
31239
31242
31246
31247
31250
31251
31253
31256
31258
31259
31260
31267
31268
31273
31277
31281
31282
31283
31284
31286
31293
31298
31299
31304
31308
31311
31312
31313
31314
31315
31317
31320
31330
31336
31341
31345
31346
31349
31352
31353
31354
31355
31357
31358
31360
31362
31364
31367
31368
31370
31374
31375
31382
31385
31386
31388
31389
31393
31394
31395
31399
31403
31404
31408
31412
31417
31421
31422
31423
31426
31427
31429
31431
31432
31433
31437
31438
31439
31449
31453
31454
31461
31467
31470
31475
31478
31480
31482
31484
31489
31490
31493
31495
31497
31499
31503
31506
31510
31513
31515
31518
31520
31527
31529
31532
31536
31537
31544
31545
31546
31547
31551
31553
31558
31561
31564
31565
31573
31574
31578
31587
31588
31592
31596
31598
31602
31610
31612
31617
31625
31630
31638
31645
31647
31649
31651
31659
31662
31663
31667
31668
31670
31674
31681
31683
31684
31690
31691
31692
31694
31697
31699
31700
31703
31705
31707
31713
31719
31722
31724
31732
31735
31737
31741
31743
31746
31750
31761
31762
31763
31766
31767
31781
31784
31786
31787
31788
31791
31799
31804
31806
31808
31815
31817
31820
31822
31824
31826
31827
31829
31830
31832
31833
31834
31835
31836
31842
31852
31854
31859
31862
31863
31869
31871
31872
31874
31877
31878
31879
31881
31882
31885
31887
31888
31894
31895
31896
31898
31899
31903
31905
31914
31919
31920
31924
31925
31929
31932
31937
31940
31941
31963
31968
31973
31974
31975
31976
31979
31983
31984
31986
31988
31989
31991
31993
31996
31998
32004
32008
32009
32013
32014
32015
32016
32017
32021
32027
32032
32033
32035
32037
32038
32039
32044
32050
32056
32059
32061
32062
32063
32066
32067
32068
32072
32073
32074
32077
32080
32083
32086
32087
32091
32094
32098
32102
32103
32107
32116
32117
32118
32121
32123
32124
32126
32128
32133
32134
32135
32136
32140
32141
32146
32147
32152
32154
32158
32159
32160
32161
32162
32164
32167
32170
32173
32175
32179
32182
32183
32186
32189
32190
32192
32193
32196
32197
32199
32200
32201
32202
32203
32205
32206
32210
32211
32212
32213
32217
32220
32221
32222
32226
32230
32232
32235
32240
32242
32243
32245
32246
32247
32255
32257
32258
32262
32263
32264
32267
32272
32273
32274
32276
32277
32278
32281
32284
32285
32287
32292
32294
32295
32296
32297
32298
32301
32302
32304
32305
32306
32308
32310
32314
32317
32320
32321
32322
32323
32326
32327
32329
32330
32331
32334
32336
32337
32338
32340
32342
32345
32347
32356
32357
32358
32362
32369
32381
32383
32384
32385
32386
32392
32393
32397
32400
32401
32403
32405
32408
32409
32424
32425
32426
32427
32430
32431
32432
32435
32436
32437
32440
32442
32450
32451
32453
32454
32455
32457
32458
32459
32462
32463
32465
32467
32470
32472
32474
32475
32478
32479
32483
32486
32487
32488
32490
32494
32498
32499
32501
32502
32505
32506
32507
32508
32510
32512
32513
32514
32515
32517
32518
32519
32520
32521
32522
32523
32526
32527
32528
32529
32530
32532
32536
32537
32538
32539
32541
32544
32545
32546
32547
32548
32551
32552
32555
32556
32559
32560
32562
32563
32564
32565
32566
32567
32568
32569
32571
32573
32574
32575
32576
32577
32578
32579
32580
32582
32583
32584
32585
32586
32589
32590
32592
32593
32594
32595
32597
32598
32599
32600
32601
32602
32605
32606
32608
32609
32610
32611
32612
32613
32614
32615
32616
32617
32618
32619
32620
32623
32624
32625
32626
32627
32628
32629
32630
32631
32632
32633
32635
32637
32638
32639
32640
32641
32642
32644
32645
32646
32647
32648
32649
32651
32652
32654
32658
32662
32663
32665
32666
32668
32670
32671
32672
32673
32674
32675
32676
32678
32679
32681
32682
32683
32684
32685
32686
32687
32688
32689
32691
32692
32693
32694
32696
32697
32698
32699
32700
32701
32702
32703
32704
32705
32706
32708
32709
32710
32711
32712
32714
32715
32716
32717
32718
32719
32721
32722
32723
32724
32725
32726
32727
32728
32729
32730
32732
32733
32734
32735
32736
32737
32738
32739
32742
32743
32746
32747
32748
32749
32751
32752
32753
32754
32755
32756
32758
32760
32762
32763
32769
32771
32772
32773
32774
32775
32776
32777
32780
32781
32782
32783
32784
32785
32786
32787
32788
32791
32792
32793
32795
32796
32797
32798
32799
32800
32801
32802
32804
32805
32806
32807
32808
32809
32810
32811
32814
32817
32818
32819
32820
32821
32822
32823
32824
32830
32831
32832
32834
32837
32838
32839
32840
32842
32843
32844
32846
32847
32848
32849
32850
32851
32852
32854
32856
32860
32861
32863
32865
32867
32868
32869
32871
32872
32873
32875
32877
32878
32879
32881
32882
32884
32885
32886
32887
32888
32889
32890
32891
32892
32893
32894
32895
32896
32897
32899
32900
32902
32903
32904
32905
32907
32908
32909
32910
32911
32912
32913
32915
32917
32918
32919
32920
32921
32922
32923
32924
32929
32930
32931
32933
32934
32935
32936
32937
32940
32942
32944
32945
32946
32947
32949
32950
32954
32955
32956
32958
32959
32960
32962
32963
32964
32965
32966
32969
32971
32973
32974
32975
32976
32977
32979
32980
32982
32984
32986
32987
32989
32990
32991
32992
32993
32994
32995
32997
32999
33006
33008
33014
33016
33023
33025
33027
33028
33045
33047
33049
33050
33051
33057
33065
33066
33067
33073
33076
33080
33081
33083
33087
33089
33092
33094
33099
33105
33107
33116
33118
33119
33120
33134
33138
33148
33152
33155
33159
33164
33170
33171
33200
33201
33202
33207
33209
33216
33221
33222
33226
33230
33232
33233
33240
33246
33248
33253
33255
33258
33269
33270
33281
33286
33293
33297
33299
33304
33305
33330
33334
33337
33339
33344
33347
33360
33366
33371
33376
33377
33391
33393
33397
33404
33405
33412
33415
33417
33419
33420
33421
33432
33439
33444
33445
33446
33447
33451
33453
33456
33462
33465
33468
33477
33479
33485
33489
33490
33494
33495
33499
33501
33502
33505
33507
33515
33516
33517
33519
33521
33523
33535
33539
33540
33541
33542
33544
33545
33548
33552
33553
33555
33556
33557
33558
33561
33563
33566
33568
33570
33576
33581
33584
33585
33588
33589
33590
33591
33593
33595
33597
33599
33601
33603
33608
33609
33611
33614
33615
33616
33619
33624
33625
33629
33636
33638
33642
33644
33647
33648
33651
33653
33657
33664
33665
33668
33670
33672
33675
33676
33678
33680
33688
33690
33691
33698
33700
33704
33710
33712
33713
33714
33720
33723
33725
33727
33732
33734
33736
33738
33740
33742
33745
33750
33752
33758
33762
33764
33766
33772
33774
33777
33780
33783
33785
33786
33789
33790
33793
33794
33795
33799
33800
33805
33806
33808
33810
33814
33815
33817
33819
33820
33824
33825
33826
33833
33838
33841
33843
33845
33846
33847
33848
33851
33852
33854
33864
33865
33871
33875
33876
33877
33878
33880
33881
33883
33884
33885
33888
33889
33890
33892
33894
33896
33900
33902
33903
33904
33906
33908
33912
33914
33915
33918
33919
33920
33921
33922
33928
33934
33936
33938
33940
33943
33944
33946
33947
33949
33950
33951
33952
33955
33956
33959
33961
33963
33964
33965
33968
33969
33970
33973
33976
33979
33980
33981
33982
33985
33987
33988
33990
33992
33995
33996
33997
33999
34008
34009
34015
34061
34069
34078
34149
34179
34215
34325
34362
34455
34498
34505
34528
34534
34548
34550
34556
34565
34566
34580
34582
34590
34600
34602
34624
34632
34633
34638
34640
34641
34642
34643
34646
34647
34649
34650
34658
34663
34674
34677
34678
34691
34694
34715
34719
34721
34724
34729
34738
34740
34746
34748
34753
34754
34756
34775
34777
34780
34781
34785
34823
34828
34831
34839
34845
34847
34848
34854
34864
34876
34883
34887
34894
34896
34904
34910
34911
34914
34915
34920
34922
34927
34943
34963
34968
34970
34971
34981
34996
34998
35004
35011
35015
35029
35039
35044
35048
35072
35075
35080
35082
35083
35084
35087
35100
35103
35110
35113
35121
35123
35128
35129
35130
35134
35137
35145
35151
35153
35164
35168
35170
35171
35182
35183
35186
35189
35205
35212
35220
35221
35228
35229
35237
35238
35242
35250
35252
35253
35254
35262
35263
35264
35272
35285
35290
35293
35306
35312
35316
35318
35324
35346
35348
35359
35363
35369
35375
35376
35377
35378
35382
35383
35387
35388
35392
35398
35404
35406
35408
35420
35421
35423
35425
35426
35431
35433
35438
35440
35441
35443
35446
35448
35456
35457
35466
35471
35472
35478
35479
35488
35490
35498
35500
35504
35506
35511
35518
35522
35559
35574
35579
35589
35593
35601
35616
35637
35638
35675
35688
35700
35704
35711
35720
35724
35739
35744
35747
35764
35769
35779
35782
35785
35789
35790
35791
35794
35811
35840
35853
35869
35872
35874
35876
35883
35886
35898
35905
35908
35915
35917
35934
35944
35952
35963
35966
35967
35976
35991
36000
36002
36003
36005
36006
36007
36008
36009
36010
36011
36012
36014
36016
36017
36018
36019
36020
36021
36022
36025
36026
36027
36028
36029
36030
36031
36032
36033
36034
36035
36036
36037
36038
36039
36041
36042
36043
36044
36045
36046
36048
36049
36050
36051
36052
36053
36054
36056
36057
36058
36059
36060
36062
36063
36064
36065
36066
36068
36069
36070
36071
36072
36073
36078
36079
36080
36082
36083
36084
36086
36088
36089
36090
36091
36092
36093
36094
36096
36099
36100
36101
36102
36103
36104
36105
36106
36107
36108
36109
36110
36112
36113
36116
36117
36118
36119
36120
36122
36123
36124
36125
36126
36127
36128
36130
36132
36133
36134
36135
36137
36138
36139
36140
36141
36142
36143
36144
36145
36146
36147
36148
36150
36151
36152
36153
36154
36155
36156
36157
36160
36161
36162
36164
36166
36168
36169
36170
36171
36172
36173
36174
36177
36178
36180
36181
36182
36183
36184
36185
36186
36187
36188
36189
36190
36191
36193
36195
36196
36198
36199
36203
36204
36205
36206
36207
36208
36209
36210
36211
36212
36214
36215
36216
36219
36220
36222
36223
36224
36225
36226
36227
36228
36229
36230
36231
36233
36234
36235
36237
36238
36240
36242
36244
36248
36249
36250
36251
36252
36253
36254
36255
36256
36257
36258
36259
36260
36262
36263
36264
36265
36267
36268
36269
36270
36273
36274
36275
36276
36278
36279
36281
36282
36283
36284
36285
36287
36288
36290
36291
36292
36295
36296
36297
36298
36299
36300
36301
36303
36304
36305
36306
36308
36309
36310
36311
36312
36314
36316
36317
36319
36321
36322
36324
36326
36327
36328
36329
36330
36331
36332
36333
36334
36335
36336
36337
36341
36342
36343
36347
36348
36349
36351
36352
36353
36354
36355
36356
36357
36358
36359
36360
36362
36363
36365
36366
36367
36369
36370
36371
36373
36374
36375
36376
36377
36378
36379
36380
36382
36383
36384
36385
36386
36387
36388
36389
36391
36393
36395
36396
36397
36398
36399
36400
36402
36403
36405
36406
36408
36409
36410
36411
36412
36413
36417
36418
36419
36421
36422
36423
36424
36425
36426
36427
36428
36429
36433
36434
36435
36436
36437
36438
36440
36441
36442
36444
36445
36447
36449
36450
36451
36453
36454
36459
36460
36461
36462
36463
36464
36465
36466
36467
36468
36469
36470
36471
36472
36473
36474
36475
36476
36479
36480
36481
36482
36483
36484
36487
36488
36489
36490
36491
36492
36493
36494
36495
36496
36497
36499
36500
36501
36506
36516
36522
36527
36529
36530
36536
36537
36538
36542
36544
36545
36546
36548
36552
36553
36554
36559
36565
36566
36571
36576
36577
36578
36582
36583
36585
36588
36591
36593
36596
36601
36604
36605
36606
36607
36612
36614
36615
36618
36621
36630
36631
36637
36642
36644
36645
36647
36650
36653
36655
36657
36658
36659
36666
36669
36671
36672
36680
36681
36682
36688
36691
36694
36704
36706
36707
36708
36709
36719
36723
36727
36732
36737
36740
36741
36743
36744
36747
36748
36752
36755
36756
36761
36762
36773
36778
36779
36782
36786
36795
36811
36813
36814
36823
36824
36825
36826
36827
36828
36832
36836
36838
36840
36842
36843
36844
36845
36847
36852
36853
36856
36857
36861
36867
36868
36869
36875
36876
36882
36885
36890
36895
36896
36902
36903
36911
36912
36915
36917
36923
36930
36931
36943
36946
36949
36954
36957
36964
36965
36969
36970
36976
36981
36983
36984
36986
36987
36988
36993
36996
37006
37012
37022
37024
37025
37036
37040
37041
37048
37050
37052
37066
37067
37069
37072
37076
37087
37099
37105
37107
37120
37122
37137
37143
37144
37150
37152
37153
37158
37162
37171
37173
37179
37181
37182
37184
37189
37191
37193
37194
37195
37197
37200
37204
37208
37209
37213
37218
37226
37227
37228
37229
37231
37234
37237
37247
37249
37251
37262
37267
37273
37279
37286
37287
37289
37290
37294
37299
37302
37303
37306
37309
37318
37322
37324
37327
37328
37331
37332
37344
37348
37349
37353
37357
37358
37360
37362
37375
37376
37385
37387
37399
37403
37406
37415
37418
37419
37428
37429
37432
37445
37449
37451
37454
37455
37456
37470
37475
37478
37480
37482
37485
37491
37493
37495
37496
37498
37519
37549
37563
37572
37587
37612
37616
37635
37658
37665
37687
37693
37699
37711
37713
37734
37742
37745
37746
37770
37780
37800
37811
37822
37827
37835
37840
37850
37893
37894
37895
37914
37942
37944
37947
37954
37956
37973
38000
38003
38011
38023
38036
38043
38053
38056
38073
38074
38078
38097
38120
38128
38134
38148
38161
38182
38184
38186
38210
38218
38220
38224
38272
38273
38281
38282
38294
38333
38345
38354
38356
38357
38405
38407
38421
38436
38442
38448
38453
38463
38488
38493
38500
38502
38503
38505
38507
38510
38512
38513
38514
38515
38520
38521
38523
38524
38526
38529
38532
38533
38539
38540
38542
38543
38544
38546
38547
38550
38552
38553
38555
38556
38558
38559
38560
38564
38565
38577
38583
38589
38591
38594
38597
38601
38607
38608
38610
38611
38612
38614
38615
38617
38618
38620
38632
38633
38634
38637
38638
38641
38642
38643
38644
38646
38648
38649
38650
38651
38653
38657
38659
38663
38664
38666
38667
38671
38673
38676
38680
38685
38691
38693
38697
38698
38700
38701
38708
38709
38712
38713
38714
38716
38718
38721
38722
38723
38725
38727
38729
38730
38732
38734
38738
38739
38740
38742
38744
38746
38749
38752
38753
38757
38759
38761
38763
38764
38765
38767
38768
38770
38772
38777
38778
38781
38782
38784
38786
38790
38791
38793
38794
38797
38798
38801
38803
38804
38811
38812
38814
38816
38817
38820
38821
38822
38829
38830
38832
38833
38834
38836
38837
38841
38843
38853
38855
38856
38858
38859
38862
38866
38867
38868
38873
38874
38875
38877
38878
38879
38883
38884
38886
38888
38889
38890
38891
38896
38897
38901
38902
38904
38905
38906
38916
38917
38918
38922
38927
38928
38930
38931
38932
38934
38937
38939
38945
38949
38950
38951
38953
38955
38957
38958
38959
38960
38964
38965
38968
38969
38972
38975
38976
38977
38979
38983
38986
38988
38989
38993
38994
38997
38998
38999
39000
39003
39004
39005
39006
39009
39010
39012
39013
39015
39017
39020
39024
39027
39033
39038
39040
39043
39044
39046
39047
39052
39054
39056
39057
39066
39067
39069
39070
39071
39072
39073
39075
39076
39080
39081
39086
39088
39092
39094
39096
39107
39108
39111
39117
39118
39119
39124
39125
39126
39128
39132
39133
39136
39137
39138
39140
39142
39145
39147
39148
39152
39159
39162
39164
39165
39167
39169
39173
39174
39182
39185
39187
39194
39196
39197
39199
39202
39207
39208
39209
39212
39213
39217
39223
39226
39228
39229
39230
39234
39238
39239
39240
39241
39242
39243
39244
39249
39252
39253
39256
39259
39262
39263
39265
39268
39274
39276
39277
39278
39280
39281
39282
39284
39288
39290
39291
39292
39293
39294
39295
39299
39300
39304
39306
39307
39308
39309
39310
39312
39313
39315
39316
39319
39325
39332
39334
39341
39343
39345
39351
39352
39353
39355
39358
39359
39361
39362
39366
39369
39371
39373
39376
39379
39381
39385
39387
39389
39390
39397
39398
39399
39406
39408
39410
39413
39417
39418
39420
39422
39424
39425
39426
39427
39429
39430
39433
39438
39440
39442
39445
39446
39452
39454
39457
39462
39463
39465
39466
39470
39471
39472
39474
39475
39478
39479
39480
39484
39486
39487
39489
39490
39491
39492
39493
39496
39499
39500
39501
39508
39513
39514
39519
39520
39521
39524
39525
39528
39532
39535
39536
39541
39545
39547
39548
39550
39551
39560
39561
39562
39567
39571
39572
39576
39578
39579
39583
39587
39589
39591
39593
39597
39598
39599
39602
39604
39608
39610
39617
39618
39621
39625
39631
39634
39635
39640
39643
39644
39646
39648
39651
39652
39654
39658
39665
39666
39667
39669
39675
39677
39681
39682
39683
39684
39685
39686
39690
39694
39698
39700
39703
39704
39705
39707
39713
39714
39715
39716
39718
39719
39721
39732
39737
39738
39743
39747
39748
39750
39752
39754
39758
39764
39766
39767
39770
39771
39778
39779
39781
39784
39785
39786
39788
39790
39791
39792
39794
39798
39800
39801
39803
39806
39809
39813
39816
39817
39818
39821
39824
39828
39831
39833
39835
39836
39837
39842
39843
39852
39854
39855
39858
39862
39868
39869
39871
39873
39874
39875
39876
39877
39889
39890
39892
39896
39897
39903
39904
39905
39910
39911
39912
39914
39915
39918
39919
39921
39925
39926
39928
39930
39933
39938
39940
39941
39942
39945
39946
39947
39948
39950
39951
39953
39954
39956
39957
39963
39965
39968
39971
39973
39984
39987
39989
39991
40000
40001
40002
40003
40004
40005
40006
40008
40009
40010
40011
40012
40013
40014
40015
40016
40017
40019
40020
40021
40022
40023
40024
40025
40026
40027
40029
40030
40031
40032
40033
40034
40035
40036
40037
40038
40040
40041
40042
40043
40044
40045
40046
40047
40051
40052
40053
40054
40055
40056
40057
40058
40059
40060
40062
40064
40065
40066
40067
40069
40070
40071
40072
40073
40074
40075
40076
40077
40078
40079
40081
40083
40085
40086
40087
40088
40089
40090
40091
40093
40094
40095
40096
40097
40098
40099
40100
40101
40102
40104
40106
40107
40108
40109
40110
40111
40112
40113
40114
40116
40117
40118
40119
40120
40121
40122
40124
40125
40126
40127
40129
40130
40131
40133
40134
40135
40136
40137
40138
40139
40140
40141
40142
40143
40144
40145
40146
40147
40148
40149
40151
40152
40153
40155
40156
40158
40159
40160
40161
40162
40163
40164
40165
40166
40167
40168
40170
40171
40172
40173
40174
40175
40176
40177
40178
40179
40180
40182
40183
40184
40185
40186
40188
40189
40190
40192
40193
40194
40195
40196
40197
40200
40201
40202
40203
40204
40205
40206
40207
40208
40209
40210
40211
40212
40213
40214
40215
40216
40218
40219
40221
40222
40223
40225
40226
40227
40228
40230
40231
40232
40233
40235
40236
40237
40238
40239
40240
40241
40242
40243
40244
40245
40246
40247
40248
40249
40250
40251
40252
40253
40254
40255
40256
40257
40259
40260
40261
40262
40263
40264
40265
40266
40267
40268
40269
40270
40271
40272
40273
40274
40275
40276
40277
40278
40279
40280
40281
40282
40283
40284
40285
40286
40287
40288
40289
40290
40293
40294
40295
40296
40297
40298
40299
40300
40301
40302
40304
40305
40306
40307
40309
40310
40311
40312
40313
40314
40315
40316
40318
40319
40320
40321
40322
40323
40326
40327
40329
40330
40331
40332
40333
40334
40335
40337
40338
40339
40340
40341
40342
40343
40344
40345
40346
40347
40348
40349
40350
40351
40354
40355
40356
40357
40358
40359
40360
40361
40362
40363
40364
40365
40366
40367
40368
40369
40371
40373
40374
40375
40376
40379
40380
40382
40384
40385
40386
40387
40388
40390
40393
40394
40395
40396
40397
40399
40400
40401
40402
40403
40404
40405
40407
40408
40409
40410
40412
40413
40414
40416
40417
40418
40420
40421
40422
40423
40424
40425
40426
40428
40429
40430
40431
40432
40433
40434
40435
40436
40437
40439
40441
40443
40444
40445
40446
40447
40448
40449
40451
40453
40455
40456
40457
40458
40459
40460
40461
40463
40465
40466
40467
40468
40469
40470
40471
40472
40473
40474
40475
40476
40477
40478
40479
40480
40482
40483
40484
40485
40487
40488
40489
40490
40491
40492
40493
40495
40496
40497
40498
40499
40506
40526
40535
40557
40560
40564
40565
40568
40570
40588
40595
40599
40603
40619
40624
40636
40639
40646
40649
40654
40659
40665
40668
40676
40679
40692
40694
40699
40704
40707
40714
40717
40724
40733
40735
40740
40741
40745
40752
40756
40762
40767
40774
40781
40782
40786
40793
40796
40802
40803
40804
40807
40823
40835
40861
40863
40867
40869
40917
40920
40923
40930
40932
40934
40936
40937
40953
40964
40965
40968
40976
40981
40982
40987
40995
40997
41006
41012
41013
41022
41024
41025
41030
41067
41068
41081
41083
41117
41134
41149
41166
41170
41176
41178
41182
41185
41187
41230
41237
41241
41248
41278
41297
41322
41353
41372
41378
41400
41410
41425
41442
41466
41483
41492
41500
41512
41515
41521
41522
41523
41524
41528
41529
41533
41538
41541
41552
41556
41560
41561
41564
41568
41569
41586
41587
41593
41596
41598
41601
41604
41605
41614
41619
41620
41623
41626
41633
41650
41652
41656
41658
41660
41662
41663
41666
41671
41678
41681
41690
41692
41697
41698
41700
41705
41706
41707
41717
41720
41726
41727
41730
41731
41737
41742
41743
41753
41764
41776
41782
41791
41799
41800
41806
41807
41809
41814
41824
41825
41827
41829
41847
41853
41857
41860
41861
41864
41869
41878
41889
41897
41900
41909
41910
41913
41929
41932
41940
41941
41942
41943
41944
41946
41947
41955
41956
41963
41965
41969
41970
41974
41981
41982
41990
41994
42004
42008
42011
42014
42017
42024
42025
42030
42033
42034
42035
42037
42049
42051
42054
42058
42059
42060
42062
42066
42067
42068
42069
42076
42077
42088
42091
42092
42096
42106
42108
42112
42113
42117
42119
42121
42125
42127
42128
42130
42131
42132
42133
42134
42135
42138
42141
42143
42148
42149
42156
42159
42162
42163
42164
42165
42166
42171
42172
42174
42175
42176
42178
42179
42182
42186
42187
42193
42196
42200
42206
42208
42210
42213
42215
42219
42221
42225
42226
42230
42231
42233
42239
42240
42241
42242
42243
42245
42247
42248
42249
42251
42257
42260
42263
42269
42272
42281
42283
42285
42288
42291
42298
42300
42301
42303
42304
42313
42314
42316
42320
42326
42329
42330
42333
42335
42339
42344
42348
42349
42351
42353
42359
42365
42366
42369
42371
42373
42380
42383
42385
42386
42388
42390
42394
42395
42401
42402
42404
42406
42407
42408
42410
42412
42417
42420
42423
42425
42426
42428
42433
42436
42438
42439
42440
42441
42447
42448
42462
42464
42469
42472
42476
42477
42486
42489
42492
42495
42527
42529
42546
42555
42572
42583
42601
42603
42604
42666
42668
42685
42692
42699
42708
42718
42722
42738
42753
42754
42778
42787
42794
42808
42811
42841
42858
42908
42916
42956
42976
42980
42983
42996
43016
43020
43021
43026
43032
43039
43043
43044
43047
43055
43057
43058
43066
43072
43080
43081
43084
43087
43091
43094
43113
43114
43116
43118
43121
43136
43140
43141
43147
43156
43166
43167
43168
43171
43175
43190
43191
43194
43204
43212
43213
43227
43230
43234
43238
43244
43245
43257
43258
43260
43264
43266
43270
43271
43278
43282
43286
43288
43294
43308
43311
43315
43324
43328
43340
43341
43345
43347
43354
43356
43367
43376
43377
43385
43387
43388
43389
43390
43395
43400
43403
43417
43418
43427
43437
43440
43445
43448
43449
43455
43460
43467
43469
43482
43483
43493
43507
43508
43525
43531
43550
43551
43557
43569
43572
43583
43588
43595
43622
43624
43628
43648
43651
43659
43662
43670
43674
43684
43690
43699
43703
43727
43755
43756
43764
43770
43790
43793
43799
43804
43815
43828
43834
43837
43845
43847
43848
43852
43859
43860
43869
43887
43889
43892
43895
43896
43899
43903
43932
43940
43942
43943
43945
43946
43977
43979
43984
43986
43988
43993
44001
44003
44005
44010
44012
44027
44030
44035
44039
44043
44044
44045
44048
44050
44052
44053
44061
44063
44064
44066
44073
44074
44083
44085
44090
44091
44093
44096
44097
44098
44100
44101
44103
44109
44113
44116
44126
44130
44131
44132
44133
44138
44139
44142
44145
44150
44154
44157
44158
44161
44163
44164
44169
44172
44173
44174
44175
44176
44181
44182
44184
44185
44186
44187
44195
44205
44212
44215
44216
44218
44223
44224
44228
44229
44232
44234
44238
44239
44245
44247
44249
44250
44255
44258
44260
44261
44265
44266
44274
44276
44280
44281
44283
44288
44296
44300
44303
44308
44312
44317
44318
44323
44324
44327
44334
44337
44338
44344
44347
44349
44350
44352
44353
44356
44357
44358
44360
44365
44369
44377
44378
44382
44383
44388
44390
44394
44398
44411
44413
44414
44425
44429
44430
44435
44436
44439
44442
44452
44453
44458
44460
44467
44471
44472
44473
44476
44479
44480
44481
44483
44485
44490
44495
44504
44506
44508
44515
44526
44532
44534
44550
44553
44554
44557
44566
44567
44571
44583
44587
44588
44595
44606
44612
44616
44617
44618
44621
44622
44625
44628
44630
44637
44641
44649
44659
44660
44663
44666
44668
44669
44670
44673
44675
44680
44687
44689
44693
44696
44707
44709
44712
44717
44719
44721
44728
44739
44741
44747
44751
44752
44763
44764
44765
44776
44780
44793
44794
44820
44827
44831
44850
44859
44861
44864
44866
44867
44869
44875
44883
44884
44886
44890
44893
44896
44904
44905
44907
44908
44911
44912
44913
44916
44923
44925
44927
44930
44932
44944
44948
44949
44953
44955
44956
44958
44960
44975
44981
44983
44985
44986
44990
45005
45009
45016
45020
45022
45025
45030
45031
45034
45051
45056
45057
45059
45070
45074
45075
45076
45080
45082
45084
45086
45089
45094
45097
45098
45099
45101
45102
45107
45108
45111
45115
45118
45121
45122
45124
45128
45132
45135
45139
45140
45145
45147
45149
45150
45152
45153
45158
45164
45168
45169
45172
45176
45182
45185
45186
45190
45197
45198
45200
45202
45204
45209
45210
45212
45214
45215
45218
45221
45227
45228
45229
45232
45235
45239
45241
45242
45243
45246
45253
45256
45257
45262
45263
45266
45267
45276
45277
45282
45286
45287
45293
45299
45301
45303
45307
45310
45316
45317
45319
45321
45322
45324
45326
45328
45333
45334
45335
45336
45340
45341
45343
45345
45348
45349
45350
45352
45353
45357
45358
45360
45362
45367
45368
45370
45371
45375
45376
45380
45387
45389
45393
45394
45395
45396
45401
45402
45405
45409
45414
45417
45418
45420
45421
45422
45428
45429
45430
45431
45433
45439
45440
45441
45451
45454
45457
45458
45463
45467
45468
45469
45471
45476
45477
45480
45481
45485
45489
45494
45497
45499
45504
45508
45509
45517
45520
45521
45523
45526
45527
45531
45534
45538
45541
45542
45543
45548
45552
45561
45572
45574
45575
45576
45580
45584
45585
45586
45594
45598
45600
45604
45607
45612
45613
45614
45626
45632
45635
45640
45642
45643
45646
45649
45650
45661
45664
45668
45673
45675
45682
45683
45684
45691
45692
45693
45703
45710
45713
45716
45735
45739
45751
45755
45757
45761
45762
45764
45769
45770
45777
45780
45793
45795
45796
45801
45817
45819
45829
45834
45835
45837
45838
45839
45845
45851
45853
45855
45865
45866
45872
45874
45878
45880
45883
45888
45893
45895
45897
45905
45912
45915
45924
45936
45940
45947
45949
45954
45958
45963
45968
45975
45977
45998
46000
46002
46003
46004
46005
46007
46010
46011
46016
46017
46020
46021
46022
46023
46024
46030
46032
46036
46042
46046
46048
46049
46050
46051
46060
46065
46068
46072
46073
46075
46076
46077
46080
46083
46092
46093
46095
46096
46097
46101
46102
46103
46104
46109
46111
46113
46116
46118
46120
46129
46130
46131
46132
46134
46140
46151
46152
46153
46156
46157
46160
46161
46162
46163
46168
46169
46176
46179
46181
46186
46187
46188
46189
46191
46196
46202
46206
46213
46216
46219
46221
46225
46232
46236
46240
46244
46246
46248
46249
46250
46255
46256
46257
46259
46260
46262
46263
46269
46271
46273
46274
46275
46278
46282
46284
46291
46295
46298
46300
46301
46304
46313
46314
46319
46322
46324
46326
46327
46329
46331
46332
46333
46334
46336
46337
46342
46343
46347
46348
46350
46352
46353
46356
46358
46359
46361
46365
46368
46370
46371
46372
46378
46382
46383
46385
46387
46388
46390
46391
46392
46393
46394
46396
46399
46402
46405
46408
46409
46410
46412
46415
46420
46423
46424
46425
46426
46428
46429
46431
46432
46433
46434
46437
46438
46440
46441
46442
46444
46454
46455
46459
46460
46461
46463
46464
46469
46470
46472
46473
46478
46485
46486
46488
46490
46494
46497
46500
46501
46503
46506
46507
46511
46512
46513
46515
46516
46519
46524
46529
46530
46531
46539
46541
46542
46545
46547
46548
46550
46556
46557
46559
46561
46563
46568
46569
46570
46571
46573
46578
46579
46582
46585
46586
46589
46590
46591
46592
46593
46594
46597
46599
46600
46602
46605
46606
46609
46610
46611
46615
46617
46619
46622
46623
46624
46626
46629
46630
46631
46632
46633
46635
46636
46637
46639
46640
46642
46645
46646
46650
46651
46652
46653
46654
46655
46656
46658
46660
46664
46665
46666
46673
46675
46677
46679
46681
46684
46687
46689
46691
46693
46694
46697
46699
46701
46706
46709
46712
46713
46714
46715
46716
46718
46722
46723
46725
46727
46728
46729
46731
46732
46735
46737
46738
46739
46740
46741
46742
46743
46744
46745
46746
46753
46755
46756
46758
46760
46761
46762
46764
46766
46767
46768
46769
46770
46772
46773
46775
46777
46778
46780
46781
46782
46785
46786
46787
46788
46789
46792
46793
46796
46799
46800
46801
46802
46803
46806
46807
46808
46810
46813
46814
46817
46819
46820
46823
46824
46825
46827
46828
46829
46830
46831
46832
46833
46835
46837
46838
46840
46844
46846
46848
46849
46850
46851
46852
46854
46855
46856
46857
46858
46860
46861
46862
46863
46864
46867
46868
46872
46876
46877
46878
46879
46880
46882
46883
46885
46887
46894
46897
46898
46899
46901
46902
46903
46905
46906
46911
46912
46916
46917
46919
46920
46921
46923
46924
46925
46926
46928
46933
46934
46935
46937
46938
46939
46940
46941
46943
46944
46945
46946
46948
46950
46951
46952
46954
46955
46957
46958
46960
46961
46962
46963
46964
46965
46966
46967
46968
46970
46975
46978
46979
46981
46982
46987
46988
46989
46990
46991
46993
46996
46997
46998
47014
47052
47054
47067
47073
47075
47077
47089
47096
47112
47174
47270
47288
47384
47390
47393
47398
47420
47458
47465
47478
47502
47503
47507
47508
47517
47520
47527
47532
47536
47537
47541
47542
47545
47551
47552
47553
47554
47555
47564
47568
47572
47573
47575
47578
47580
47581
47582
47584
47588
47597
47598
47603
47615
47616
47626
47629
47638
47640
47645
47648
47653
47654
47656
47657
47664
47665
47673
47677
47678
47680
47684
47685
47690
47691
47703
47707
47711
47712
47716
47720
47725
47731
47732
47733
47736
47737
47741
47742
47743
47744
47750
47751
47753
47754
47755
47757
47759
47765
47766
47768
47769
47770
47771
47776
47777
47778
47779
47786
47790
47792
47796
47798
47800
47808
47809
47814
47815
47818
47820
47822
47831
47832
47833
47835
47836
47847
47850
47854
47855
47858
47867
47870
47876
47879
47888
47890
47891
47901
47902
47907
47914
47925
47926
47927
47931
47936
47939
47942
47943
47944
47949
47950
47963
47984
47986
47989
47992
47994
48004
48005
48010
48012
48013
48014
48015
48021
48022
48026
48030
48032
48040
48041
48044
48045
48046
48051
48052
48058
48059
48061
48063
48072
48074
48075
48077
48079
48080
48085
48086
48088
48092
48094
48095
48097
48098
48099
48100
48102
48104
48105
48109
48114
48117
48120
48121
48132
48134
48135
48137
48142
48145
48146
48148
48149
48151
48153
48155
48157
48162
48164
48168
48170
48174
48178
48179
48188
48190
48194
48197
48199
48203
48204
48214
48215
48216
48219
48224
48227
48228
48229
48241
48243
48244
48251
48252
48257
48260
48261
48262
48266
48271
48272
48274
48275
48277
48281
48283
48288
48295
48296
48299
48307
48309
48311
48313
48314
48316
48322
48324
48328
48330
48331
48332
48333
48342
48347
48350
48353
48362
48363
48370
48375
48382
48385
48387
48392
48393
48402
48406
48407
48411
48414
48415
48417
48419
48429
48430
48432
48434
48437
48440
48441
48442
48443
48449
48451
48452
48456
48457
48459
48460
48462
48463
48464
48467
48469
48470
48472
48473
48474
48475
48476
48482
48485
48486
48487
48490
48491
48495
48497
48498
48499
48501
48502
48508
48509
48510
48514
48519
48522
48525
48528
48529
48533
48535
48543
48546
48547
48552
48560
48561
48562
48563
48567
48570
48572
48573
48579
48580
48581
48587
48594
48596
48597
48600
48602
48605
48614
48618
48619
48620
48625
48627
48628
48629
48632
48633
48634
48635
48639
48642
48644
48646
48647
48649
48656
48658
48660
48661
48662
48663
48664
48670
48675
48676
48678
48681
48683
48687
48695
48700
48703
48704
48705
48706
48707
48708
48713
48714
48716
48718
48723
48725
48727
48729
48734
48735
48740
48743
48749
48755
48756
48758
48761
48764
48766
48768
48769
48773
48775
48777
48779
48781
48782
48787
48794
48798
48799
48800
48806
48807
48814
48816
48818
48825
48826
48828
48832
48835
48838
48846
48847
48849
48854
48855
48856
48857
48859
48860
48861
48865
48867
48873
48880
48881
48884
48887
48891
48896
48897
48899
48900
48902
48903
48904
48905
48908
48909
48910
48914
48917
48918
48921
48924
48932
48936
48937
48941
48942
48943
48944
48945
48946
48948
48951
48954
48955
48959
48960
48965
48966
48968
48969
48970
48973
48979
48984
49001
49005
49006
49009
49010
49017
49027
49029
49030
49036
49045
49050
49053
49059
49067
49068
49071
49074
49075
49077
49078
49080
49082
49084
49087
49089
49091
49092
49095
49097
49100
49102
49104
49105
49115
49117
49121
49122
49124
49125
49136
49141
49144
49145
49146
49148
49159
49164
49166
49169
49170
49173
49174
49175
49178
49185
49187
49191
49200
49203
49207
49208
49209
49210
49212
49213
49215
49216
49219
49229
49230
49234
49236
49238
49244
49245
49246
49247
49250
49255
49257
49258
49261
49267
49268
49271
49273
49277
49278
49281
49286
49288
49289
49296
49299
49300
49303
49308
49310
49313
49316
49318
49319
49320
49322
49330
49331
49334
49335
49337
49342
49343
49344
49347
49349
49351
49352
49353
49355
49356
49358
49359
49361
49362
49366
49367
49368
49369
49374
49377
49378
49386
49388
49393
49395
49396
49398
49401
49402
49406
49409
49413
49421
49426
49429
49436
49438
49448
49449
49450
49451
49454
49461
49468
49472
49474
49476
49481
49482
49483
49485
49490
49498
49499
49501
49506
49511
49516
49521
49522
49523
49526
49527
49528
49529
49535
49538
49539
49541
49545
49547
49549
49556
49567
49568
49570
49572
49575
49595
49598
49600
49602
49603
49604
49606
49607
49609
49611
49624
49632
49635
49638
49647
49654
49660
49661
49667
49668
49686
49688
49692
49693
49694
49697
49701
49711
49715
49717
49720
49733
49734
49737
49739
49740
49742
49743
49746
49749
49752
49759
49762
49766
49767
49769
49772
49775
49781
49782
49784
49786
49787
49794
49795
49796
49803
49808
49809
49810
49813
49814
49818
49823
49825
49826
49830
49832
49840
49842
49849
49850
49851
49852
49853
49858
49859
49862
49870
49874
49878
49879
49887
49891
49894
49897
49899
49906
49915
49916
49920
49921
49922
49923
49926
49931
49933
49938
49943
49944
49945
49947
49951
49952
49953
49954
49955
49957
49958
49959
49962
49963
49967
49970
49971
49972
49979
49981
49982
49989
49992
