4
19
21
57
79
90
95
102
123
168
210
220
230
231
272
303
322
325
334
353
354
370
374
389
403
425
451
468
471
510
519
531
538
542
543
549
564
591
617
627
634
690
721
745
766
771
809
819
823
836
840
886
896
926
929
939
947
959
1000
1002
1004
1005
1006
1012
1013
1014
1015
1017
1018
1019
1021
1022
1023
1024
1025
1026
1028
1029
1034
1036
1039
1040
1041
1042
1043
1045
1046
1052
1054
1060
1062
1065
1067
1070
1071
1072
1077
1078
1079
1080
1082
1085
1086
1090
1093
1094
1095
1097
1102
1104
1107
1109
1112
1114
1115
1124
1125
1131
1133
1134
1135
1136
1139
1141
1143
1145
1146
1147
1148
1149
1150
1153
1158
1159
1160
1161
1164
1165
1166
1169
1170
1177
1179
1190
1191
1192
1193
1194
1198
1199
1200
1203
1206
1210
1214
1216
1217
1221
1222
1224
1226
1228
1231
1235
1237
1240
1241
1243
1247
1250
1252
1253
1255
1258
1261
1262
1264
1272
1274
1275
1278
1279
1280
1281
1285
1287
1288
1289
1295
1297
1299
1302
1306
1307
1308
1309
1310
1317
1318
1319
1323
1325
1327
1328
1329
1330
1337
1338
1341
1343
1346
1349
1350
1351
1357
1359
1360
1361
1364
1367
1371
1375
1376
1379
1388
1389
1392
1395
1396
1397
1398
1399
1403
1405
1407
1408
1410
1415
1420
1421
1422
1426
1427
1429
1430
1432
1436
1437
1438
1441
1442
1444
1447
1448
1449
1451
1454
1455
1456
1457
1458
1459
1471
1474
1476
1477
1479
1482
1485
1486
1488
1489
1493
1494
1496
1497
1498
1499
1500
1502
1504
1505
1506
1507
1513
1514
1518
1519
1522
1523
1525
1534
1535
1537
1538
1539
1540
1542
1543
1544
1549
1550
1552
1559
1560
1563
1565
1568
1571
1574
1581
1592
1593
1594
1596
1597
1600
1602
1603
1606
1610
1611
1616
1620
1624
1626
1627
1630
1632
1634
1635
1636
1643
1649
1651
1652
1657
1659
1662
1664
1669
1670
1672
1674
1676
1681
1683
1685
1689
1692
1693
1694
1695
1699
1706
1708
1709
1712
1713
1715
1716
1720
1721
1723
1729
1730
1731
1733
1736
1747
1756
1759
1760
1762
1767
1768
1773
1775
1777
1779
1780
1781
1782
1783
1784
1785
1789
1790
1791
1794
1795
1796
1797
1805
1806
1808
1815
1817
1818
1821
1822
1823
1829
1830
1831
1837
1840
1843
1844
1845
1846
1848
1864
1866
1870
1874
1876
1877
1881
1889
1891
1892
1893
1898
1902
1903
1904
1905
1910
1911
1913
1914
1916
1918
1919
1920
1924
1925
1926
1928
1929
1930
1933
1934
1935
1936
1937
1941
1947
1953
1958
1962
1967
1972
1973
1975
1977
1978
1979
1982
1984
1986
1987
1994
1996
2002
2003
2004
2008
2009
2011
2013
2014
2017
2022
2023
2025
2027
2030
2031
2032
2034
2038
2041
2042
2043
2044
2045
2053
2056
2058
2061
2063
2064
2065
2070
2074
2076
2087
2088
2089
2095
2097
2098
2102
2104
2105
2107
2109
2111
2114
2115
2118
2120
2121
2123
2124
2133
2134
2137
2141
2142
2144
2146
2147
2148
2149
2152
2153
2156
2162
2163
2165
2166
2168
2171
2172
2174
2179
2180
2183
2184
2186
2188
2190
2196
2197
2198
2204
2206
2210
2213
2214
2215
2217
2218
2219
2220
2223
2224
2228
2231
2233
2234
2239
2242
2244
2245
2248
2250
2251
2257
2264
2266
2267
2272
2273
2275
2279
2281
2283
2287
2292
2301
2306
2307
2308
2311
2313
2317
2320
2321
2323
2325
2330
2332
2334
2335
2336
2341
2344
2345
2352
2355
2357
2360
2363
2366
2370
2374
2376
2379
2381
2382
2384
2385
2387
2390
2395
2396
2401
2403
2404
2408
2409
2411
2413
2414
2420
2422
2430
2432
2435
2436
2437
2443
2446
2447
2449
2451
2452
2456
2460
2464
2471
2472
2473
2477
2478
2485
2495
2496
2498
2502
2503
2504
2505
2524
2527
2537
2545
2550
2554
2561
2567
2569
2575
2577
2581
2585
2589
2599
2600
2604
2612
2615
2616
2618
2632
2635
2644
2657
2661
2662
2673
2675
2676
2680
2684
2697
2698
2701
2707
2710
2714
2715
2717
2723
2729
2731
2733
2739
2741
2760
2767
2775
2776
2781
2787
2788
2790
2792
2798
2800
2804
2819
2823
2826
2834
2836
2848
2859
2868
2874
2879
2882
2893
2895
2900
2920
2921
2927
2936
2945
2951
2963
2973
2981
2986
2995
3004
3036
3041
3053
3058
3063
3066
3071
3073
3078
3081
3086
3090
3091
3105
3109
3114
3119
3127
3129
3133
3136
3138
3147
3148
3159
3171
3179
3186
3188
3191
3196
3208
3215
3217
3220
3230
3233
3249
3261
3267
3273
3280
3289
3306
3311
3312
3318
3321
3322
3335
3343
3344
3346
3347
3361
3365
3367
3372
3380
3386
3388
3389
3391
3392
3393
3396
3400
3404
3408
3414
3425
3430
3432
3439
3458
3459
3461
3467
3469
3473
3474
3477
3480
3481
3501
3511
3514
3516
3518
3519
3523
3525
3537
3538
3540
3548
3549
3556
3562
3564
3565
3566
3572
3589
3590
3591
3597
3616
3622
3645
3647
3649
3652
3653
3656
3661
3662
3663
3667
3676
3677
3682
3683
3687
3689
3699
3703
3705
3710
3722
3728
3730
3735
3749
3754
3759
3766
3768
3771
3772
3773
3775
3776
3779
3783
3786
3789
3792
3793
3799
3807
3810
3814
3816
3820
3821
3827
3834
3836
3842
3843
3844
3846
3847
3861
3862
3876
3879
3881
3890
3897
3900
3903
3905
3909
3911
3920
3924
3937
3944
3947
3952
3957
3960
3965
3970
3974
3980
3984
3987
3995
4013
4015
4023
4032
4047
4050
4055
4058
4061
4070
4150
4161
4168
4183
4198
4203
4231
4252
4257
4286
4307
4318
4330
4331
4341
4344
4357
4381
4383
4398
4406
4414
4441
4445
4470
4482
4485
4499
4507
4508
4510
4511
4512
4517
4524
4525
4531
4535
4540
4542
4543
4546
4551
4556
4559
4567
4572
4584
4591
4592
4594
4596
4600
4605
4607
4609
4618
4626
4630
4640
4656
4660
4663
4670
4671
4674
4685
4689
4697
4701
4708
4721
4729
4734
4744
4747
4758
4777
4778
4787
4804
4808
4810
4813
4820
4823
4825
4828
4837
4848
4849
4850
4856
4864
4890
4893
4898
4901
4903
4913
4917
4918
4919
4923
4927
4929
4936
4946
4950
4969
4970
4989
4993
4995
4998
4999
5010
5013
5015
5018
5028
5037
5040
5042
5043
5050
5051
5056
5059
5067
5069
5072
5075
5076
5121
5122
5127
5129
5135
5139
5140
5151
5153
5156
5159
5163
5175
5178
5180
5185
5193
5196
5211
5214
5215
5217
5220
5223
5225
5227
5232
5236
5237
5238
5255
5258
5259
5261
5266
5270
5271
5278
5279
5280
5281
5297
5298
5301
5302
5307
5312
5313
5317
5322
5327
5333
5334
5337
5340
5352
5353
5360
5368
5370
5375
5377
5393
5394
5402
5405
5406
5423
5431
5432
5434
5441
5446
5449
5452
5454
5455
5457
5460
5461
5462
5464
5467
5471
5473
5477
5481
5484
5488
5489
5491
5500
5502
5503
5505
5506
5508
5509
5510
5511
5513
5514
5515
5517
5519
5520
5522
5531
5533
5535
5538
5543
5554
5555
5559
5561
5562
5564
5565
5569
5570
5571
5575
5578
5579
5582
5583
5589
5592
5594
5595
5597
5598
5599
5604
5606
5608
5613
5620
5627
5628
5630
5633
5638
5639
5647
5648
5650
5651
5652
5656
5658
5661
5664
5667
5668
5670
5672
5674
5676
5678
5681
5683
5684
5685
5687
5690
5696
5699
5700
5701
5702
5704
5707
5708
5709
5710
5712
5713
5715
5717
5721
5725
5730
5731
5734
5735
5736
5740
5741
5745
5746
5749
5751
5752
5757
5761
5762
5763
5765
5766
5769
5771
5772
5773
5779
5780
5781
5786
5787
5790
5792
5794
5798
5800
5803
5811
5813
5819
5822
5830
5831
5840
5845
5846
5847
5848
5850
5852
5853
5855
5856
5857
5858
5861
5863
5870
5871
5873
5874
5875
5879
5880
5882
5883
5884
5885
5886
5888
5892
5898
5902
5905
5906
5907
5912
5915
5918
5922
5923
5929
5931
5932
5938
5940
5941
5942
5947
5948
5951
5952
5953
5956
5958
5960
5962
5969
5978
5981
5984
5985
5986
5988
5993
5994
5995
6006
6014
6015
6018
6027
6034
6045
6056
6074
6090
6092
6101
6102
6103
6104
6107
6110
6129
6130
6132
6144
6154
6158
6164
6168
6175
6177
6179
6180
6184
6186
6192
6199
6205
6218
6219
6220
6235
6260
6264
6270
6271
6275
6289
6296
6304
6305
6307
6308
6314
6328
6329
6330
6333
6334
6335
6346
6364
6366
6368
6375
6384
6389
6398
6401
6406
6411
6413
6416
6417
6429
6431
6440
6455
6456
6466
6469
6480
6481
6484
6488
6489
6497
6500
6503
6513
6516
6519
6526
6531
6533
6543
6544
6557
6562
6565
6566
6570
6586
6588
6600
6608
6613
6621
6628
6634
6641
6655
6657
6660
6664
6665
6680
6685
6692
6712
6723
6724
6725
6743
6745
6756
6758
6777
6780
6782
6794
6802
6806
6809
6821
6829
6838
6839
6846
6850
6852
6853
6854
6862
6882
6887
6892
6897
6900
6901
6904
6909
6910
6913
6936
6939
6940
6941
6942
6949
6953
6955
6958
6961
6963
6967
6979
6996
6998
6999
7021
7027
7032
7037
7038
7040
7043
7045
7046
7055
7057
7058
7075
7083
7084
7091
7093
7094
7095
7096
7097
7099
7103
7105
7108
7128
7129
7133
7146
7148
7153
7156
7159
7160
7161
7171
7180
7182
7186
7188
7189
7196
7197
7207
7213
7217
7223
7226
7230
7241
7249
7250
7258
7263
7269
7270
7271
7272
7275
7276
7278
7310
7315
7329
7330
7331
7332
7335
7342
7348
7349
7356
7362
7369
7375
7388
7390
7402
7403
7404
7407
7409
7419
7421
7423
7433
7435
7438
7440
7441
7443
7444
7446
7454
7460
7462
7474
7483
7491
7507
7508
7510
7512
7515
7519
7520
7522
7529
7536
7541
7544
7548
7551
7553
7556
7567
7570
7585
7598
7602
7605
7609
7617
7629
7632
7640
7648
7649
7659
7669
7671
7672
7685
7692
7700
7702
7706
7709
7712
7726
7747
7749
7762
7763
7767
7771
7773
7776
7780
7785
7790
7802
7812
7827
7829
7830
7834
7835
7843
7850
7854
7875
7877
7890
7891
7893
7903
7912
7920
7927
7933
7936
7939
7940
7945
7953
7956
7957
7967
7974
7976
7984
8000
8003
8007
8016
8018
8025
8026
8033
8034
8040
8041
8045
8048
8050
8051
8059
8064
8068
8069
8071
8076
8078
8080
8081
8087
8090
8093
8094
8097
8100
8108
8111
8115
8116
8117
8118
8120
8122
8128
8131
8141
8143
8144
8146
8150
8153
8158
8159
8162
8170
8171
8177
8178
8181
8182
8183
8184
8186
8190
8192
8195
8201
8205
8206
8210
8214
8217
8222
8224
8226
8230
8231
8237
8241
8243
8247
8252
8263
8266
8270
8280
8284
8287
8289
8295
8298
8300
8311
8314
8335
8338
8339
8340
8341
8343
8345
8347
8350
8360
8361
8362
8364
8369
8373
8374
8378
8381
8387
8390
8391
8392
8394
8397
8398
8404
8407
8408
8415
8417
8418
8420
8423
8430
8432
8434
8436
8437
8439
8446
8448
8449
8452
8455
8458
8463
8468
8474
8476
8477
8478
8479
8481
8493
8499
8504
8524
8527
8531
8532
8547
8548
8555
8562
8563
8578
8589
8594
8599
8600
8636
8655
8671
8698
8717
8719
8722
8731
8733
8734
8743
8746
8761
8762
8764
8772
8777
8782
8796
8798
8799
8819
8837
8839
8842
8862
8869
8872
8873
8875
8877
8883
8892
8910
8916
8921
8939
8941
8950
8956
8960
8966
8968
8969
8980
8998
9004
9010
9011
9024
9030
9042
9056
9060
9063
9073
9078
9085
9094
9097
9100
9111
9114
9118
9124
9128
9132
9147
9151
9153
9157
9163
9166
9169
9174
9177
9185
9187
9188
9189
9195
9198
9204
9205
9215
9216
9221
9228
9234
9236
9237
9244
9247
9249
9251
9252
9260
9265
9268
9278
9281
9284
9286
9289
9294
9295
9300
9308
9325
9328
9336
9343
9353
9357
9359
9362
9364
9374
9376
9384
9385
9392
9393
9394
9404
9407
9409
9413
9418
9422
9426
9431
9432
9435
9436
9437
9442
9443
9450
9459
9463
9469
9472
9474
9478
9494
9508
9537
9543
9546
9552
9553
9556
9558
9564
9572
9573
9577
9583
9587
9588
9596
9606
9611
9618
9619
9620
9621
9623
9625
9646
9650
9653
9668
9673
9675
9686
9698
9705
9710
9718
9719
9731
9736
9740
9741
9744
9747
9755
9761
9763
9770
9771
9777
9782
9789
9791
9798
9806
9808
9810
9815
9817
9830
9833
9846
9863
9867
9869
9870
9873
9874
9882
9883
9886
9899
9904
9909
9913
9940
9944
9948
9949
9956
9960
9962
9964
9966
9972
9982
9993
9997
10026
10099
10150
10170
10174
10251
10278
10316
10335
10354
10392
10429
10430
10463
10479
10513
10538
10540
10545
10547
10566
10590
10602
10605
10607
10617
10621
10623
10632
10661
10670
10688
10698
10728
10732
10782
10795
10835
10857
10866
10887
10903
10934
10936
10940
10949
10954
10956
10976
11009
11017
11021
11025
11026
11027
11031
11032
11034
11036
11042
11046
11048
11051
11054
11055
11056
11070
11071
11072
11075
11079
11096
11097
11101
11103
11108
11110
11115
11119
11130
11136
11141
11144
11145
11150
11152
11154
11159
11163
11175
11187
11192
11193
11196
11197
11205
11208
11210
11213
11214
11215
11218
11219
11221
11222
11226
11227
11231
11235
11236
11239
11241
11246
11256
11260
11275
11278
11287
11298
11299
11302
11311
11321
11347
11350
11351
11353
11354
11357
11365
11367
11370
11375
11378
11380
11382
11384
11387
11390
11398
11402
11403
11410
11411
11412
11416
11417
11433
11434
11437
11442
11446
11449
11450
11459
11460
11463
11464
11465
11466
11472
11475
11476
11478
11483
11487
11488
11502
11506
11511
11515
11525
11529
11536
11539
11543
11548
11563
11592
11593
11619
11622
11625
11635
11641
11674
11688
11697
11710
11712
11724
11728
11747
11752
11769
11787
11790
11792
11799
11809
11810
11813
11830
11843
11848
11872
11877
11879
11881
11887
11898
11913
11925
11939
11941
11964
11965
11978
12016
12021
12029
12036
12039
12040
12041
12042
12068
12073
12084
12089
12097
12098
12119
12123
12143
12153
12159
12170
12173
12175
12182
12183
12210
12215
12217
12218
12224
12228
12233
12236
12255
12273
12280
12286
12297
12301
12311
12312
12314
12318
12341
12345
12351
12359
12365
12373
12391
12394
12398
12423
12434
12437
12438
12465
12473
12480
12486
12492
12503
12505
12508
12509
12510
12512
12514
12524
12531
12543
12545
12546
12549
12552
12554
12556
12559
12560
12563
12566
12568
12569
12572
12573
12574
12578
12580
12581
12584
12585
12598
12599
12600
12601
12604
12607
12608
12613
12614
12624
12625
12626
12633
12638
12642
12658
12660
12664
12666
12671
12672
12677
12678
12685
12690
12692
12700
12701
12705
12708
12711
12712
12714
12720
12721
12724
12728
12729
12744
12745
12748
12753
12755
12759
12760
12762
12765
12766
12767
12770
12780
12782
12789
12792
12801
12802
12811
12812
12828
12831
12833
12839
12842
12845
12846
12848
12849
12858
12861
12865
12868
12871
12873
12875
12880
12881
12903
12910
12911
12913
12926
12931
12933
12935
12937
12944
12948
12953
12957
12963
12964
12971
12974
12977
12979
12985
12987
12994
12996
12999
13001
13008
13020
13021
13030
13046
13048
13055
13056
13057
13060
13063
13090
13091
13092
13112
13115
13121
13122
13124
13126
13129
13142
13145
13147
13148
13149
13158
13159
13161
13163
13170
13172
13175
13180
13182
13184
13188
13196
13198
13207
13208
13214
13216
13219
13226
13227
13228
13232
13233
13236
13237
13241
13242
13245
13246
13250
13251
13252
13254
13259
13264
13269
13277
13279
13281
13290
13293
13294
13300
13301
13302
13303
13311
13321
13325
13327
13329
13332
13344
13345
13346
13349
13351
13355
13358
13359
13362
13369
13370
13374
13382
13383
13384
13387
13391
13394
13403
13406
13408
13411
13421
13434
13443
13451
13456
13457
13467
13470
13479
13482
13486
13487
13491
13497
13501
13511
13513
13514
13516
13522
13526
13531
13532
13535
13536
13538
13556
13566
13569
13570
13571
13573
13576
13580
13582
13586
13589
13590
13595
13599
13600
13604
13605
13611
13620
13623
13634
13636
13639
13643
13644
13646
13648
13651
13654
13657
13661
13667
13668
13674
13675
13679
13686
13687
13698
13699
13708
13709
13718
13719
13721
13722
13723
13724
13725
13726
13729
13734
13746
13747
13749
13750
13751
13752
13755
13756
13759
13760
13761
13768
13769
13771
13772
13778
13779
13784
13787
13789
13795
13796
13799
13804
13806
13807
13810
13815
13817
13819
13825
13827
13830
13831
13832
13834
13840
13844
13848
13849
13855
13856
13865
13868
13869
13871
13872
13875
13879
13882
13884
13885
13888
13897
13904
13912
13913
13916
13919
13942
13946
13954
13956
13957
13961
13966
13973
13975
13979
13984
13987
13988
13990
14001
14019
14023
14034
14040
14051
14055
14078
14081
14086
14089
14095
14115
14158
14161
14164
14191
14194
14195
14198
14199
14200
14210
14216
14220
14225
14228
14251
14269
14278
14283
14289
14294
14295
14302
14306
14307
14315
14320
14323
14324
14327
14328
14334
14335
14377
14378
14399
14414
14429
14434
14437
14445
14481
14496
14500
14503
14510
14511
14513
14515
14518
14526
14532
14541
14543
14545
14549
14550
14551
14554
14556
14558
14559
14564
14567
14568
14570
14571
14574
14580
14581
14582
14584
14586
14587
14588
14590
14592
14594
14597
14605
14608
14609
14610
14614
14618
14619
14621
14623
14626
14627
14635
14636
14641
14643
14644
14646
14650
14656
14657
14658
14662
14666
14668
14669
14672
14676
14677
14679
14687
14690
14691
14697
14698
14700
14701
14705
14706
14707
14711
14712
14716
14718
14720
14727
14730
14735
14744
14745
14746
14751
14755
14756
14759
14761
14767
14768
14771
14772
14775
14776
14777
14778
14781
14785
14789
14790
14792
14794
14796
14798
14803
14809
14812
14813
14817
14818
14819
14828
14831
14841
14844
14845
14853
14868
14869
14873
14874
14876
14882
14883
14885
14886
14887
14888
14889
14892
14898
14899
14906
14909
14912
14913
14916
14921
14926
14931
14933
14937
14938
14948
14949
14952
14953
14955
14957
14960
14962
14967
14968
14969
14972
14974
14976
14985
14987
14989
14991
14992
14994
14998
15017
15030
15038
15133
15148
15150
15155
15160
15172
15176
15192
15199
15209
15212
15217
15226
15233
15237
15246
15252
15261
15262
15268
15273
15274
15277
15279
15285
15286
15289
15290
15299
15300
15319
15329
15331
15338
15352
15354
15357
15377
15385
15394
15395
15399
15402
15414
15418
15432
15437
15443
15444
15452
15454
15462
15464
15465
15473
15504
15509
15510
15519
15529
15530
15535
15537
15545
15548
15553
15561
15566
15585
15587
15591
15597
15601
15613
15615
15616
15626
15634
15640
15641
15648
15652
15653
15657
15670
15672
15674
15678
15680
15684
15698
15700
15701
15712
15715
15729
15750
15765
15767
15768
15780
15783
15785
15791
15794
15813
15820
15826
15828
15834
15839
15842
15846
15847
15859
15860
15863
15865
15867
15881
15885
15889
15901
15904
15912
15915
15929
15941
15950
15955
15971
15991
15994
15997
16000
16001
16005
16007
16014
16026
16034
16035
16045
16048
16049
16051
16054
16055
16056
16057
16058
16061
16065
16066
16067
16069
16086
16088
16092
16102
16103
16104
16105
16107
16108
16111
16112
16113
16116
16117
16121
16134
16136
16137
16138
16150
16154
16155
16163
16165
16167
16168
16170
16172
16173
16174
16175
16176
16177
16182
16185
16189
16191
16192
16201
16204
16205
16206
16211
16212
16213
16223
16224
16225
16226
16229
16232
16233
16234
16237
16238
16239
16241
16242
16246
16248
16252
16253
16256
16262
16265
16267
16269
16270
16273
16274
16277
16279
16281
16284
16292
16297
16300
16304
16305
16306
16308
16311
16313
16317
16319
16320
16327
16328
16332
16336
16342
16343
16345
16347
16349
16350
16355
16357
16363
16364
16366
16368
16370
16375
16376
16378
16380
16384
16385
16388
16389
16390
16393
16396
16398
16401
16403
16411
16413
16417
16422
16423
16424
16426
16427
16428
16431
16438
16441
16443
16448
16451
16453
16455
16456
16459
16460
16461
16462
16463
16466
16480
16481
16485
16486
16493
16497
16498
16502
16507
16508
16513
16529
16531
16537
16548
16549
16550
16560
16565
16569
16573
16577
16578
16581
16593
16597
16609
16615
16617
16623
16632
16643
16644
16645
16651
16653
16655
16659
16665
16672
16675
16677
16679
16688
16692
16696
16697
16698
16711
16712
16715
16733
16734
16738
16742
16745
16747
16757
16759
16772
16775
16778
16785
16790
16794
16796
16801
16804
16808
16812
16813
16817
16827
16829
16831
16832
16845
16847
16850
16852
16854
16857
16862
16863
16865
16869
16871
16873
16874
16885
16901
16902
16910
16915
16922
16923
16924
16926
16933
16938
16939
16943
16945
16951
16953
16961
16969
16971
16979
16995
16999
17002
17008
17009
17012
17029
17047
17051
17061
17083
17088
17093
17101
17108
17112
17123
17127
17139
17146
17162
17163
17179
17193
17194
17201
17206
17211
17233
17238
17239
17242
17244
17245
17248
17251
17252
17255
17264
17268
17274
17280
17283
17290
17301
17322
17333
17334
17335
17344
17349
17350
17351
17356
17357
17362
17375
17383
17384
17397
17398
17400
17412
17420
17436
17440
17460
17462
17465
17466
17475
17478
17482
17497
17498
17500
17502
17503
17505
17507
17510
17515
17518
17524
17527
17530
17531
17538
17539
17541
17542
17545
17546
17548
17550
17551
17553
17554
17555
17557
17560
17562
17563
17564
17566
17571
17574
17576
17577
17581
17586
17587
17591
17599
17601
17603
17606
17607
17609
17611
17614
17616
17618
17621
17622
17626
17627
17628
17629
17630
17631
17633
17636
17642
17644
17645
17648
17650
17654
17657
17663
17667
17670
17673
17676
17677
17685
17686
17694
17699
17700
17704
17707
17708
17709
17710
17713
17716
17719
17725
17727
17736
17740
17742
17743
17744
17746
17747
17749
17750
17752
17755
17758
17759
17760
17761
17763
17768
17769
17775
17777
17780
17781
17783
17785
17786
17788
17789
17791
17793
17794
17796
17797
17798
17799
17801
17806
17808
17810
17812
17814
17815
17821
17822
17825
17826
17829
17830
17831
17833
17835
17839
17840
17842
17843
17845
17846
17848
17849
17850
17853
17858
17860
17861
17863
17864
17865
17870
17872
17874
17876
17878
17879
17881
17883
17884
17887
17888
17889
17891
17892
17893
17899
17901
17902
17904
17910
17912
17917
17920
17921
17922
17923
17927
17928
17931
17933
17940
17941
17942
17944
17945
17948
17949
17950
17951
17954
17956
17958
17960
17961
17962
17963
17964
17966
17969
17973
17974
17975
17977
17979
17980
17983
17989
17990
17991
17994
17995
17998
17999
18000
18001
18035
18040
18046
18051
18052
18060
18091
18092
18107
18116
18123
18125
18134
18170
18173
18180
18181
18194
18206
18221
18222
18225
18228
18240
18242
18249
18283
18294
18317
18324
18360
18363
18364
18381
18382
18389
18400
18428
18429
18442
18448
18458
18478
18480
18501
18506
18507
18516
18528
18529
18536
18553
18558
18567
18568
18580
18602
18608
18613
18624
18630
18644
18649
18652
18662
18669
18685
18688
18690
18725
18731
18738
18743
18749
18759
18763
18767
18782
18790
18801
18810
18818
18822
18835
18856
18876
18913
18920
18923
18934
18936
18940
18960
18962
18964
18980
18981
18984
19001
19003
19005
19008
19010
19011
19014
19016
19021
19024
19029
19030
19039
19040
19044
19049
19052
19057
19058
19059
19066
19068
19069
19070
19075
19078
19080
19085
19086
19088
19090
19092
19093
19094
19095
19096
19098
19099
19103
19106
19107
19110
19111
19115
19116
19118
19124
19126
19127
19135
19136
19137
19138
19158
19165
19169
19171
19178
19182
19186
19187
19190
19195
19197
19199
19200
19209
19210
19213
19214
19215
19216
19217
19218
19234
19236
19237
19241
19243
19251
19252
19256
19257
19259
19261
19262
19263
19268
19270
19272
19274
19276
19278
19281
19285
19295
19298
19302
19303
19312
19315
19318
19319
19320
19322
19324
19325
19327
19330
19331
19336
19337
19343
19344
19345
19350
19351
19354
19356
19358
19362
19364
19365
19372
19391
19398
19411
19413
19415
19421
19423
19427
19428
19429
19430
19434
19435
19440
19444
19447
19450
19455
19466
19467
19468
19473
19476
19477
19479
19482
19483
19487
19488
19490
19492
19495
19497
19498
19522
19546
19581
19602
19612
19626
19630
19659
19662
19675
19682
19726
19739
19743
19755
19761
19782
19793
19794
19796
19830
19839
19865
19867
19879
19883
19903
19910
19928
19933
19941
19943
19948
19961
20001
20002
20005
20006
20007
20009
20010
20011
20013
20017
20018
20025
20026
20028
20029
20031
20033
20036
20037
20039
20041
20043
20046
20050
20052
20055
20057
20058
20060
20061
20063
20066
20069
20071
20073
20079
20080
20083
20084
20086
20087
20089
20090
20091
20094
20095
20097
20098
20112
20113
20114
20122
20124
20125
20126
20128
20132
20135
20141
20144
20145
20147
20153
20155
20157
20158
20161
20165
20166
20167
20170
20172
20173
20174
20176
20177
20179
20181
20183
20184
20191
20192
20194
20195
20197
20200
20205
20206
20207
20209
20212
20214
20215
20218
20221
20224
20226
20228
20230
20231
20233
20238
20242
20244
20245
20246
20247
20248
20254
20259
20260
20261
20264
20267
20273
20277
20278
20279
20280
20282
20283
20286
20288
20289
20290
20292
20297
20299
20302
20303
20305
20308
20309
20310
20312
20316
20317
20318
20320
20323
20328
20330
20332
20333
20335
20337
20339
20342
20344
20347
20352
20353
20354
20356
20357
20364
20365
20367
20368
20373
20376
20379
20380
20386
20390
20391
20393
20396
20397
20399
20401
20402
20403
20404
20405
20409
20417
20418
20422
20423
20427
20430
20431
20433
20436
20441
20442
20443
20444
20446
20452
20454
20455
20456
20457
20458
20460
20465
20466
20471
20472
20473
20475
20476
20477
20479
20480
20482
20487
20488
20491
20496
20498
20504
20511
20513
20517
20528
20535
20540
20545
20549
20553
20562
20588
20594
20599
20608
20610
20619
20620
20625
20630
20631
20642
20661
20662
20672
20684
20687
20695
20696
20701
20710
20723
20727
20733
20767
20768
20777
20814
20819
20832
20845
20846
20850
20865
20866
20871
20877
20878
20884
20887
20895
20896
20906
20909
20912
20914
20915
20919
20924
20929
20943
20948
20958
20962
20973
20976
20977
21002
21023
21026
21044
21048
21051
21053
21056
21083
21087
21111
21115
21126
21128
21141
21167
21173
21174
21175
21180
21195
21197
21201
21204
21215
21220
21223
21233
21245
21247
21251
21259
21305
21307
21308
21312
21318
21329
21349
21352
21365
21368
21369
21370
21382
21384
21397
21406
21427
21439
21441
21451
21462
21469
21472
21487
21490
21524
21528
21538
21539
21541
21543
21545
21551
21553
21558
21560
21572
21591
21594
21596
21599
21600
21603
21618
21621
21639
21642
21643
21644
21646
21652
21671
21681
21685
21686
21692
21703
21706
21709
21716
21717
21724
21733
21736
21738
21739
21746
21749
21751
21764
21765
21780
21783
21797
21800
21810
21830
21831
21840
21841
21845
21851
21855
21874
21893
21894
21901
21903
21910
21912
21918
21921
21924
21929
21937
21940
21947
21962
21969
21971
21972
21974
21975
21992
21993
21994
22005
22006
22010
22011
22014
22018
22021
22022
22024
22034
22037
22039
22044
22049
22054
22056
22061
22063
22068
22069
22070
22072
22077
22080
22081
22084
22086
22088
22089
22090
22092
22093
22096
22097
22099
22100
22103
22107
22109
22114
22115
22117
22118
22125
22131
22138
22140
22143
22147
22148
22150
22151
22154
22157
22159
22169
22175
22177
22184
22186
22187
22189
22190
22196
22197
22203
22205
22206
22210
22211
22212
22217
22222
22231
22234
22236
22239
22242
22245
22246
22248
22250
22253
22257
22258
22260
22262
22264
22268
22270
22274
22280
22286
22289
22293
22294
22295
22297
22302
22306
22307
22308
22315
22316
22321
22327
22328
22336
22339
22344
22345
22346
22347
22350
22351
22352
22355
22356
22360
22361
22362
22368
22371
22374
22377
22378
22381
22383
22384
22385
22388
22392
22394
22397
22403
22406
22407
22408
22412
22414
22416
22422
22430
22431
22435
22437
22445
22448
22449
22450
22454
22458
22463
22465
22466
22468
22469
22479
22480
22481
22482
22483
22487
22489
22495
22498
22500
22501
22502
22503
22504
22506
22507
22510
22512
22513
22515
22521
22523
22525
22526
22528
22530
22531
22536
22539
22542
22543
22546
22547
22551
22553
22554
22555
22558
22559
22565
22567
22571
22573
22575
22576
22579
22581
22583
22584
22586
22587
22590
22591
22593
22596
22598
22601
22602
22605
22606
22611
22614
22617
22618
22620
22621
22622
22623
22625
22628
22629
22630
22632
22636
22637
22639
22640
22642
22645
22646
22647
22654
22656
22658
22669
22671
22675
22677
22684
22685
22688
22689
22690
22692
22694
22695
22696
22699
22700
22704
22709
22713
22715
22718
22719
22720
22721
22725
22726
22731
22734
22735
22736
22737
22738
22739
22742
22743
22748
22749
22752
22757
22759
22761
22762
22764
22765
22770
22771
22772
22774
22776
22777
22778
22779
22780
22784
22785
22786
22788
22790
22791
22792
22793
22794
22796
22798
22800
22801
22802
22804
22805
22806
22811
22812
22814
22815
22816
22818
22820
22823
22825
22826
22827
22828
22831
22832
22835
22836
22837
22838
22842
22845
22846
22847
22848
22849
22850
22852
22853
22854
22856
22857
22859
22861
22863
22864
22868
22869
22870
22872
22874
22876
22878
22879
22882
22884
22885
22886
22889
22890
22891
22892
22897
22899
22900
22901
22903
22904
22910
22911
22912
22915
22916
22917
22920
22921
22922
22923
22926
22927
22929
22930
22931
22935
22937
22939
22940
22941
22942
22944
22945
22948
22949
22950
22951
22952
22954
22956
22958
22959
22962
22963
22965
22968
22970
22971
22972
22973
22974
22981
22984
22986
22987
22988
22992
22993
22994
22995
22998
23006
23012
23019
23023
23031
23044
23046
23048
23051
23057
23058
23067
23069
23070
23072
23080
23088
23093
23095
23098
23099
23100
23107
23108
23109
23111
23113
23122
23125
23129
23132
23134
23141
23148
23149
23155
23158
23162
23165
23167
23168
23172
23181
23186
23187
23204
23207
23215
23221
23229
23234
23236
23237
23239
23241
23245
23253
23259
23278
23284
23296
23297
23300
23304
23319
23320
23324
23339
23341
23344
23346
23372
23377
23378
23389
23395
23399
23403
23407
23408
23409
23416
23421
23425
23427
23432
23439
23440
23457
23460
23473
23485
23488
23493
23494
23496
23506
23509
23522
23523
23528
23532
23543
23544
23548
23556
23562
23564
23576
23621
23622
23645
23656
23670
23683
23710
23720
23727
23732
23755
23771
23780
23781
23785
23788
23793
23801
23808
23816
23822
23831
23839
23842
23853
23866
23880
23941
23944
23950
23959
23978
23993
23994
24021
24025
24037
24049
24066
24080
24082
24106
24108
24132
24134
24135
24147
24165
24168
24176
24193
24210
24214
24217
24244
24252
24279
24293
24317
24320
24325
24344
24354
24378
24387
24401
24411
24424
24427
24429
24435
24437
24478
24492
24497
24498
24508
24534
24552
24571
24600
24623
24626
24642
24657
24677
24701
24738
24746
24755
24758
24772
24788
24793
24801
24812
24829
24841
24852
24867
24900
24927
24939
24943
24946
24954
24955
24991
25000
25003
25004
25009
25011
25015
25016
25017
25019
25023
25024
25026
25027
25028
25029
25030
25031
25032
25034
25035
25037
25038
25040
25044
25045
25046
25050
25051
25056
25058
25059
25062
25063
25065
25066
25067
25070
25076
25079
25083
25084
25085
25086
25087
25091
25095
25099
25101
25103
25105
25108
25110
25111
25112
25119
25120
25121
25123
25126
25133
25135
25139
25140
25141
25142
25144
25145
25146
25147
25148
25149
25150
25155
25157
25165
25166
25167
25168
25169
25172
25173
25174
25176
25180
25182
25186
25196
25197
25199
25200
25201
25202
25203
25210
25212
25214
25223
25226
25228
25229
25230
25235
25238
25240
25244
25247
25250
25252
25253
25254
25256
25257
25261
25262
25264
25278
25281
25285
25288
25291
25293
25295
25296
25297
25302
25305
25308
25310
25311
25317
25319
25322
25323
25328
25329
25330
25332
25333
25337
25339
25340
25341
25342
25355
25357
25360
25361
25362
25363
25365
25369
25372
25373
25375
25379
25381
25384
25389
25393
25395
25398
25399
25401
25403
25409
25411
25418
25421
25422
25423
25424
25425
25427
25429
25431
25435
25436
25444
25447
25450
25451
25455
25456
25457
25458
25459
25463
25464
25465
25468
25471
25474
25475
25479
25480
25483
25484
25485
25489
25490
25491
25492
25493
25494
25495
25504
25508
25509
25513
25515
25522
25530
25536
25537
25542
25548
25549
25557
25562
25566
25568
25569
25580
25589
25594
25595
25598
25603
25609
25612
25619
25620
25623
25633
25636
25638
25639
25640
25641
25643
25648
25652
25656
25660
25667
25681
25693
25695
25697
25701
25708
25716
25717
25727
25728
25730
25736
25737
25743
25751
25752
25759
25763
25768
25772
25775
25784
25791
25798
25799
25801
25803
25805
25806
25813
25816
25821
25823
25825
25838
25840
25842
25844
25854
25867
25872
25873
25875
25885
25886
25895
25898
25906
25908
25911
25920
25922
25930
25933
25935
25952
25960
25966
25968
25971
25981
25982
25995
25997
25998
25999
26032
26048
26216
26220
26261
26270
26434
26447
26541
26542
26555
26558
26561
26572
26581
26582
26583
26593
26597
26601
26604
26608
26611
26619
26621
26626
26640
26646
26650
26653
26655
26664
26667
26685
26688
26689
26692
26698
26706
26707
26718
26720
26721
26730
26732
26734
26737
26739
26740
26743
26747
26755
26762
26767
26775
26780
26781
26783
26784
26788
26789
26801
26813
26817
26818
26825
26843
26847
26851
26854
26877
26884
26887
26889
26891
26893
26894
26896
26910
26920
26923
26932
26933
26934
26935
26982
26995
27048
27065
27070
27071
27080
27089
27092
27097
27099
27117
27124
27133
27145
27150
27153
27166
27173
27184
27188
27196
27198
27204
27206
27212
27238
27241
27302
27303
27306
27308
27318
27319
27321
27328
27330
27333
27338
27340
27358
27363
27366
27371
27393
27410
27419
27421
27461
27470
27487
27499
27505
27506
27507
27511
27512
27513
27514
27515
27517
27518
27519
27522
27523
27524
27525
27526
27529
27532
27533
27534
27535
27536
27539
27540
27541
27543
27545
27551
27552
27553
27557
27558
27559
27560
27561
27562
27563
27565
27567
27568
27570
27571
27572
27573
27574
27578
27579
27582
27583
27586
27587
27588
27589
27590
27591
27595
27596
27598
27599
27600
27603
27605
27607
27609
27610
27611
27612
27613
27614
27615
27616
27617
27618
27622
27623
27624
27625
27627
27629
27630
27632
27634
27637
27638
27640
27641
27642
27643
27644
27645
27646
27650
27651
27654
27655
27657
27658
27661
27666
27668
27669
27670
27672
27674
27675
27677
27680
27684
27685
27686
27687
27688
27689
27690
27691
27692
27695
27696
27697
27698
27700
27702
27703
27704
27705
27708
27711
27712
27713
27714
27715
27716
27717
27718
27719
27720
27723
27724
27725
27726
27728
27729
27731
27733
27734
27737
27740
27741
27742
27743
27744
27745
27746
27747
27748
27749
27750
27751
27752
27753
27756
27757
27758
27759
27761
27763
27764
27766
27768
27771
27772
27773
27775
27776
27777
27778
27779
27780
27784
27786
27787
27789
27790
27792
27793
27794
27795
27798
27799
27804
27805
27807
27808
27812
27813
27817
27820
27825
27826
27829
27831
27837
27838
27839
27845
27846
27850
27853
27855
27857
27858
27863
27864
27866
27867
27868
27869
27875
27876
27877
27878
27883
27884
27885
27887
27889
27890
27891
27893
27897
27899
27900
27901
27902
27903
27904
27907
27909
27910
27913
27914
27917
27920
27924
27926
27927
27928
27929
27931
27932
27933
27934
27935
27936
27939
27940
27941
27943
27947
27951
27952
27953
27954
27955
27957
27958
27960
27961
27962
27963
27964
27965
27968
27971
27972
27973
27974
27978
27983
27985
27986
27987
27988
27989
27990
27991
27992
27993
27994
27998
27999
28021
28028
28035
28059
28068
28075
28096
28098
28103
28114
28130
28137
28139
28140
28142
28152
28167
28183
28212
28214
28223
28224
28229
28233
28246
28248
28250
28254
28270
28276
28287
28303
28307
28317
28322
28324
28338
28360
28370
28376
28377
28387
28389
28393
28415
28419
28422
28430
28440
28456
28475
28491
28494
28497
28501
28503
28509
28516
28522
28528
28529
28530
28531
28535
28536
28537
28559
28561
28569
28604
28622
28623
28624
28625
28653
28668
28672
28682
28684
28697
28703
28709
28719
28727
28731
28744
28756
28766
28771
28772
28784
28788
28792
28801
28816
28822
28829
28831
28837
28839
28852
28860
28862
28871
28888
28897
28912
28923
28932
28939
28964
28983
28992
28995
28997
29000
29053
29055
29059
29097
29151
29155
29159
29168
29174
29194
29210
29224
29247
29285
29287
29290
29318
29353
29367
29368
29380
29388
29399
29404
29416
29424
29439
29444
29445
29501
29504
29508
29510
29512
29515
29519
29523
29525
29526
29528
29530
29531
29534
29535
29539
29544
29548
29551
29552
29553
29556
29558
29560
29561
29568
29571
29576
29578
29579
29583
29585
29603
29604
29605
29606
29607
29609
29612
29613
29614
29618
29621
29625
29627
29628
29638
29639
29640
29648
29654
29655
29661
29662
29663
29665
29667
29671
29672
29673
29674
29675
29677
29679
29682
29686
29694
29695
29698
29710
29713
29714
29715
29718
29720
29722
29724
29725
29729
29730
29731
29732
29734
29737
29738
29740
29745
29747
29751
29756
29759
29760
29763
29764
29766
29768
29771
29774
29776
29779
29780
29788
29791
29799
29809
29811
29814
29815
29824
29829
29830
29831
29832
29833
29834
29837
29840
29843
29844
29852
29853
29854
29856
29869
29872
29873
29874
29876
29882
29889
29892
29893
29895
29905
29906
29909
29910
29911
29913
29914
29918
29919
29922
29923
29924
29925
29928
29931
29932
29933
29934
29940
29942
29945
29947
29948
29952
29957
29958
29962
29965
29968
29970
29974
29975
29978
29982
29986
29988
29989
29995
29996
30009
30011
30014
30028
30031
30034
30035
30040
30057
30060
30063
30071
30075
30085
30105
30109
30114
30128
30129
30141
30147
30153
30155
30176
30179
30188
30189
30196
30205
30225
30238
30241
30244
30253
30262
30267
30271
30297
30298
30308
30309
30312
30343
30352
30363
30370
30379
30391
30393
30399
30406
30434
30439
30443
30452
30455
30472
30479
30483
30487
30495
30497
30506
30512
30519
30520
30524
30525
30526
30535
30543
30555
30560
30585
30593
30594
30597
30606
30644
30661
30665
30671
30680
30681
30705
30706
30715
30720
30739
30747
30769
30773
30780
30795
30800
30816
30817
30825
30834
30836
30843
30845
30853
30857
30868
30869
30876
30878
30884
30892
30896
30905
30908
30913
30914
30915
30917
30931
30953
30959
30968
30969
30974
31003
31005
31012
31014
31022
31025
31026
31029
31031
31038
31041
31043
31046
31050
31051
31058
31061
31063
31067
31072
31073
31078
31085
31089
31090
31106
31109
31115
31117
31119
31123
31129
31131
31132
31135
31138
31143
31153
31157
31167
31170
31177
31179
31180
31190
31195
31198
31201
31202
31210
31216
31235
31238
31239
31250
31251
31253
31259
31260
31267
31268
31273
31281
31282
31283
31286
31298
31304
31308
31311
31314
31315
31317
31330
31336
31341
31345
31346
31349
31352
31354
31355
31357
31358
31360
31364
31370
31374
31375
31382
31386
31389
31393
31394
31395
31403
31404
31408
31412
31417
31422
31423
31426
31429
31432
31433
31438
31449
31454
31461
31467
31475
31480
31482
31489
31490
31493
31495
31497
31499
31503
31506
31513
31518
31527
31537
31545
31546
31547
31551
31553
31558
31564
31565
31573
31574
31587
31592
31598
31602
31612
31617
31630
31638
31647
31649
31659
31670
31674
31681
31683
31684
31690
31691
31692
31694
31703
31707
31719
31722
31724
31732
31735
31737
31741
31743
31746
31761
31762
31763
31766
31767
31781
31784
31786
31787
31788
31791
31799
31804
31815
31817
31822
31824
31827
31829
31830
31834
31836
31852
31859
31862
31869
31872
31874
31877
31878
31885
31888
31894
31895
31896
31903
31919
31924
31925
31940
31963
31968
31974
31975
31976
31983
31984
31986
31988
31989
31993
31998
32004
32008
32009
32014
32015
32017
32027
32033
32038
32044
32050
32056
32059
32061
32062
32063
32067
32068
32072
32073
32074
32077
32083
32086
32087
32094
32098
32102
32103
32107
32116
32123
32128
32133
32135
32140
32146
32152
32154
32158
32159
32160
32161
32164
32167
32170
32173
32175
32179
32182
32196
32197
32199
32200
32201
32202
32203
32205
32210
32213
32217
32220
32222
32226
32232
32235
32240
32242
32243
32245
32246
32257
32258
32262
32263
32264
32273
32276
32277
32278
32281
32284
32285
32287
32292
32294
32295
32296
32297
32302
32305
32308
32310
32314
32317
32320
32321
32322
32326
32329
32330
32331
32336
32337
32340
32342
32345
32347
32356
32357
32369
32381
32392
32400
32403
32405
32409
32424
32425
32430
32431
32432
32435
32453
32455
32457
32458
32459
32462
32463
32465
32472
32475
32479
32486
32490
32494
32498
32501
32502
32506
32507
32508
32510
32512
32513
32515
32517
32518
32519
32520
32521
32522
32523
32527
32528
32530
32536
32537
32539
32541
32545
32547
32552
32559
32560
32562
32563
32564
32566
32567
32568
32569
32571
32573
32574
32580
32582
32583
32584
32586
32589
32590
32593
32594
32595
32597
32598
32599
32605
32606
32609
32610
32612
32613
32616
32617
32618
32619
32620
32623
32625
32626
32628
32629
32631
32633
32635
32639
32645
32646
32647
32648
32649
32651
32652
32654
32658
32663
32665
32666
32668
32671
32673
32674
32675
32678
32679
32682
32684
32686
32687
32688
32689
32691
32692
32693
32694
32696
32698
32700
32701
32702
32703
32704
32705
32706
32709
32710
32711
32712
32714
32715
32718
32719
32721
32723
32724
32726
32727
32728
32729
32732
32733
32736
32737
32738
32743
32751
32753
32754
32756
32760
32762
32769
32771
32773
32776
32780
32781
32782
32784
32785
32786
32792
32793
32796
32797
32798
32799
32800
32801
32802
32804
32806
32807
32808
32809
32810
32814
32817
32818
32820
32822
32823
32824
32831
32834
32837
32838
32839
32842
32843
32844
32846
32847
32848
32849
32850
32851
32852
32854
32856
32860
32863
32867
32868
32869
32871
32872
32878
32881
32882
32884
32885
32886
32887
32888
32889
32890
32892
32893
32894
32895
32896
32899
32902
32907
32910
32913
32915
32918
32919
32920
32921
32923
32924
32929
32930
32931
32935
32936
32940
32942
32944
32945
32946
32947
32949
32950
32955
32956
32958
32959
32960
32965
32966
32969
32971
32975
32977
32979
32980
32984
32986
32987
32989
32990
32992
32993
32994
32997
33006
33008
33016
33023
33025
33027
33028
33045
33047
33057
33065
33066
33067
33073
33076
33080
33081
33083
33105
33107
33116
33119
33120
33134
33138
33148
33152
33159
33171
33200
33202
33207
33216
33221
33222
33226
33232
33233
33240
33246
33253
33269
33270
33286
33293
33334
33337
33339
33344
33347
33377
33391
33393
33404
33405
33412
33417
33419
33420
33445
33447
33451
33453
33468
33485
33489
33494
33495
33499
33501
33507
33515
33516
33519
33523
33535
33539
33544
33552
33553
33555
33557
33558
33561
33563
33576
33581
33584
33585
33589
33590
33591
33593
33597
33603
33609
33611
33614
33615
33616
33619
33624
33625
33629
33636
33638
33642
33644
33651
33664
33665
33668
33670
33672
33675
33688
33690
33691
33698
33710
33712
33713
33714
33725
33727
33732
33734
33736
33738
33740
33750
33752
33764
33772
33785
33789
33790
33793
33794
33795
33799
33805
33808
33810
33814
33815
33817
33820
33825
33826
33833
33838
33841
33843
33845
33846
33847
33848
33851
33854
33864
33865
33871
33876
33877
33878
33880
33881
33883
33884
33888
33890
33892
33896
33900
33902
33912
33915
33921
33922
33934
33938
33943
33946
33947
33949
33950
33951
33952
33955
33959
33961
33963
33964
33965
33968
33969
33970
33973
33976
33979
33980
33981
33982
33987
33988
33990
33992
33996
33999
34008
34009
34015
34061
34069
34078
34179
34325
34362
34455
34498
34505
34528
34548
34556
34565
34566
34590
34600
34602
34624
34632
34633
34640
34641
34642
34643
34646
34658
34663
34674
34678
34694
34715
34721
34724
34729
34738
34746
34753
34754
34756
34775
34780
34781
34785
34823
34831
34839
34845
34847
34848
34854
34876
34883
34887
34896
34904
34910
34914
34915
34922
34927
34963
34968
34981
34996
34998
35015
35039
35048
35072
35082
35083
35103
35110
35121
35129
35130
35137
35145
35151
35153
35168
35170
35171
35182
35183
35186
35189
35205
35220
35229
35242
35250
35253
35254
35262
35272
35293
35306
35316
35318
35324
35346
35348
35359
35363
35369
35376
35377
35382
35383
35388
35392
35398
35404
35408
35420
35421
35425
35426
35431
35433
35440
35441
35446
35448
35457
35471
35478
35479
35488
35498
35500
35504
35506
35518
35559
35574
35579
35593
35601
35637
35638
35688
35700
35704
35711
35739
35744
35764
35769
35779
35789
35790
35791
35794
35840
35853
35872
35876
35883
35886
35908
35915
35917
35934
35944
35952
35966
35976
36000
36002
36003
36006
36007
36009
36011
36017
36019
36021
36022
36026
36027
36028
36030
36031
36032
36033
36034
36035
36037
36038
36039
36041
36042
36043
36044
36045
36046
36048
36050
36051
36053
36054
36056
36058
36059
36060
36062
36063
36064
36069
36070
36078
36079
36082
36083
36086
36088
36089
36090
36091
36094
36096
36099
36100
36101
36102
36103
36105
36107
36108
36110
36112
36113
36117
36118
36119
36120
36122
36123
36125
36126
36128
36132
36134
36135
36137
36138
36141
36143
36144
36145
36148
36150
36151
36154
36155
36156
36157
36162
36164
36166
36169
36170
36172
36173
36174
36177
36182
36183
36185
36187
36188
36189
36190
36191
36193
36195
36196
36198
36199
36204
36206
36207
36208
36209
36210
36211
36212
36214
36215
36219
36223
36224
36226
36227
36230
36234
36235
36238
36240
36242
36244
36248
36249
36250
36251
36252
36254
36256
36257
36258
36259
36260
36263
36264
36267
36268
36269
36270
36273
36274
36276
36278
36279
36281
36282
36283
36284
36285
36287
36295
36297
36298
36300
36301
36303
36304
36306
36310
36317
36321
36322
36324
36326
36327
36328
36329
36330
36332
36333
36334
36336
36342
36343
36347
36348
36352
36353
36354
36355
36356
36357
36359
36362
36365
36366
36367
36369
36370
36371
36374
36376
36377
36378
36379
36384
36385
36386
36388
36389
36391
36393
36396
36399
36400
36402
36403
36405
36408
36409
36410
36412
36413
36417
36418
36419
36421
36422
36424
36425
36426
36427
36428
36433
36434
36435
36436
36437
36441
36442
36444
36447
36449
36450
36451
36453
36454
36463
36464
36465
36466
36467
36468
36469
36470
36472
36473
36475
36476
36480
36481
36482
36488
36489
36490
36494
36497
36500
36516
36527
36530
36536
36537
36542
36544
36545
36546
36548
36552
36553
36554
36559
36566
36576
36577
36582
36583
36585
36588
36591
36593
36601
36605
36607
36612
36614
36618
36621
36630
36631
36637
36642
36644
36645
36647
36650
36653
36659
36666
36669
36671
36672
36681
36682
36688
36691
36694
36704
36706
36709
36719
36723
36727
36732
36740
36741
36743
36744
36747
36761
36762
36778
36779
36782
36786
36811
36814
36823
36825
36832
36836
36838
36842
36844
36847
36869
36875
36876
36885
36895
36902
36911
36912
36915
36917
36923
36931
36943
36946
36957
36965
36969
36970
36976
36981
36983
36987
36993
37006
37022
37024
37025
37040
37048
37050
37066
37069
37072
37076
37087
37099
37105
37120
37122
37143
37152
37158
37179
37181
37182
37189
37191
37195
37200
37209
37213
37227
37228
37234
37237
37247
37251
37262
37273
37286
37290
37294
37306
37322
37327
37328
37331
37344
37349
37353
37357
37358
37360
37362
37375
37385
37387
37399
37403
37418
37428
37429
37449
37451
37454
37455
37456
37480
37482
37485
37491
37495
37496
37498
37519
37549
37563
37612
37616
37635
37693
37699
37711
37713
37734
37742
37745
37746
37800
37822
37840
37850
37893
37914
37942
37944
37947
37956
37973
38000
38003
38036
38043
38056
38073
38097
38128
38134
38148
38161
38210
38218
38220
38272
38273
38281
38282
38294
38333
38354
38357
38405
38407
38421
38436
38442
38453
38463
38488
38493
38500
38502
38507
38510
38512
38513
38514
38515
38520
38523
38524
38532
38533
38540
38543
38546
38550
38553
38555
38556
38565
38577
38583
38589
38594
38597
38607
38614
38615
38618
38620
38632
38633
38634
38637
38638
38642
38650
38651
38653
38663
38664
38666
38671
38673
38676
38680
38685
38691
38693
38697
38701
38713
38714
38721
38723
38727
38729
38730
38732
38734
38738
38746
38749
38752
38753
38761
38763
38764
38765
38767
38768
38770
38772
38778
38782
38784
38791
38797
38798
38801
38804
38816
38820
38821
38830
38832
38836
38837
38843
38858
38859
38866
38868
38873
38877
38878
38879
38884
38896
38897
38905
38917
38927
38928
38930
38931
38932
38934
38937
38945
38949
38950
38951
38953
38955
38957
38959
38960
38964
38965
38968
38969
38986
38989
38994
38997
38998
38999
39003
39004
39005
39006
39009
39013
39027
39033
39038
39040
39043
39044
39046
39047
39052
39054
39057
39066
39069
39072
39073
39075
39076
39081
39086
39092
39094
39096
39107
39108
39117
39118
39119
39125
39126
39128
39132
39133
39136
39137
39138
39142
39148
39152
39159
39162
39164
39165
39167
39169
39173
39174
39182
39185
39194
39196
39197
39199
39202
39208
39209
39212
39213
39226
39228
39229
39230
39238
39239
39240
39241
39242
39243
39244
39249
39252
39259
39263
39265
39268
39274
39276
39278
39282
39288
39290
39292
39293
39294
39299
39304
39306
39307
39308
39309
39310
39312
39315
39316
39319
39325
39334
39343
39351
39355
39358
39359
39361
39362
39366
39369
39371
39373
39376
39385
39397
39398
39399
39406
39408
39410
39413
39417
39422
39424
39425
39426
39427
39429
39433
39440
39445
39452
39454
39457
39465
39470
39471
39478
39479
39480
39484
39486
39487
39489
39490
39491
39493
39496
39499
39500
39508
39513
39514
39519
39520
39521
39524
39525
39528
39532
39535
39536
39541
39545
39547
39548
39551
39560
39561
39562
39567
39571
39572
39576
39578
39579
39589
39593
39598
39599
39604
39610
39617
39621
39631
39635
39640
39643
39648
39654
39658
39665
39666
39669
39684
39685
39686
39698
39700
39704
39705
39707
39713
39715
39716
39719
39721
39732
39737
39738
39743
39748
39750
39754
39758
39764
39767
39770
39778
39779
39781
39784
39785
39786
39788
39791
39792
39794
39798
39800
39801
39803
39809
39813
39816
39821
39824
39828
39831
39833
39836
39842
39843
39852
39855
39858
39862
39869
39871
39873
39876
39877
39889
39890
39892
39896
39897
39903
39905
39910
39911
39912
39914
39918
39919
39921
39925
39926
39928
39930
39933
39938
39940
39945
39947
39950
39953
39954
39956
39957
39971
39973
39984
39987
39989
39991
40003
40004
40005
40006
40008
40009
40010
40011
40013
40014
40015
40016
40017
40020
40022
40025
40026
40027
40031
40033
40034
40036
40037
40040
40041
40042
40043
40045
40046
40047
40051
40054
40057
40058
40059
40062
40064
40065
40066
40067
40070
40072
40073
40075
40077
40078
40079
40081
40083
40085
40088
40089
40090
40095
40096
40097
40098
40099
40100
40102
40104
40106
40107
40108
40109
40111
40112
40113
40114
40116
40117
40119
40121
40125
40126
40127
40129
40130
40135
40136
40137
40138
40141
40142
40143
40145
40147
40148
40151
40152
40155
40158
40159
40160
40161
40162
40164
40165
40168
40171
40173
40175
40176
40177
40182
40183
40184
40185
40186
40190
40192
40194
40195
40200
40201
40204
40207
40211
40212
40213
40214
40215
40216
40218
40221
40222
40225
40227
40230
40232
40233
40236
40237
40239
40240
40241
40244
40245
40248
40250
40253
40254
40255
40256
40257
40259
40260
40261
40262
40263
40264
40266
40269
40270
40272
40274
40279
40280
40281
40282
40283
40284
40285
40286
40287
40290
40295
40298
40299
40300
40301
40302
40305
40306
40307
40309
40312
40314
40315
40316
40318
40319
40321
40322
40326
40327
40329
40331
40332
40333
40335
40337
40338
40340
40341
40342
40343
40344
40346
40350
40351
40355
40358
40359
40360
40361
40362
40363
40365
40366
40367
40369
40371
40374
40375
40376
40379
40380
40384
40385
40386
40388
40390
40394
40395
40396
40397
40399
40401
40402
40403
40404
40405
40410
40412
40413
40418
40422
40423
40426
40428
40429
40431
40432
40433
40434
40436
40437
40441
40446
40447
40448
40449
40455
40456
40457
40458
40460
40463
40467
40468
40469
40470
40472
40473
40475
40476
40477
40478
40479
40480
40482
40483
40484
40485
40487
40488
40489
40490
40491
40496
40499
40560
40564
40565
40568
40570
40588
40603
40624
40639
40646
40649
40654
40659
40676
40679
40694
40704
40707
40724
40733
40735
40741
40752
40781
40782
40786
40796
40802
40804
40807
40823
40835
40861
40867
40917
40920
40923
40932
40934
40936
40937
40981
40995
40997
41006
41013
41022
41024
41025
41030
41068
41081
41083
41117
41149
41170
41187
41230
41237
41241
41248
41278
41297
41322
41353
41378
41400
41425
41442
41500
41512
41521
41522
41523
41524
41528
41529
41533
41538
41541
41552
41556
41561
41568
41569
41586
41587
41593
41596
41604
41605
41614
41619
41620
41623
41633
41650
41658
41660
41666
41671
41678
41690
41692
41697
41698
41705
41707
41726
41727
41730
41731
41737
41753
41764
41776
41782
41799
41800
41806
41807
41814
41824
41825
41827
41829
41847
41853
41857
41860
41861
41864
41878
41897
41909
41910
41913
41932
41940
41942
41944
41946
41955
41956
41963
41965
41981
41982
41990
42004
42008
42030
42033
42034
42037
42051
42059
42067
42068
42076
42088
42091
42092
42096
42106
42113
42117
42119
42121
42125
42127
42131
42132
42133
42134
42141
42143
42149
42156
42162
42165
42166
42171
42172
42176
42178
42179
42182
42196
42200
42206
42208
42210
42219
42225
42226
42230
42231
42233
42241
42243
42245
42247
42248
42249
42251
42263
42269
42288
42298
42301
42303
42304
42313
42314
42316
42326
42329
42330
42335
42339
42344
42348
42349
42353
42365
42366
42369
42371
42373
42380
42383
42385
42386
42394
42395
42401
42402
42404
42407
42408
42410
42417
42423
42425
42426
42428
42433
42438
42439
42440
42441
42447
42448
42462
42464
42469
42472
42476
42477
42486
42492
42546
42555
42583
42601
42603
42604
42666
42668
42685
42692
42699
42718
42753
42778
42787
42794
42811
42908
42956
42980
42983
42996
43016
43021
43026
43039
43044
43047
43057
43058
43066
43080
43081
43084
43091
43094
43113
43114
43121
43136
43140
43147
43167
43175
43190
43191
43204
43212
43230
43234
43238
43257
43258
43270
43271
43278
43282
43286
43288
43294
43308
43311
43324
43328
43340
43341
43345
43347
43354
43367
43376
43377
43395
43400
43417
43418
43427
43437
43449
43455
43460
43467
43469
43482
43493
43507
43508
43525
43531
43550
43551
43569
43572
43583
43588
43595
43624
43648
43651
43659
43662
43670
43674
43684
43699
43703
43727
43755
43756
43764
43799
43804
43815
43845
43847
43852
43860
43869
43892
43895
43896
43899
43903
43932
43940
43943
43945
43946
43984
43988
44003
44027
44030
44039
44044
44045
44050
44053
44061
44064
44066
44073
44074
44083
44090
44091
44093
44096
44097
44098
44100
44109
44113
44126
44131
44142
44150
44154
44157
44158
44172
44174
44175
44176
44181
44182
44184
44185
44187
44195
44216
44218
44223
44224
44228
44229
44232
44234
44238
44249
44250
44260
44266
44276
44281
44283
44288
44296
44300
44303
44308
44312
44318
44323
44327
44334
44344
44347
44350
44353
44357
44358
44365
44369
44382
44383
44388
44390
44394
44413
44414
44425
44429
44430
44435
44436
44442
44453
44458
44460
44471
44472
44473
44479
44481
44485
44495
44506
44508
44515
44526
44534
44553
44554
44566
44587
44588
44606
44616
44622
44628
44637
44641
44666
44669
44680
44693
44707
44717
44719
44721
44728
44739
44741
44751
44752
44763
44764
44776
44780
44794
44820
44850
44859
44861
44867
44884
44886
44890
44896
44904
44905
44907
44911
44913
44923
44925
44927
44930
44953
44955
44956
44958
44983
44985
44986
45009
45016
45022
45025
45031
45051
45056
45059
45070
45074
45075
45080
45082
45084
45086
45089
45094
45098
45101
45102
45107
45108
45111
45115
45121
45124
45128
45132
45135
45139
45140
45145
45147
45150
45152
45153
45164
45168
45169
45176
45182
45185
45186
45190
45197
45200
45202
45209
45214
45215
45221
45229
45232
45239
45242
45253
45257
45276
45277
45301
45307
45310
45317
45319
45321
45324
45326
45328
45333
45334
45336
45340
45341
45345
45349
45352
45353
45358
45360
45368
45375
45376
45380
45389
45393
45394
45395
45401
45402
45409
45417
45418
45420
45421
45422
45429
45430
45431
45433
45439
45440
45441
45457
45458
45463
45468
45469
45476
45477
45481
45485
45489
45494
45499
45504
45509
45517
45520
45523
45526
45527
45541
45543
45548
45552
45561
45572
45574
45575
45576
45580
45584
45586
45594
45598
45600
45604
45607
45612
45613
45614
45626
45635
45640
45642
45643
45646
45649
45661
45668
45673
45675
45682
45683
45684
45691
45692
45703
45710
45713
45716
45735
45751
45755
45762
45764
45769
45770
45780
45793
45795
45796
45801
45817
45829
45837
45838
45839
45845
45851
45853
45855
45865
45866
45874
45878
45880
45888
45893
45897
45905
45915
45936
45940
45947
45954
45958
45968
45975
45977
45998
46000
46003
46011
46017
46020
46021
46022
46024
46032
46036
46042
46046
46065
46072
46093
46095
46096
46097
46101
46102
46103
46104
46109
46113
46116
46118
46120
46129
46130
46131
46132
46151
46152
46153
46156
46160
46162
46163
46176
46179
46186
46188
46189
46191
46196
46202
46206
46216
46225
46240
46249
46255
46257
46259
46260
46262
46271
46273
46274
46278
46282
46291
46295
46298
46301
46304
46313
46314
46319
46322
46326
46327
46333
46334
46336
46337
46347
46348
46353
46356
46359
46361
46368
46370
46371
46372
46383
46387
46391
46392
46393
46394
46399
46402
46405
46408
46412
46423
46424
46425
46426
46428
46429
46431
46432
46433
46434
46437
46438
46440
46442
46444
46455
46459
46461
46463
46464
46469
46472
46473
46485
46488
46490
46494
46497
46500
46501
46503
46507
46511
46512
46513
46515
46516
46519
46524
46529
46530
46539
46541
46542
46545
46548
46557
46559
46561
46563
46568
46569
46573
46578
46579
46582
46586
46592
46593
46594
46597
46599
46605
46606
46610
46611
46615
46617
46619
46623
46624
46626
46630
46631
46632
46635
46636
46637
46639
46640
46642
46645
46646
46650
46651
46654
46655
46658
46660
46664
46665
46666
46675
46677
46679
46681
46684
46687
46689
46691
46693
46699
46709
46712
46715
46716
46718
46722
46723
46725
46727
46728
46729
46731
46732
46735
46738
46739
46740
46741
46743
46745
46746
46753
46758
46760
46761
46762
46764
46766
46768
46769
46770
46772
46782
46789
46792
46796
46799
46801
46803
46807
46808
46810
46813
46814
46819
46820
46823
46824
46828
46829
46830
46831
46832
46833
46838
46840
46844
46849
46850
46851
46852
46854
46855
46856
46858
46861
46862
46863
46864
46867
46868
46876
46877
46878
46880
46882
46883
46885
46894
46897
46898
46899
46901
46903
46911
46912
46916
46917
46920
46921
46925
46928
46933
46934
46937
46939
46940
46941
46943
46944
46945
46948
46950
46951
46952
46955
46957
46958
46961
46965
46967
46968
46975
46978
46979
46987
46988
46989
46993
46996
46997
46998
47054
47067
47073
47075
47288
47390
47465
47478
47502
47508
47517
47520
47527
47537
47541
47551
47554
47555
47564
47568
47572
47573
47578
47580
47581
47582
47584
47588
47597
47598
47616
47626
47629
47638
47645
47648
47656
47657
47664
47677
47678
47680
47684
47703
47712
47716
47720
47731
47732
47733
47741
47743
47750
47753
47754
47755
47765
47766
47769
47770
47777
47779
47786
47790
47792
47796
47798
47800
47808
47814
47818
47820
47822
47832
47833
47847
47850
47858
47867
47870
47876
47879
47888
47890
47891
47901
47907
47925
47927
47931
47936
47943
47944
47949
47950
47963
47984
47986
47989
47992
47994
48004
48005
48012
48014
48021
48022
48032
48040
48041
48044
48045
48046
48051
48052
48058
48061
48074
48075
48077
48079
48080
48086
48088
48094
48095
48097
48098
48100
48102
48104
48105
48109
48120
48121
48135
48137
48142
48145
48146
48148
48149
48153
48155
48157
48164
48168
48170
48174
48178
48179
48190
48194
48197
48199
48203
48204
48214
48215
48216
48219
48227
48228
48229
48244
48252
48257
48260
48261
48266
48271
48272
48275
48277
48283
48288
48295
48296
48299
48307
48309
48313
48314
48316
48322
48324
48328
48330
48331
48342
48347
48350
48370
48375
48382
48387
48392
48393
48402
48406
48411
48414
48415
48417
48419
48429
48430
48432
48437
48441
48442
48443
48449
48451
48456
48457
48459
48460
48463
48464
48469
48474
48475
48476
48485
48486
48487
48490
48491
48497
48499
48501
48508
48509
48514
48519
48533
48535
48546
48547
48552
48560
48572
48580
48581
48596
48600
48602
48614
48618
48619
48620
48625
48627
48628
48632
48633
48634
48635
48639
48642
48644
48646
48647
48656
48658
48661
48662
48675
48678
48681
48683
48705
48707
48708
48713
48714
48716
48723
48727
48729
48740
48743
48749
48761
48764
48766
48773
48777
48779
48787
48794
48798
48800
48806
48807
48814
48816
48825
48826
48832
48835
48838
48846
48847
48854
48856
48857
48859
48860
48865
48873
48881
48884
48887
48891
48897
48900
48908
48909
48910
48917
48918
48921
48932
48936
48941
48942
48943
48945
48946
48948
48951
48954
48959
48965
48966
48970
48984
49006
49009
49017
49027
49029
49030
49036
49050
49059
49068
49074
49075
49077
49082
49084
49087
49100
49102
49105
49122
49124
49166
49169
49170
49173
49174
49178
49185
49187
49191
49209
49215
49216
49219
49229
49230
49234
49238
49247
49267
49278
49281
49286
49303
49308
49310
49313
49316
49318
49319
49320
49330
49331
49335
49343
49344
49347
49351
49355
49356
49358
49359
49361
49362
49366
49367
49368
49369
49374
49377
49378
49386
49395
49396
49398
49401
49402
49426
49429
49436
49448
49449
49450
49451
49461
49468
49472
49476
49482
49483
49485
49490
49499
49506
49516
49521
49522
49523
49526
49528
49529
49535
49538
49545
49547
49549
49570
49572
49575
49595
49603
49606
49607
49609
49632
49647
49654
49660
49661
49667
49668
49686
49688
49692
49693
49694
49697
49701
49711
49715
49717
49733
49734
49737
49739
49740
49742
49743
49746
49749
49752
49759
49762
49767
49772
49775
49782
49784
49794
49795
49810
49813
49814
49818
49823
49826
49830
49840
49842
49849
49850
49851
49852
49853
49858
49862
49870
49874
49878
49879
49887
49891
49894
49897
49899
49906
49915
49920
49921
49926
49933
49943
49944
49945
49947
49952
49953
49955
49957
49958
49959
49963
49967
49971
49972
49979
49981
49982
