12
20
21
27
34
45
47
57
68
69
71
72
79
84
95
96
97
99
102
108
110
117
118
119
120
122
127
129
140
147
151
155
163
164
166
167
168
171
178
183
186
201
203
204
210
220
228
230
231
238
242
243
248
251
255
259
262
263
267
275
280
281
286
290
297
298
302
303
313
323
325
326
330
337
343
344
346
351
352
354
355
363
364
368
370
374
377
384
385
391
397
403
404
406
407
409
410
412
415
418
419
421
424
425
431
441
442
443
444
451
457
459
461
467
468
470
471
478
482
483
496
501
503
516
517
519
521
528
535
537
538
542
544
554
566
575
584
592
596
600
601
610
611
612
617
620
627
638
643
649
650
654
655
658
662
663
664
666
668
675
676
677
679
691
710
722
725
729
730
732
740
744
745
753
755
759
766
768
776
785
788
795
797
802
803
809
815
816
817
819
823
838
844
855
868
870
874
876
881
882
886
894
895
896
898
900
901
903
916
919
922
925
926
930
934
937
939
946
947
948
954
955
956
958
959
961
962
966
972
979
986
999
1002
1006
1007
1009
1012
1013
1019
1022
1023
1024
1025
1028
1032
1040
1045
1052
1054
1060
1066
1067
1072
1073
1078
1080
1087
1089
1090
1093
1094
1099
1100
1102
1105
1106
1109
1112
1115
1118
1123
1127
1134
1138
1139
1142
1143
1150
1154
1156
1158
1160
1161
1165
1174
1178
1185
1186
1190
1191
1193
1194
1199
1200
1202
1203
1206
1209
1211
1214
1215
1216
1218
1220
1221
1222
1224
1226
1228
1231
1232
1234
1240
1241
1245
1248
1249
1253
1254
1259
1261
1262
1271
1273
1274
1275
1278
1280
1281
1282
1283
1286
1287
1288
1290
1294
1297
1298
1299
1300
1304
1306
1307
1308
1309
1312
1314
1316
1318
1319
1320
1322
1323
1325
1331
1332
1334
1338
1340
1346
1347
1348
1351
1354
1356
1357
1359
1361
1362
1363
1364
1365
1367
1368
1369
1371
1373
1374
1375
1381
1388
1390
1394
1396
1397
1399
1400
1403
1404
1408
1409
1417
1420
1421
1422
1423
1430
1432
1433
1439
1440
1441
1442
1447
1449
1453
1454
1456
1458
1460
1465
1468
1470
1471
1472
1474
1476
1479
1482
1485
1487
1488
1489
1493
1494
1496
1497
1499
1500
1504
1505
1507
1510
1511
1512
1514
1518
1521
1522
1525
1533
1539
1542
1543
1544
1548
1549
1552
1553
1556
1559
1566
1568
1571
1575
1576
1577
1578
1580
1587
1589
1592
1596
1598
1599
1603
1609
1610
1615
1616
1624
1628
1630
1632
1640
1646
1650
1651
1655
1665
1669
1672
1674
1680
1690
1691
1697
1700
1701
1705
1710
1713
1717
1719
1723
1724
1725
1741
1745
1753
1757
1764
1767
1769
1771
1777
1782
1784
1787
1788
1794
1796
1797
1800
1802
1812
1819
1821
1824
1826
1828
1829
1831
1834
1838
1840
1843
1848
1855
1858
1861
1862
1868
1869
1873
1878
1880
1881
1886
1891
1892
1902
1905
1906
1908
1913
1918
1919
1920
1922
1924
1926
1929
1935
1946
1947
1953
1957
1958
1961
1965
1966
1969
1970
1977
1978
1983
1984
1987
1993
1996
1997
2003
2004
2006
2010
2011
2018
2043
2045
2046
2050
2054
2057
2059
2061
2087
2089
2091
2092
2097
2098
2099
2101
2102
2109
2110
2118
2129
2130
2134
2135
2140
2142
2144
2147
2151
2156
2157
2165
2166
2168
2177
2179
2184
2189
2196
2198
2201
2205
2206
2207
2210
2217
2218
2227
2232
2234
2242
2244
2250
2253
2256
2257
2268
2273
2275
2282
2283
2286
2288
2292
2299
2302
2307
2308
2310
2311
2313
2316
2317
2318
2319
2323
2325
2327
2330
2338
2340
2359
2361
2366
2371
2387
2406
2407
2412
2417
2421
2422
2424
2430
2432
2433
2434
2440
2441
2443
2445
2447
2452
2455
2456
2461
2468
2469
2476
2482
2485
2495
2497
2503
2504
2505
2509
2516
2518
2519
2523
2529
2531
2534
2535
2536
2537
2538
2549
2565
2575
2577
2578
2581
2589
2599
2600
2601
2607
2610
2614
2615
2616
2618
2622
2625
2626
2632
2633
2635
2642
2646
2649
2650
2653
2658
2676
2678
2680
2684
2685
2688
2693
2697
2698
2703
2704
2707
2709
2710
2714
2718
2722
2728
2730
2731
2739
2740
2761
2766
2768
2769
2770
2775
2776
2781
2785
2789
2795
2796
2798
2805
2806
2807
2812
2814
2817
2818
2819
2820
2824
2825
2834
2836
2838
2842
2843
2850
2859
2861
2866
2868
2870
2874
2893
2894
2895
2900
2901
2905
2920
2926
2927
2930
2934
2945
2946
2947
2951
2952
2953
2959
2961
2962
2966
2968
2971
2973
2974
2976
2984
2986
2999
3009
3013
3023
3028
3030
3031
3033
3036
3042
3044
3050
3053
3058
3063
3064
3066
3073
3081
3091
3111
3116
3119
3121
3123
3136
3141
3155
3157
3165
3179
3199
3202
3209
3223
3228
3233
3240
3245
3248
3253
3261
3264
3265
3276
3277
3279
3280
3286
3300
3311
3321
3327
3335
3336
3339
3347
3370
3386
3391
3392
3399
3411
3414
3417
3425
3432
3439
3446
3448
3458
3460
3461
3465
3467
3474
3479
3480
3487
3488
3492
3493
3494
3496
3500
3501
3506
3509
3511
3517
3520
3536
3540
3552
3556
3558
3587
3589
3590
3596
3597
3611
3612
3615
3621
3626
3629
3631
3643
3645
3650
3652
3657
3663
3667
3669
3671
3676
3683
3688
3694
3696
3699
3703
3723
3733
3735
3742
3749
3750
3752
3753
3769
3773
3776
3779
3787
3793
3798
3799
3802
3804
3807
3810
3815
3827
3831
3836
3843
3851
3854
3864
3871
3877
3903
3905
3909
3910
3914
3920
3927
3929
3931
3932
3934
3941
3944
3947
3949
3951
3954
3957
3964
3966
3981
3988
3993
3995
3997
4006
4013
4015
4029
4047
4055
4070
4092
4111
4150
4153
4161
4168
4197
4198
4241
4257
4296
4318
4324
4331
4341
4343
4357
4399
4406
4441
4445
4451
4478
4485
4500
4501
4506
4507
4508
4512
4516
4521
4522
4525
4526
4527
4528
4532
4533
4535
4536
4538
4539
4540
4542
4544
4545
4547
4548
4549
4550
4553
4556
4557
4560
4564
4565
4566
4568
4570
4575
4576
4578
4581
4582
4584
4585
4587
4590
4592
4593
4594
4596
4598
4599
4600
4601
4604
4605
4607
4616
4619
4620
4625
4627
4628
4629
4631
4632
4633
4634
4644
4645
4648
4649
4652
4656
4658
4660
4661
4662
4663
4665
4666
4668
4669
4671
4672
4673
4675
4677
4679
4683
4684
4685
4686
4689
4690
4693
4694
4696
4697
4698
4700
4702
4703
4705
4707
4708
4710
4711
4712
4714
4715
4718
4722
4724
4728
4730
4731
4732
4736
4737
4743
4744
4745
4746
4749
4750
4753
4755
4756
4758
4759
4762
4763
4764
4765
4767
4771
4772
4773
4774
4775
4777
4781
4782
4783
4785
4786
4788
4789
4790
4794
4796
4797
4798
4799
4802
4804
4805
4807
4809
4811
4812
4813
4814
4816
4817
4818
4819
4823
4824
4825
4827
4828
4829
4831
4835
4838
4839
4840
4842
4844
4848
4850
4852
4853
4854
4856
4859
4860
4862
4863
4868
4871
4874
4875
4876
4877
4879
4882
4884
4885
4886
4887
4891
4896
4898
4899
4902
4904
4906
4907
4908
4909
4914
4915
4916
4917
4918
4919
4926
4928
4929
4930
4937
4938
4940
4942
4945
4952
4955
4956
4959
4964
4965
4966
4968
4971
4973
4974
4975
4978
4979
4981
4983
4984
4986
4987
4989
4990
4991
4992
4994
4995
4999
5003
5004
5005
5008
5015
5019
5023
5028
5030
5040
5046
5049
5055
5059
5069
5072
5082
5084
5094
5103
5109
5113
5114
5116
5120
5121
5122
5124
5127
5129
5135
5137
5139
5145
5146
5151
5152
5153
5155
5156
5163
5165
5170
5174
5178
5180
5183
5204
5209
5211
5214
5228
5229
5236
5237
5240
5249
5258
5268
5270
5271
5278
5279
5287
5293
5296
5298
5307
5311
5313
5315
5321
5332
5340
5341
5342
5350
5355
5360
5368
5372
5375
5383
5384
5390
5394
5395
5396
5399
5400
5405
5406
5410
5418
5419
5421
5432
5439
5440
5441
5443
5446
5448
5449
5452
5464
5465
5467
5468
5470
5473
5474
5477
5481
5489
5491
5498
5500
5502
5503
5505
5508
5509
5510
5513
5514
5515
5517
5519
5523
5533
5538
5543
5545
5554
5559
5563
5565
5569
5570
5572
5573
5577
5579
5592
5593
5594
5598
5599
5602
5604
5606
5608
5612
5616
5617
5619
5624
5627
5628
5638
5639
5645
5651
5654
5656
5658
5661
5670
5672
5676
5677
5678
5681
5685
5687
5695
5697
5699
5701
5702
5707
5712
5713
5714
5715
5724
5725
5731
5734
5737
5740
5741
5745
5746
5749
5750
5751
5752
5757
5762
5763
5765
5768
5769
5771
5772
5776
5780
5786
5789
5790
5794
5805
5809
5810
5811
5819
5823
5828
5830
5831
5837
5841
5846
5849
5852
5853
5854
5855
5856
5867
5868
5870
5871
5873
5874
5875
5876
5879
5880
5882
5883
5885
5887
5888
5889
5897
5906
5907
5915
5916
5918
5923
5928
5929
5931
5935
5936
5937
5938
5940
5945
5947
5949
5953
5954
5958
5960
5964
5966
5981
5982
5989
5991
5993
5995
5996
5998
6001
6003
6006
6008
6009
6011
6014
6016
6017
6020
6023
6027
6031
6033
6034
6035
6038
6039
6040
6051
6053
6054
6056
6061
6064
6065
6067
6072
6074
6076
6077
6078
6079
6083
6085
6090
6091
6092
6095
6102
6107
6112
6116
6120
6124
6126
6127
6128
6132
6134
6142
6144
6145
6147
6151
6152
6155
6156
6158
6159
6161
6162
6163
6164
6167
6169
6170
6171
6175
6177
6178
6180
6185
6190
6192
6197
6203
6204
6205
6207
6212
6217
6218
6220
6223
6227
6230
6235
6236
6239
6240
6241
6243
6244
6247
6248
6249
6250
6251
6252
6255
6257
6260
6264
6267
6268
6269
6274
6277
6280
6281
6282
6288
6291
6292
6296
6299
6300
6306
6307
6308
6309
6313
6314
6315
6322
6323
6324
6325
6326
6328
6329
6331
6332
6333
6334
6339
6341
6342
6346
6357
6358
6363
6364
6365
6366
6368
6369
6371
6374
6379
6380
6381
6382
6384
6389
6390
6391
6401
6403
6404
6406
6408
6413
6414
6418
6424
6425
6428
6429
6430
6431
6435
6441
6447
6453
6455
6460
6465
6466
6468
6470
6473
6475
6476
6477
6478
6480
6483
6484
6487
6489
6491
6492
6494
6496
6497
6499
6503
6505
6506
6507
6512
6516
6519
6521
6522
6523
6524
6527
6533
6535
6536
6537
6538
6540
6541
6542
6543
6544
6547
6548
6552
6554
6556
6557
6561
6563
6565
6566
6569
6570
6571
6572
6573
6574
6576
6579
6580
6581
6582
6584
6585
6586
6587
6591
6592
6594
6595
6596
6599
6600
6608
6609
6611
6612
6613
6616
6617
6618
6621
6622
6627
6628
6629
6631
6634
6635
6636
6637
6640
6642
6644
6645
6646
6650
6651
6652
6653
6654
6655
6656
6657
6663
6665
6674
6676
6678
6679
6680
6682
6683
6690
6693
6695
6696
6698
6702
6703
6704
6705
6707
6708
6711
6712
6715
6719
6720
6724
6725
6727
6730
6731
6736
6737
6738
6742
6743
6745
6749
6751
6758
6760
6761
6762
6769
6770
6771
6772
6773
6774
6775
6776
6777
6779
6781
6782
6785
6788
6789
6790
6791
6794
6795
6798
6799
6804
6809
6811
6813
6816
6817
6818
6819
6820
6821
6822
6826
6828
6829
6830
6831
6833
6834
6835
6838
6839
6840
6841
6842
6843
6845
6846
6848
6850
6851
6852
6853
6854
6855
6856
6857
6858
6861
6862
6863
6865
6868
6871
6872
6874
6877
6879
6885
6887
6891
6892
6894
6895
6896
6897
6900
6901
6902
6904
6905
6907
6908
6909
6910
6912
6913
6919
6920
6922
6923
6924
6925
6927
6929
6931
6936
6939
6940
6941
6946
6949
6950
6955
6957
6958
6959
6963
6964
6966
6967
6974
6979
6980
6981
6982
6984
6987
6989
6990
6992
6998
7007
7021
7022
7027
7029
7037
7040
7045
7055
7057
7058
7059
7062
7063
7069
7079
7084
7094
7095
7097
7099
7100
7108
7113
7121
7124
7141
7146
7154
7156
7160
7164
7185
7195
7200
7201
7207
7215
7216
7223
7230
7241
7244
7260
7263
7264
7271
7275
7276
7279
7283
7290
7292
7308
7310
7322
7329
7331
7332
7342
7343
7349
7351
7359
7360
7375
7403
7413
7414
7415
7419
7422
7428
7433
7435
7442
7446
7448
7449
7452
7462
7464
7466
7467
7469
7471
7481
7485
7491
7494
7496
7501
7508
7515
7519
7521
7528
7529
7536
7540
7541
7544
7550
7551
7553
7557
7561
7567
7568
7570
7574
7575
7580
7583
7586
7590
7593
7601
7604
7605
7607
7609
7613
7616
7617
7625
7626
7632
7640
7648
7649
7651
7655
7659
7668
7669
7672
7674
7680
7685
7692
7695
7696
7699
7700
7702
7705
7706
7707
7709
7712
7716
7719
7726
7730
7735
7736
7737
7738
7739
7740
7741
7744
7753
7757
7758
7760
7763
7768
7771
7773
7778
7780
7781
7782
7783
7784
7785
7786
7789
7790
7793
7797
7800
7804
7805
7812
7814
7816
7818
7821
7826
7829
7835
7841
7843
7848
7851
7853
7854
7855
7859
7863
7864
7868
7874
7875
7880
7885
7898
7906
7907
7909
7911
7920
7922
7927
7931
7932
7933
7936
7938
7940
7943
7944
7952
7953
7955
7956
7957
7962
7964
7966
7968
7971
7972
7973
7974
7976
7977
7978
7984
7985
7989
7992
7995
8000
8001
8003
8004
8006
8007
8008
8010
8014
8015
8016
8019
8020
8023
8026
8029
8034
8035
8036
8037
8038
8039
8041
8042
8043
8045
8048
8050
8055
8058
8062
8063
8065
8066
8068
8073
8075
8077
8078
8080
8083
8084
8085
8086
8087
8089
8090
8092
8093
8096
8101
8103
8105
8110
8111
8112
8113
8118
8122
8123
8125
8126
8129
8131
8132
8135
8139
8143
8144
8145
8147
8148
8149
8150
8151
8153
8155
8159
8160
8164
8166
8167
8168
8169
8170
8172
8173
8174
8175
8177
8178
8181
8182
8183
8185
8186
8187
8192
8193
8195
8200
8202
8203
8204
8205
8207
8210
8216
8217
8218
8219
8221
8223
8233
8234
8235
8237
8246
8247
8252
8253
8257
8258
8263
8267
8268
8273
8276
8279
8280
8283
8285
8289
8292
8293
8294
8295
8296
8297
8299
8300
8304
8308
8309
8311
8314
8315
8317
8318
8320
8323
8326
8328
8329
8330
8335
8336
8337
8338
8339
8341
8343
8344
8345
8347
8348
8349
8350
8353
8355
8360
8361
8364
8366
8371
8377
8378
8380
8382
8383
8384
8385
8386
8388
8390
8391
8392
8393
8398
8399
8404
8405
8408
8409
8410
8412
8413
8415
8417
8419
8423
8426
8430
8432
8436
8439
8441
8444
8448
8449
8450
8452
8456
8457
8464
8467
8469
8470
8471
8474
8476
8479
8483
8484
8487
8491
8496
8499
8500
8502
8503
8506
8510
8513
8516
8517
8518
8520
8521
8523
8524
8525
8527
8529
8531
8534
8535
8539
8542
8545
8547
8550
8551
8552
8554
8557
8561
8562
8563
8565
8568
8569
8570
8576
8577
8578
8579
8580
8583
8588
8589
8590
8594
8597
8598
8601
8603
8605
8614
8615
8616
8617
8620
8624
8625
8626
8628
8631
8636
8637
8639
8641
8642
8644
8650
8655
8657
8661
8664
8668
8671
8674
8679
8680
8681
8682
8686
8687
8688
8690
8691
8697
8701
8703
8705
8706
8708
8711
8712
8714
8716
8717
8718
8719
8722
8723
8725
8726
8728
8729
8730
8736
8737
8743
8744
8746
8747
8748
8750
8751
8753
8756
8761
8762
8766
8767
8768
8769
8770
8771
8776
8777
8778
8779
8783
8785
8788
8794
8796
8798
8801
8806
8807
8808
8813
8814
8815
8816
8818
8819
8820
8822
8824
8825
8826
8827
8829
8833
8834
8837
8839
8844
8846
8848
8850
8851
8852
8853
8854
8857
8860
8861
8862
8864
8869
8872
8873
8874
8875
8885
8889
8892
8898
8899
8905
8908
8913
8914
8915
8916
8917
8918
8921
8922
8923
8928
8929
8930
8932
8933
8936
8937
8942
8949
8950
8954
8956
8957
8959
8960
8961
8964
8968
8970
8975
8976
8977
8979
8980
8981
8984
8987
8988
8989
8991
8992
8993
8994
8997
8998
9003
9004
9005
9007
9008
9010
9011
9016
9026
9030
9032
9039
9042
9046
9047
9052
9063
9064
9066
9072
9077
9078
9087
9088
9091
9093
9094
9103
9110
9112
9119
9124
9126
9130
9131
9132
9134
9139
9143
9145
9155
9161
9174
9175
9176
9177
9183
9185
9187
9188
9190
9194
9197
9198
9199
9203
9206
9211
9212
9215
9216
9222
9228
9234
9241
9245
9246
9247
9248
9250
9253
9257
9260
9273
9278
9281
9283
9285
9292
9296
9302
9308
9313
9322
9329
9331
9334
9336
9339
9344
9346
9349
9353
9358
9359
9361
9364
9382
9383
9384
9386
9392
9394
9403
9406
9410
9413
9416
9418
9419
9426
9428
9430
9433
9434
9442
9453
9474
9475
9476
9483
9489
9490
9494
9495
9502
9505
9518
9519
9521
9524
9528
9529
9531
9537
9544
9545
9546
9547
9548
9549
9551
9552
9554
9555
9557
9558
9560
9563
9564
9565
9572
9573
9575
9577
9579
9582
9583
9585
9586
9587
9588
9592
9593
9595
9596
9597
9609
9610
9611
9612
9614
9615
9619
9623
9625
9626
9628
9629
9630
9632
9639
9646
9649
9653
9656
9657
9660
9662
9669
9670
9674
9679
9697
9700
9702
9703
9705
9709
9710
9711
9712
9713
9715
9718
9721
9722
9725
9727
9728
9733
9739
9742
9744
9745
9747
9760
9761
9763
9770
9771
9772
9775
9777
9779
9780
9784
9787
9788
9789
9792
9793
9796
9802
9805
9806
9807
9808
9809
9810
9814
9815
9817
9818
9820
9822
9823
9825
9828
9829
9830
9833
9838
9839
9843
9846
9847
9853
9856
9862
9863
9865
9866
9868
9869
9870
9871
9873
9874
9875
9877
9878
9880
9881
9882
9883
9886
9888
9889
9891
9893
9896
9904
9906
9908
9909
9915
9917
9918
9921
9926
9927
9933
9936
9938
9939
9940
9942
9944
9946
9948
9949
9954
9955
9956
9961
9964
9966
9979
9980
9982
9987
9993
9997
10004
10007
10013
10014
10033
10035
10036
10039
10042
10047
10057
10060
10063
10071
10076
10083
10089
10090
10091
10094
10095
10099
10100
10101
10102
10115
10125
10134
10136
10137
10139
10143
10148
10149
10151
10155
10157
10159
10161
10162
10169
10170
10173
10174
10178
10181
10183
10186
10191
10192
10193
10197
10211
10215
10218
10221
10227
10229
10235
10236
10247
10248
10251
10264
10268
10274
10278
10290
10295
10299
10301
10304
10308
10310
10316
10318
10327
10331
10335
10339
10341
10347
10348
10349
10350
10351
10353
10356
10357
10363
10366
10371
10376
10378
10384
10392
10393
10400
10404
10405
10413
10414
10417
10437
10438
10441
10443
10444
10447
10449
10453
10459
10463
10473
10475
10477
10479
10480
10488
10489
10496
10498
10504
10507
10513
10516
10524
10526
10527
10533
10538
10545
10546
10547
10556
10560
10563
10565
10566
10582
10589
10590
10593
10595
10605
10612
10614
10617
10621
10622
10627
10632
10636
10642
10643
10645
10646
10647
10652
10656
10661
10665
10666
10670
10673
10678
10679
10681
10688
10692
10697
10698
10708
10710
10719
10728
10732
10737
10743
10745
10748
10752
10758
10759
10760
10762
10765
10774
10775
10776
10782
10787
10792
10797
10801
10804
10808
10810
10812
10816
10822
10825
10835
10844
10847
10851
10857
10859
10861
10865
10866
10871
10875
10876
10884
10887
10896
10901
10903
10912
10914
10926
10928
10934
10936
10940
10949
10953
10954
10957
10959
10965
10967
10968
10983
10985
10987
10989
10990
10993
10998
11000
11002
11004
11008
11016
11019
11021
11022
11023
11029
11030
11033
11036
11037
11038
11039
11040
11042
11043
11049
11050
11055
11056
11057
11060
11062
11065
11067
11071
11074
11075
11081
11082
11083
11084
11088
11091
11096
11097
11098
11100
11101
11102
11110
11116
11121
11124
11127
11129
11131
11132
11133
11136
11138
11139
11141
11144
11150
11157
11159
11161
11163
11170
11171
11172
11173
11174
11182
11183
11184
11190
11191
11193
11197
11202
11203
11204
11209
11213
11214
11215
11217
11219
11221
11225
11229
11233
11236
11237
11238
11239
11241
11243
11244
11245
11252
11254
11259
11260
11262
11267
11268
11270
11275
11280
11285
11286
11288
11290
11293
11296
11297
11298
11299
11302
11303
11304
11306
11308
11309
11310
11315
11316
11319
11321
11323
11332
11336
11337
11340
11345
11347
11348
11350
11351
11352
11354
11356
11357
11358
11359
11361
11366
11368
11370
11372
11373
11375
11376
11378
11380
11384
11392
11394
11397
11398
11399
11403
11408
11409
11412
11416
11417
11421
11422
11423
11425
11426
11429
11430
11433
11435
11440
11441
11442
11451
11456
11457
11458
11460
11467
11469
11470
11473
11474
11477
11478
11490
11492
11496
11497
11511
11523
11529
11539
11541
11543
11544
11545
11548
11565
11576
11580
11582
11593
11596
11619
11622
11627
11628
11641
11649
11652
11706
11707
11719
11722
11724
11735
11737
11740
11743
11747
11750
11752
11756
11760
11762
11793
11799
11801
11808
11810
11822
11825
11829
11830
11845
11858
11879
11881
11887
11906
11913
11918
11922
11925
11939
11944
11946
11951
11971
11978
11982
12004
12005
12015
12016
12021
12029
12030
12033
12038
12039
12044
12045
12048
12049
12068
12072
12073
12078
12080
12084
12097
12111
12119
12122
12123
12143
12147
12149
12153
12154
12165
12167
12168
12170
12173
12175
12182
12192
12208
12210
12215
12217
12218
12224
12236
12243
12244
12251
12252
12255
12265
12297
12298
12301
12311
12312
12314
12317
12318
12320
12325
12335
12345
12350
12368
12373
12379
12386
12390
12393
12397
12398
12399
12410
12414
12419
12423
12434
12437
12438
12439
12442
12447
12465
12467
12471
12472
12473
12475
12476
12481
12484
12486
12492
12498
12504
12505
12507
12508
12510
12511
12513
12515
12516
12521
12525
12528
12529
12532
12534
12535
12537
12541
12544
12547
12554
12557
12559
12562
12563
12568
12593
12594
12597
12598
12599
12600
12601
12602
12604
12605
12608
12610
12611
12617
12624
12626
12627
12629
12631
12638
12642
12650
12651
12652
12655
12656
12658
12659
12666
12667
12668
12679
12680
12687
12688
12692
12693
12694
12698
12704
12705
12712
12713
12717
12719
12720
12725
12728
12729
12734
12744
12745
12746
12749
12750
12752
12764
12765
12766
12770
12774
12775
12777
12780
12782
12783
12787
12788
12794
12797
12801
12802
12805
12808
12811
12812
12813
12814
12819
12820
12827
12828
12831
12834
12839
12840
12843
12845
12853
12857
12858
12862
12864
12869
12871
12874
12877
12878
12881
12888
12892
12898
12903
12905
12910
12911
12912
12916
12917
12922
12923
12925
12927
12928
12931
12934
12935
12942
12943
12944
12948
12955
12962
12963
12965
12968
12969
12971
12972
12973
12974
12978
12983
12989
12990
12991
12993
12994
12999
13006
13020
13023
13028
13044
13046
13048
13051
13052
13060
13083
13092
13102
13121
13126
13135
13139
13140
13142
13150
13154
13156
13161
13163
13172
13180
13195
13196
13200
13211
13216
13219
13224
13226
13232
13233
13236
13242
13244
13245
13246
13253
13255
13259
13264
13269
13281
13290
13293
13294
13296
13300
13302
13311
13317
13320
13321
13326
13342
13344
13351
13356
13362
13367
13368
13370
13372
13377
13378
13382
13387
13390
13398
13407
13411
13414
13423
13426
13429
13430
13431
13443
13451
13456
13457
13465
13466
13473
13474
13479
13482
13484
13486
13487
13490
13491
13496
13497
13499
13506
13512
13515
13516
13518
13520
13528
13532
13534
13538
13547
13548
13556
13560
13569
13570
13571
13572
13575
13581
13582
13583
13595
13596
13604
13605
13609
13610
13611
13614
13618
13623
13624
13625
13635
13636
13638
13644
13645
13651
13656
13660
13661
13667
13670
13678
13686
13687
13694
13701
13707
13708
13714
13721
13724
13726
13734
13736
13746
13747
13750
13752
13757
13761
13767
13768
13778
13782
13786
13787
13788
13790
13792
13795
13803
13806
13807
13809
13813
13815
13817
13819
13828
13832
13833
13834
13835
13837
13839
13840
13855
13860
13864
13871
13872
13878
13879
13885
13893
13899
13903
13904
13907
13910
13911
13913
13916
13919
13928
13935
13941
13945
13957
13960
13971
13973
13975
13976
13978
13987
13990
13991
13998
14003
14007
14014
14016
14017
14020
14024
14025
14026
14029
14035
14036
14038
14039
14041
14045
14049
14051
14055
14057
14059
14062
14064
14066
14070
14072
14073
14082
14083
14085
14089
14091
14092
14094
14095
14100
14103
14105
14106
14107
14111
14116
14120
14122
14134
14138
14148
14149
14150
14154
14157
14161
14162
14163
14164
14166
14171
14172
14173
14177
14178
14179
14182
14184
14185
14191
14196
14197
14198
14199
14200
14201
14204
14212
14215
14220
14221
14222
14226
14228
14229
14231
14233
14236
14241
14246
14251
14256
14260
14262
14263
14267
14269
14276
14277
14278
14280
14284
14293
14294
14295
14297
14306
14309
14311
14314
14315
14320
14322
14323
14324
14326
14328
14331
14334
14335
14337
14341
14346
14352
14353
14358
14360
14362
14371
14372
14374
14376
14378
14382
14386
14394
14398
14401
14402
14403
14404
14406
14407
14409
14412
14414
14415
14418
14419
14420
14423
14426
14427
14429
14432
14434
14435
14442
14443
14444
14445
14448
14453
14455
14456
14459
14461
14464
14465
14470
14471
14475
14477
14478
14485
14486
14487
14490
14491
14496
14499
14504
14505
14506
14507
14509
14510
14511
14513
14514
14516
14518
14519
14521
14524
14527
14528
14536
14539
14545
14548
14549
14551
14556
14558
14559
14565
14567
14568
14569
14571
14573
14579
14581
14582
14588
14592
14601
14605
14608
14610
14613
14614
14616
14618
14621
14626
14627
14632
14633
14635
14643
14646
14665
14666
14668
14669
14677
14679
14690
14691
14693
14697
14700
14701
14703
14704
14705
14706
14712
14718
14720
14727
14728
14731
14738
14739
14742
14743
14745
14746
14747
14749
14753
14754
14760
14761
14762
14764
14770
14775
14776
14777
14778
14779
14781
14785
14787
14789
14790
14799
14803
14805
14808
14811
14812
14813
14815
14817
14820
14823
14827
14829
14831
14835
14845
14853
14864
14873
14877
14878
14879
14883
14885
14889
14893
14896
14898
14905
14906
14913
14918
14920
14921
14922
14926
14932
14933
14936
14937
14942
14943
14944
14948
14951
14957
14960
14963
14967
14968
14969
14974
14989
14993
14994
14995
15008
15012
15017
15025
15037
15038
15039
15042
15064
15078
15080
15097
15101
15104
15108
15111
15118
15126
15128
15129
15133
15135
15146
15149
15155
15156
15160
15190
15218
15226
15233
15235
15239
15243
15251
15265
15268
15273
15274
15279
15286
15291
15294
15300
15301
15306
15317
15320
15323
15329
15330
15334
15342
15344
15350
15357
15364
15366
15368
15371
15373
15376
15384
15388
15389
15395
15405
15427
15435
15436
15437
15443
15462
15470
15471
15481
15488
15498
15500
15502
15505
15508
15509
15510
15513
15518
15519
15523
15524
15525
15527
15529
15535
15537
15541
15545
15548
15552
15553
15561
15562
15565
15566
15569
15570
15571
15576
15585
15586
15588
15591
15595
15596
15597
15601
15602
15604
15605
15615
15616
15623
15624
15625
15626
15627
15634
15637
15639
15640
15641
15642
15644
15645
15649
15652
15653
15656
15665
15670
15674
15675
15678
15680
15682
15683
15684
15687
15688
15690
15694
15697
15698
15706
15707
15714
15715
15729
15731
15733
15736
15738
15739
15741
15749
15756
15759
15765
15767
15770
15771
15772
15775
15778
15783
15785
15791
15794
15802
15804
15808
15809
15812
15813
15816
15821
15825
15826
15827
15828
15830
15831
15834
15835
15836
15840
15845
15865
15866
15879
15881
15887
15897
15900
15901
15903
15904
15906
15907
15908
15910
15915
15918
15920
15921
15922
15925
15927
15929
15930
15932
15933
15934
15940
15942
15944
15946
15950
15952
15955
15960
15964
15969
15974
15979
15981
15983
15996
15997
16000
16001
16013
16015
16016
16018
16022
16027
16031
16034
16037
16038
16041
16047
16048
16050
16052
16054
16055
16058
16060
16064
16065
16066
16070
16071
16072
16078
16084
16088
16092
16094
16096
16104
16105
16107
16111
16112
16113
16127
16129
16130
16134
16137
16138
16142
16145
16149
16151
16152
16153
16156
16157
16163
16165
16167
16174
16177
16179
16180
16184
16185
16189
16191
16196
16197
16203
16204
16205
16206
16207
16210
16211
16212
16217
16219
16220
16224
16225
16229
16234
16236
16237
16239
16241
16251
16253
16266
16271
16272
16273
16276
16279
16280
16281
16284
16291
16292
16298
16299
16300
16306
16307
16308
16309
16311
16313
16319
16327
16333
16335
16338
16339
16350
16352
16354
16356
16359
16366
16372
16375
16378
16381
16385
16388
16393
16398
16401
16402
16403
16404
16406
16409
16410
16411
16413
16417
16419
16423
16424
16425
16427
16432
16437
16438
16441
16445
16446
16448
16454
16455
16458
16459
16460
16462
16463
16475
16476
16480
16481
16484
16485
16486
16487
16492
16494
16499
16502
16504
16506
16507
16508
16511
16515
16520
16521
16526
16527
16528
16530
16531
16534
16535
16537
16538
16539
16543
16544
16549
16552
16555
16559
16562
16575
16576
16578
16579
16581
16583
16593
16594
16600
16604
16606
16619
16622
16623
16625
16629
16632
16634
16637
16639
16642
16644
16645
16648
16650
16651
16653
16659
16662
16663
16665
16674
16675
16676
16687
16691
16694
16697
16700
16702
16706
16712
16714
16718
16728
16729
16734
16736
16737
16738
16742
16745
16747
16751
16754
16755
16759
16761
16770
16772
16774
16778
16781
16787
16796
16801
16803
16809
16812
16822
16827
16831
16838
16843
16845
16852
16854
16855
16857
16858
16860
16862
16865
16868
16870
16871
16876
16880
16884
16886
16890
16891
16892
16896
16898
16902
16903
16904
16906
16910
16915
16923
16924
16927
16931
16938
16939
16943
16945
16946
16947
16953
16954
16955
16957
16961
16964
16965
16969
16970
16985
16986
16993
17002
17008
17010
17011
17014
17017
17025
17033
17034
17035
17043
17050
17052
17053
17054
17055
17056
17064
17072
17075
17079
17085
17088
17098
17099
17101
17105
17106
17109
17111
17112
17113
17118
17120
17121
17124
17125
17126
17128
17134
17135
17136
17138
17147
17150
17151
17152
17156
17157
17159
17160
17162
17163
17167
17173
17177
17182
17183
17186
17188
17193
17194
17196
17198
17200
17206
17210
17217
17223
17232
17235
17238
17239
17240
17241
17242
17244
17252
17260
17261
17270
17272
17273
17276
17279
17280
17281
17283
17290
17291
17295
17302
17303
17305
17308
17315
17319
17321
17323
17324
17333
17340
17342
17344
17346
17348
17353
17354
17357
17358
17364
17367
17371
17372
17373
17376
17377
17378
17383
17384
17387
17390
17392
17394
17396
17401
17402
17407
17418
17423
17427
17431
17432
17437
17438
17439
17440
17441
17444
17445
17446
17447
17449
17451
17458
17464
17467
17470
17472
17473
17475
17477
17480
17481
17483
17484
17486
17490
17491
17494
17495
17501
17507
17511
17514
17515
17516
17517
17518
17527
17533
17540
17541
17545
17550
17552
17557
17560
17562
17563
17565
17566
17569
17574
17577
17580
17581
17583
17587
17589
17591
17594
17595
17597
17617
17624
17627
17628
17631
17633
17635
17636
17637
17640
17644
17645
17648
17649
17653
17654
17660
17666
17670
17674
17684
17686
17690
17693
17694
17696
17699
17700
17702
17703
17705
17707
17710
17712
17714
17716
17724
17725
17729
17734
17736
17741
17742
17743
17744
17745
17749
17756
17757
17758
17761
17766
17768
17769
17770
17772
17775
17776
17777
17781
17783
17786
17788
17789
17790
17793
17796
17798
17799
17801
17803
17805
17809
17812
17815
17821
17822
17823
17827
17829
17831
17833
17835
17838
17839
17842
17846
17847
17848
17850
17853
17858
17867
17868
17878
17882
17883
17887
17888
17889
17893
17898
17899
17901
17902
17903
17906
17910
17911
17917
17927
17930
17934
17938
17939
17940
17943
17945
17947
17948
17949
17954
17956
17958
17959
17960
17962
17963
17964
17966
17967
17969
17973
17979
17983
17986
17988
17991
17992
17995
17999
18001
18008
18016
18017
18019
18020
18033
18035
18038
18039
18040
18044
18045
18046
18048
18051
18052
18058
18060
18066
18068
18070
18075
18077
18078
18082
18083
18086
18091
18104
18105
18123
18125
18134
18135
18136
18140
18141
18142
18147
18148
18153
18158
18159
18166
18168
18170
18172
18173
18177
18178
18179
18180
18181
18187
18192
18194
18202
18206
18207
18212
18217
18219
18221
18222
18228
18235
18239
18240
18242
18243
18245
18248
18249
18252
18263
18265
18266
18275
18276
18283
18285
18289
18291
18294
18295
18298
18300
18306
18310
18317
18319
18320
18323
18324
18335
18336
18337
18338
18340
18354
18361
18362
18363
18364
18367
18369
18377
18380
18381
18382
18384
18386
18387
18389
18392
18395
18400
18403
18404
18407
18410
18412
18414
18415
18417
18420
18421
18422
18426
18427
18428
18429
18430
18431
18433
18435
18441
18442
18443
18445
18448
18450
18455
18458
18460
18462
18478
18479
18485
18486
18487
18492
18494
18496
18500
18501
18502
18503
18505
18507
18508
18511
18516
18517
18519
18521
18523
18525
18527
18528
18529
18530
18534
18536
18540
18542
18544
18547
18548
18549
18550
18552
18553
18554
18556
18557
18562
18567
18568
18570
18571
18572
18574
18578
18581
18583
18586
18587
18589
18593
18599
18602
18605
18606
18608
18611
18613
18615
18620
18623
18624
18625
18629
18632
18635
18637
18638
18640
18642
18644
18645
18651
18653
18656
18657
18658
18659
18663
18664
18665
18666
18667
18668
18669
18670
18673
18675
18677
18679
18682
18684
18687
18690
18694
18696
18697
18698
18700
18701
18703
18707
18709
18713
18715
18724
18726
18727
18728
18731
18732
18736
18738
18745
18746
18749
18751
18752
18753
18754
18755
18759
18763
18767
18769
18779
18781
18787
18790
18791
18792
18795
18801
18803
18804
18805
18807
18808
18809
18810
18814
18816
18822
18825
18826
18831
18844
18847
18848
18850
18856
18857
18859
18861
18864
18873
18874
18876
18879
18881
18883
18890
18894
18895
18897
18898
18900
18907
18909
18910
18912
18914
18915
18918
18919
18920
18921
18922
18923
18928
18929
18930
18932
18934
18936
18940
18941
18942
18945
18946
18947
18948
18949
18951
18955
18956
18957
18958
18960
18961
18962
18964
18966
18968
18971
18972
18973
18974
18979
18980
18981
18982
18983
18988
18990
18994
18995
19000
19003
19005
19009
19010
19012
19013
19016
19021
19029
19031
19040
19052
19059
19062
19066
19070
19075
19078
19081
19088
19090
19094
19100
19103
19106
19107
19110
19115
19117
19118
19120
19126
19128
19133
19136
19137
19138
19141
19165
19175
19186
19187
19188
19190
19192
19197
19199
19203
19207
19224
19234
19236
19237
19241
19243
19244
19248
19252
19256
19261
19262
19268
19270
19275
19278
19279
19281
19287
19288
19291
19298
19301
19302
19303
19306
19313
19316
19319
19322
19325
19327
19334
19335
19338
19347
19355
19358
19362
19364
19365
19366
19372
19374
19375
19381
19383
19391
19394
19397
19399
19400
19408
19414
19415
19417
19418
19421
19426
19428
19429
19430
19432
19437
19441
19445
19447
19449
19450
19466
19467
19468
19469
19470
19471
19475
19477
19481
19489
19490
19497
19498
19501
19502
19506
19509
19513
19516
19518
19519
19521
19522
19524
19526
19527
19529
19533
19535
19536
19537
19543
19544
19546
19548
19549
19553
19555
19557
19560
19561
19563
19566
19572
19574
19575
19576
19581
19583
19587
19589
19591
19592
19593
19594
19596
19601
19604
19607
19608
19609
19612
19616
19618
19620
19623
19624
19625
19626
19629
19631
19632
19635
19639
19641
19643
19646
19648
19655
19656
19658
19668
19670
19673
19680
19681
19682
19684
19687
19690
19691
19696
19701
19704
19707
19709
19710
19712
19716
19717
19719
19720
19721
19723
19724
19726
19727
19728
19729
19734
19738
19739
19741
19742
19743
19744
19745
19748
19757
19759
19760
19761
19764
19766
19768
19769
19774
19775
19777
19779
19781
19782
19790
19793
19794
19796
19799
19800
19802
19806
19808
19810
19811
19813
19817
19824
19826
19830
19831
19834
19837
19839
19840
19841
19843
19845
19846
19847
19854
19857
19859
19860
19861
19868
19869
19872
19873
19876
19883
19884
19885
19891
19894
19896
19897
19900
19902
19903
19904
19907
19909
19910
19911
19913
19914
19918
19919
19920
19922
19924
19925
19928
19929
19930
19932
19933
19935
19936
19937
19944
19948
19951
19959
19961
19962
19970
19971
19975
19980
19982
19985
19987
19998
20000
20001
20002
20004
20005
20006
20009
20010
20011
20012
20013
20017
20020
20024
20027
20028
20031
20033
20037
20038
20039
20040
20045
20047
20048
20050
20058
20063
20065
20066
20069
20071
20073
20074
20077
20078
20080
20082
20086
20087
20088
20090
20092
20093
20095
20096
20097
20099
20104
20111
20113
20117
20119
20120
20122
20125
20127
20128
20129
20137
20140
20141
20143
20150
20151
20152
20155
20158
20162
20163
20172
20177
20178
20179
20181
20183
20184
20185
20187
20188
20191
20197
20198
20200
20203
20207
20209
20211
20212
20213
20217
20219
20224
20228
20229
20230
20233
20234
20236
20238
20240
20242
20245
20248
20258
20259
20260
20261
20262
20263
20268
20273
20274
20277
20279
20288
20290
20291
20292
20293
20302
20304
20305
20307
20308
20310
20311
20314
20317
20319
20320
20322
20327
20328
20331
20337
20338
20339
20340
20341
20343
20350
20352
20356
20359
20368
20371
20373
20374
20380
20381
20382
20384
20386
20387
20390
20392
20396
20397
20401
20406
20408
20410
20415
20417
20418
20420
20421
20425
20427
20435
20436
20437
20440
20441
20445
20450
20451
20452
20454
20455
20457
20459
20460
20461
20463
20468
20471
20472
20473
20479
20480
20489
20491
20492
20496
20498
20504
20508
20511
20514
20515
20516
20517
20519
20524
20527
20528
20529
20535
20540
20545
20549
20553
20556
20559
20562
20565
20569
20574
20581
20582
20592
20593
20594
20595
20599
20601
20605
20606
20607
20608
20611
20614
20619
20620
20625
20627
20628
20630
20634
20637
20638
20642
20644
20646
20651
20656
20659
20661
20662
20665
20667
20672
20680
20684
20687
20688
20692
20696
20708
20710
20715
20716
20720
20723
20725
20729
20733
20734
20741
20748
20752
20762
20766
20767
20768
20779
20788
20801
20810
20814
20818
20819
20823
20825
20833
20835
20843
20845
20849
20852
20853
20858
20864
20865
20866
20871
20877
20878
20879
20887
20888
20892
20895
20896
20909
20910
20912
20914
20915
20919
20924
20926
20930
20943
20945
20948
20950
20959
20961
20962
20971
20973
20986
20987
20991
20996
21002
21008
21013
21015
21017
21031
21033
21034
21044
21047
21048
21051
21057
21058
21060
21064
21066
21067
21068
21069
21074
21075
21082
21083
21084
21086
21090
21100
21105
21107
21108
21111
21112
21115
21117
21128
21130
21135
21146
21155
21161
21162
21163
21165
21167
21170
21177
21178
21183
21184
21189
21190
21191
21198
21201
21203
21204
21205
21213
21218
21225
21226
21233
21236
21237
21238
21241
21243
21245
21254
21264
21271
21277
21283
21290
21293
21307
21309
21312
21313
21318
21322
21328
21329
21334
21335
21338
21348
21352
21359
21360
21371
21373
21375
21384
21385
21390
21395
21400
21405
21406
21408
21409
21413
21414
21417
21419
21427
21432
21439
21452
21454
21455
21456
21458
21460
21467
21469
21471
21475
21477
21487
21496
21498
21501
21502
21503
21505
21506
21507
21509
21510
21511
21513
21515
21519
21522
21523
21524
21525
21528
21529
21530
21531
21534
21536
21537
21538
21540
21541
21542
21543
21544
21546
21549
21552
21553
21554
21555
21556
21557
21558
21560
21561
21563
21565
21566
21567
21568
21569
21570
21571
21573
21574
21575
21576
21577
21578
21580
21581
21582
21585
21587
21588
21589
21590
21591
21592
21593
21594
21597
21599
21600
21603
21606
21607
21608
21610
21612
21613
21615
21616
21618
21620
21621
21622
21623
21624
21627
21628
21629
21630
21632
21635
21636
21637
21638
21640
21641
21642
21644
21645
21646
21647
21648
21649
21650
21652
21653
21655
21657
21659
21661
21664
21665
21667
21669
21670
21671
21672
21674
21675
21679
21682
21683
21684
21686
21687
21689
21690
21693
21694
21695
21702
21705
21706
21708
21709
21710
21711
21712
21713
21714
21715
21716
21718
21719
21720
21721
21722
21723
21726
21727
21730
21731
21733
21735
21738
21740
21741
21742
21743
21744
21746
21747
21750
21753
21754
21755
21756
21757
21759
21760
21761
21762
21764
21765
21767
21768
21769
21770
21772
21773
21774
21778
21779
21781
21782
21784
21785
21786
21787
21788
21790
21791
21793
21794
21796
21797
21800
21801
21802
21803
21804
21806
21807
21808
21809
21810
21811
21812
21814
21815
21819
21820
21821
21822
21824
21825
21826
21827
21828
21829
21830
21831
21835
21836
21840
21841
21842
21843
21845
21846
21847
21849
21850
21851
21852
21854
21855
21861
21862
21863
21864
21866
21868
21869
21871
21874
21876
21877
21879
21880
21881
21883
21884
21885
21886
21887
21892
21893
21894
21897
21899
21900
21901
21902
21903
21904
21905
21906
21907
21909
21910
21911
21912
21913
21918
21919
21920
21921
21923
21924
21928
21929
21930
21931
21932
21934
21936
21939
21940
21941
21942
21943
21944
21946
21947
21948
21949
21951
21952
21953
21955
21956
21957
21958
21960
21961
21962
21963
21964
21965
21966
21967
21969
21970
21971
21972
21975
21976
21977
21978
21979
21980
21981
21986
21987
21988
21989
21990
21991
21993
21996
21997
21998
21999
22002
22018
22024
22025
22031
22034
22046
22051
22052
22058
22060
22063
22071
22077
22079
22092
22096
22097
22103
22105
22122
22123
22128
22138
22151
22154
22169
22175
22184
22185
22196
22199
22202
22206
22217
22223
22227
22261
22274
22278
22281
22282
22297
22300
22303
22306
22312
22313
22316
22327
22334
22336
22344
22345
22346
22350
22352
22359
22361
22371
22372
22375
22376
22378
22395
22397
22401
22406
22407
22408
22411
22414
22444
22448
22461
22468
22480
22483
22491
22494
22497
22500
22501
22508
22511
22525
22533
22536
22538
22539
22543
22547
22551
22553
22565
22587
22593
22599
22601
22608
22620
22628
22636
22645
22647
22652
22654
22657
22658
22677
22681
22684
22690
22693
22695
22696
22702
22709
22717
22718
22719
22725
22729
22741
22744
22747
22748
22749
22751
22754
22756
22758
22772
22784
22790
22794
22799
22800
22803
22806
22808
22824
22827
22828
22831
22836
22840
22841
22846
22848
22851
22852
22858
22861
22863
22865
22867
22868
22889
22890
22892
22900
22909
22910
22916
22917
22921
22922
22923
22930
22935
22943
22948
22949
22951
22954
22959
22965
22974
22994
22997
23004
23008
23015
23017
23021
23026
23034
23035
23037
23051
23052
23058
23061
23063
23068
23070
23080
23081
23084
23085
23089
23093
23094
23102
23107
23108
23110
23123
23124
23125
23126
23127
23131
23132
23135
23137
23143
23144
23150
23155
23156
23158
23163
23164
23165
23167
23168
23172
23173
23176
23181
23186
23196
23208
23209
23213
23215
23225
23234
23235
23237
23238
23241
23244
23245
23247
23249
23253
23256
23257
23262
23263
23269
23276
23277
23278
23285
23289
23290
23291
23293
23297
23300
23301
23309
23314
23317
23319
23320
23339
23341
23343
23344
23348
23354
23367
23371
23372
23374
23375
23376
23377
23381
23382
23386
23387
23389
23390
23394
23395
23403
23405
23410
23413
23415
23418
23424
23428
23432
23435
23437
23438
23439
23444
23449
23450
23452
23456
23457
23461
23462
23464
23468
23476
23478
23481
23483
23485
23486
23491
23493
23494
23495
23497
23501
23509
23510
23515
23524
23525
23545
23546
23548
23559
23560
23565
23568
23575
23576
23580
23585
23588
23593
23594
23596
23600
23602
23615
23622
23626
23635
23638
23649
23651
23652
23653
23656
23659
23664
23674
23690
23692
23694
23707
23708
23709
23740
23755
23771
23776
23780
23781
23783
23792
23808
23813
23825
23826
23832
23836
23838
23839
23841
23843
23850
23853
23857
23863
23869
23873
23874
23880
23884
23892
23893
23905
23913
23914
23915
23916
23926
23932
23950
23951
23971
23973
23974
23981
23994
23997
24000
24002
24003
24004
24006
24007
24008
24010
24013
24014
24017
24020
24021
24024
24026
24028
24029
24030
24031
24033
24034
24035
24036
24037
24040
24041
24042
24044
24048
24050
24052
24053
24054
24055
24056
24058
24059
24060
24061
24063
24065
24066
24067
24068
24070
24071
24072
24073
24074
24076
24077
24078
24079
24081
24082
24084
24085
24086
24087
24089
24093
24094
24096
24098
24100
24101
24102
24103
24105
24106
24107
24108
24109
24111
24113
24114
24116
24120
24122
24127
24128
24129
24130
24132
24133
24135
24136
24137
24138
24139
24142
24144
24146
24149
24152
24153
24154
24157
24159
24160
24164
24165
24166
24167
24169
24174
24175
24177
24180
24182
24185
24186
24187
24188
24189
24190
24191
24192
24193
24195
24196
24197
24198
24200
24204
24205
24207
24208
24209
24210
24212
24214
24217
24221
24222
24223
24224
24225
24227
24228
24229
24230
24232
24236
24237
24240
24241
24243
24245
24247
24248
24249
24250
24251
24252
24255
24256
24257
24260
24264
24266
24267
24268
24269
24270
24272
24274
24277
24279
24280
24281
24282
24283
24284
24285
24289
24290
24291
24292
24294
24296
24297
24302
24303
24304
24305
24311
24312
24315
24316
24323
24324
24326
24329
24330
24336
24338
24339
24343
24344
24346
24347
24348
24352
24356
24359
24360
24361
24363
24365
24366
24367
24368
24369
24370
24372
24373
24374
24375
24376
24379
24380
24381
24382
24383
24384
24389
24392
24393
24396
24403
24407
24408
24409
24410
24411
24412
24413
24415
24416
24417
24419
24420
24422
24424
24425
24426
24428
24429
24431
24432
24433
24434
24435
24438
24439
24440
24441
24442
24447
24449
24451
24452
24453
24454
24455
24456
24458
24459
24461
24463
24465
24467
24468
24469
24471
24472
24474
24475
24478
24480
24481
24482
24484
24485
24487
24488
24490
24491
24492
24494
24496
24499
24501
24506
24508
24512
24517
24519
24529
24533
24534
24538
24540
24542
24545
24548
24555
24558
24560
24562
24564
24567
24570
24571
24572
24574
24575
24580
24582
24585
24586
24587
24590
24591
24592
24593
24594
24596
24598
24600
24601
24606
24607
24609
24611
24614
24616
24617
24619
24621
24623
24624
24626
24628
24630
24632
24633
24635
24639
24640
24642
24644
24647
24652
24653
24656
24657
24658
24660
24665
24674
24676
24678
24679
24680
24682
24692
24700
24702
24705
24710
24711
24712
24715
24718
24720
24722
24727
24728
24738
24740
24743
24744
24746
24747
24751
24756
24764
24767
24770
24773
24775
24776
24777
24782
24784
24785
24788
24795
24796
24797
24798
24800
24802
24803
24804
24807
24811
24815
24816
24822
24823
24825
24831
24832
24841
24842
24850
24852
24855
24856
24857
24858
24860
24863
24864
24865
24866
24867
24869
24871
24873
24874
24876
24878
24879
24883
24888
24891
24894
24898
24900
24902
24903
24904
24909
24915
24918
24919
24920
24921
24923
24925
24926
24927
24928
24934
24938
24943
24944
24949
24950
24952
24955
24956
24963
24969
24970
24972
24974
24976
24979
24983
24987
24991
24995
24999
25005
25006
25009
25010
25013
25014
25015
25016
25019
25027
25028
25030
25031
25032
25034
25037
25040
25042
25051
25052
25053
25057
25058
25059
25062
25069
25071
25073
25074
25078
25081
25084
25087
25089
25090
25094
25104
25108
25111
25115
25125
25128
25133
25134
25140
25142
25143
25145
25146
25147
25148
25150
25151
25153
25154
25158
25166
25171
25172
25174
25177
25181
25182
25187
25193
25195
25199
25200
25204
25207
25210
25214
25215
25219
25220
25226
25228
25230
25231
25234
25236
25240
25244
25256
25258
25261
25269
25271
25272
25275
25279
25287
25289
25294
25295
25305
25318
25320
25322
25326
25330
25336
25339
25345
25347
25349
25350
25351
25355
25359
25362
25367
25369
25373
25377
25379
25384
25388
25393
25394
25397
25401
25403
25408
25417
25420
25423
25424
25427
25429
25430
25432
25435
25436
25437
25439
25442
25445
25448
25449
25453
25454
25465
25467
25477
25478
25486
25489
25494
25497
25500
25503
25506
25512
25513
25514
25519
25521
25522
25523
25524
25527
25528
25530
25533
25534
25536
25538
25539
25543
25544
25547
25552
25558
25563
25567
25568
25569
25570
25571
25572
25574
25575
25576
25578
25580
25585
25586
25588
25589
25590
25591
25592
25594
25595
25598
25600
25602
25604
25605
25606
25608
25610
25619
25620
25621
25622
25624
25626
25627
25628
25634
25635
25636
25637
25641
25642
25643
25644
25646
25647
25649
25653
25655
25656
25658
25659
25660
25664
25666
25669
25670
25672
25674
25676
25680
25681
25682
25684
25687
25689
25695
25697
25700
25701
25702
25705
25707
25708
25711
25713
25714
25715
25716
25717
25720
25721
25723
25725
25726
25727
25728
25730
25734
25744
25746
25748
25752
25753
25756
25764
25769
25770
25772
25778
25780
25783
25784
25790
25791
25792
25797
25798
25799
25800
25801
25803
25804
25808
25809
25812
25813
25815
25816
25818
25822
25823
25826
25830
25831
25835
25837
25838
25839
25840
25841
25842
25843
25844
25845
25848
25849
25850
25854
25855
25856
25861
25862
25866
25867
25872
25873
25884
25889
25890
25891
25892
25894
25895
25896
25898
25902
25903
25904
25908
25909
25910
25912
25913
25917
25918
25923
25925
25926
25927
25928
25930
25931
25933
25937
25943
25945
25949
25950
25952
25953
25954
25957
25959
25960
25961
25962
25965
25966
25970
25972
25973
25976
25977
25978
25980
25981
25982
25983
25984
25985
25986
25987
25988
25989
25994
25997
25998
26032
26039
26061
26067
26068
26074
26091
26110
26114
26131
26136
26137
26142
26148
26160
26169
26172
26180
26186
26192
26201
26205
26214
26216
26225
26226
26230
26244
26261
26262
26264
26268
26269
26270
26285
26291
26312
26319
26346
26355
26373
26379
26387
26392
26398
26399
26403
26420
26427
26428
26435
26446
26450
26479
26482
26486
26496
26501
26506
26513
26520
26521
26531
26533
26534
26535
26536
26540
26542
26549
26550
26554
26555
26558
26562
26565
26572
26574
26578
26581
26582
26583
26584
26592
26593
26597
26599
26601
26604
26606
26608
26609
26621
26626
26634
26640
26641
26642
26644
26645
26646
26650
26653
26655
26657
26660
26665
26666
26667
26685
26686
26688
26689
26704
26706
26707
26710
26711
26717
26718
26720
26734
26737
26739
26740
26743
26744
26749
26755
26758
26759
26762
26765
26766
26767
26772
26775
26783
26789
26796
26801
26802
26807
26812
26818
26821
26830
26832
26839
26842
26843
26847
26851
26853
26854
26856
26862
26863
26870
26877
26878
26886
26889
26890
26891
26893
26894
26902
26909
26918
26921
26923
26932
26933
26934
26935
26937
26943
26944
26945
26946
26959
26961
26966
26970
26974
26980
26982
26984
26990
26993
26995
26997
26999
27001
27003
27007
27011
27016
27017
27021
27023
27025
27026
27027
27031
27032
27033
27035
27037
27039
27041
27044
27048
27049
27059
27064
27065
27067
27070
27071
27073
27074
27078
27079
27082
27086
27087
27092
27097
27098
27099
27101
27102
27104
27112
27117
27124
27133
27135
27140
27142
27148
27150
27153
27154
27160
27164
27166
27168
27171
27183
27184
27188
27189
27195
27196
27204
27206
27211
27220
27221
27223
27224
27228
27229
27232
27235
27236
27237
27239
27241
27250
27251
27255
27256
27257
27259
27273
27279
27280
27281
27284
27292
27295
27299
27302
27303
27306
27307
27308
27310
27318
27319
27321
27322
27324
27325
27327
27328
27330
27331
27332
27337
27342
27348
27353
27355
27356
27357
27358
27359
27360
27361
27363
27365
27366
27368
27369
27370
27371
27373
27375
27376
27380
27383
27393
27398
27400
27403
27410
27414
27417
27418
27419
27422
27423
27424
27433
27434
27437
27438
27444
27446
27449
27454
27461
27470
27471
27472
27475
27476
27477
27478
27479
27480
27484
27485
27487
27490
27497
27498
27499
27509
27511
27517
27522
27526
27529
27545
27553
27560
27571
27572
27573
27578
27583
27589
27590
27595
27604
27609
27614
27616
27624
27625
27640
27650
27657
27669
27670
27689
27691
27698
27704
27712
27725
27732
27734
27742
27743
27751
27752
27758
27777
27780
27783
27792
27808
27812
27818
27824
27825
27827
27839
27854
27857
27862
27864
27867
27868
27875
27878
27880
27885
27888
27889
27897
27900
27902
27904
27913
27915
27932
27947
27953
27954
27961
27971
27980
27981
27992
27996
28006
28011
28020
28021
28025
28028
28035
28041
28044
28046
28051
28054
28058
28061
28063
28065
28068
28070
28075
28080
28081
28084
28085
28090
28096
28097
28098
28099
28101
28103
28108
28109
28112
28114
28120
28126
28128
28130
28136
28139
28140
28142
28144
28146
28151
28152
28161
28165
28167
28174
28176
28177
28180
28185
28206
28211
28215
28218
28219
28224
28229
28231
28235
28237
28238
28246
28248
28250
28252
28254
28276
28281
28283
28285
28287
28294
28303
28311
28319
28322
28324
28332
28336
28338
28343
28351
28354
28357
28360
28371
28375
28387
28389
28393
28396
28400
28403
28405
28409
28411
28419
28421
28422
28425
28427
28428
28429
28430
28431
28439
28442
28444
28448
28449
28455
28459
28462
28464
28470
28475
28476
28480
28490
28491
28494
28495
28497
28498
28500
28503
28505
28508
28509
28511
28513
28515
28516
28517
28521
28522
28526
28528
28530
28533
28536
28539
28542
28546
28551
28553
28554
28556
28557
28558
28559
28560
28569
28571
28572
28573
28574
28579
28582
28593
28594
28596
28604
28608
28613
28621
28623
28624
28628
28635
28636
28637
28638
28639
28642
28653
28655
28656
28657
28663
28668
28671
28680
28682
28683
28686
28690
28691
28692
28694
28695
28697
28700
28703
28704
28705
28711
28712
28717
28719
28721
28731
28735
28738
28742
28743
28745
28749
28750
28753
28757
28759
28764
28765
28766
28772
28775
28776
28777
28778
28785
28786
28789
28790
28791
28795
28797
28805
28809
28810
28812
28817
28819
28822
28823
28824
28827
28828
28831
28835
28837
28839
28847
28849
28852
28858
28859
28866
28874
28882
28888
28893
28894
28896
28897
28903
28906
28909
28911
28912
28918
28920
28922
28923
28924
28925
28928
28932
28934
28937
28939
28943
28949
28953
28956
28959
28961
28963
28965
28967
28971
28976
28979
28980
28981
28982
28985
28989
28991
28992
28993
28995
28997
29000
29018
29024
29026
29028
29030
29040
29041
29044
29045
29046
29047
29051
29053
29055
29069
29070
29076
29084
29096
29097
29098
29099
29110
29114
29128
29136
29150
29151
29154
29163
29169
29185
29188
29190
29199
29201
29210
29214
29216
29224
29228
29236
29239
29241
29247
29249
29268
29270
29279
29283
29285
29289
29293
29297
29318
29320
29322
29334
29335
29336
29339
29344
29352
29353
29359
29360
29365
29367
29368
29369
29370
29378
29380
29384
29388
29398
29399
29401
29402
29408
29412
29413
29416
29417
29427
29428
29437
29441
29444
29445
29446
29448
29461
29466
29472
29479
29480
29483
29485
29487
29489
29509
29511
29513
29523
29525
29527
29529
29534
29541
29542
29545
29547
29551
29552
29555
29558
29559
29565
29567
29569
29570
29572
29573
29575
29578
29583
29595
29596
29597
29601
29602
29603
29606
29608
29609
29612
29618
29620
29623
29624
29627
29629
29631
29635
29637
29638
29642
29648
29650
29658
29664
29665
29668
29673
29674
29676
29678
29682
29687
29690
29695
29698
29700
29705
29706
29708
29710
29711
29714
29715
29721
29725
29727
29728
29730
29736
29738
29739
29743
29745
29746
29749
29761
29762
29764
29765
29766
29767
29770
29775
29778
29781
29782
29790
29799
29806
29811
29813
29814
29817
29819
29821
29829
29836
29837
29839
29841
29848
29849
29850
29851
29854
29855
29857
29866
29867
29869
29871
29875
29877
29878
29882
29885
29887
29901
29903
29918
29921
29923
29924
29926
29930
29943
29946
29949
29951
29954
29955
29956
29958
29959
29961
29966
29967
29969
29971
29976
29981
29982
29983
29988
29990
29991
29993
30001
30005
30009
30014
30031
30060
30061
30085
30102
30135
30147
30154
30189
30199
30205
30246
30250
30297
30312
30324
30343
30353
30355
30370
30391
30399
30423
30425
30438
30439
30448
30472
30487
30505
30506
30516
30520
30526
30535
30539
30546
30557
30565
30592
30593
30594
30597
30606
30626
30635
30640
30641
30644
30661
30666
30668
30669
30671
30673
30681
30705
30714
30720
30722
30723
30739
30773
30778
30780
30790
30796
30799
30802
30806
30808
30816
30820
30823
30843
30845
30853
30857
30860
30868
30876
30892
30902
30914
30915
30923
30931
30944
30946
30950
30952
30953
30957
30968
30969
30974
30978
31014
31020
31021
31025
31026
31029
31032
31042
31048
31051
31053
31072
31073
31075
31077
31089
31108
31115
31117
31130
31144
31148
31153
31156
31157
31164
31165
31168
31170
31182
31190
31194
31195
31221
31229
31237
31240
31248
31249
31251
31253
31255
31261
31265
31280
31300
31302
31303
31307
31311
31338
31340
31341
31347
31352
31354
31357
31362
31371
31375
31380
31385
31388
31395
31412
31419
31421
31423
31427
31432
31438
31439
31440
31452
31454
31458
31461
31467
31473
31478
31479
31484
31490
31493
31499
31506
31513
31514
31518
31519
31525
31527
31529
31531
31534
31541
31545
31554
31558
31564
31565
31567
31571
31575
31579
31584
31590
31594
31597
31598
31601
31603
31605
31606
31607
31615
31619
31621
31622
31624
31625
31626
31632
31639
31642
31644
31645
31648
31649
31653
31656
31657
31658
31659
31676
31683
31688
31691
31692
31695
31697
31698
31699
31707
31708
31721
31722
31727
31732
31734
31737
31744
31756
31758
31760
31763
31769
31775
31781
31787
31788
31790
31791
31793
31800
31804
31806
31815
31821
31826
31829
31830
31831
31834
31838
31840
31849
31862
31864
31865
31871
31872
31877
31884
31887
31894
31895
31896
31899
31905
31918
31919
31929
31932
31938
31940
31943
31963
31966
31970
31974
31984
31987
31995
31999
32005
32006
32012
32017
32023
32025
32030
32040
32041
32047
32048
32059
32062
32063
32064
32066
32068
32070
32072
32074
32078
32082
32086
32095
32098
32100
32102
32106
32107
32112
32118
32123
32127
32128
32133
32136
32145
32147
32148
32150
32155
32158
32159
32169
32170
32172
32173
32179
32182
32186
32190
32196
32201
32202
32213
32215
32216
32217
32220
32223
32228
32231
32236
32240
32244
32245
32250
32253
32257
32261
32262
32264
32272
32273
32274
32289
32294
32296
32297
32298
32302
32310
32311
32314
32315
32317
32319
32321
32322
32325
32329
32330
32331
32337
32341
32343
32344
32346
32349
32350
32353
32362
32364
32375
32382
32385
32390
32394
32395
32396
32400
32401
32409
32417
32421
32422
32423
32425
32430
32438
32440
32445
32447
32454
32456
32459
32463
32466
32474
32479
32482
32483
32484
32486
32487
32490
32492
32494
32498
32501
32506
32508
32510
32512
32515
32517
32519
32520
32528
32529
32530
32532
32536
32537
32545
32546
32547
32562
32563
32566
32567
32568
32571
32572
32576
32580
32582
32583
32585
32590
32593
32596
32597
32605
32609
32611
32612
32616
32619
32623
32624
32626
32628
32629
32630
32631
32636
32638
32639
32642
32646
32648
32649
32651
32662
32667
32669
32671
32672
32678
32682
32686
32687
32689
32691
32694
32695
32696
32697
32698
32700
32701
32702
32704
32705
32709
32710
32711
32712
32713
32714
32716
32717
32718
32721
32723
32724
32726
32728
32729
32730
32735
32736
32739
32743
32747
32748
32751
32754
32755
32756
32757
32760
32765
32774
32776
32780
32781
32782
32785
32786
32788
32792
32796
32797
32799
32801
32802
32804
32809
32810
32812
32817
32820
32822
32834
32837
32839
32840
32846
32849
32850
32851
32852
32854
32856
32860
32861
32863
32865
32866
32867
32871
32872
32873
32875
32876
32877
32878
32882
32884
32885
32886
32887
32888
32890
32892
32893
32894
32902
32907
32908
32909
32910
32912
32913
32914
32915
32916
32917
32918
32919
32920
32922
32923
32934
32941
32942
32945
32946
32947
32952
32953
32955
32960
32963
32965
32969
32970
32971
32972
32975
32976
32978
32979
32981
32984
32987
32990
32993
32994
32997
33000
33004
33005
33007
33008
33011
33012
33015
33018
33024
33026
33027
33028
33029
33030
33031
33032
33034
33037
33038
33039
33040
33041
33042
33044
33045
33046
33048
33051
33052
33056
33058
33063
33064
33068
33069
33070
33071
33072
33073
33080
33081
33086
33090
33095
33096
33097
33098
33099
33101
33102
33103
33107
33110
33111
33112
33113
33115
33116
33117
33119
33120
33121
33123
33124
33127
33132
33135
33136
33137
33138
33139
33141
33144
33145
33148
33149
33153
33155
33156
33160
33161
33164
33167
33168
33169
33171
33172
33173
33174
33175
33176
33179
33181
33185
33188
33191
33192
33193
33194
33197
33198
33199
33200
33203
33205
33206
33208
33210
33211
33213
33214
33215
33217
33218
33223
33228
33229
33232
33234
33236
33239
33242
33248
33250
33251
33252
33253
33255
33257
33258
33260
33262
33265
33266
33268
33270
33274
33276
33279
33280
33281
33283
33287
33288
33290
33292
33293
33294
33298
33299
33304
33307
33309
33311
33312
33313
33314
33316
33321
33324
33326
33329
33330
33336
33337
33341
33344
33345
33346
33348
33349
33351
33353
33354
33356
33360
33361
33363
33365
33368
33373
33374
33375
33378
33379
33380
33383
33385
33386
33387
33388
33389
33390
33391
33392
33393
33394
33398
33403
33404
33405
33406
33407
33408
33410
33411
33415
33416
33421
33422
33424
33425
33427
33428
33431
33432
33433
33435
33437
33438
33439
33444
33446
33450
33452
33454
33457
33458
33460
33462
33463
33467
33468
33469
33472
33474
33475
33477
33478
33480
33488
33489
33491
33492
33493
33495
33498
33507
33509
33517
33521
33535
33539
33540
33544
33546
33552
33553
33555
33557
33570
33571
33580
33582
33584
33589
33597
33599
33608
33611
33615
33616
33659
33664
33668
33670
33671
33675
33710
33712
33722
33723
33732
33743
33745
33746
33764
33766
33767
33773
33774
33775
33776
33783
33785
33791
33793
33795
33798
33799
33800
33820
33825
33826
33833
33838
33841
33846
33853
33861
33867
33877
33881
33883
33884
33885
33890
33902
33908
33915
33919
33921
33927
33934
33936
33937
33944
33946
33947
33950
33951
33952
33956
33961
33969
33973
33974
33976
33979
33980
33982
33986
33988
33990
33991
33995
33996
33997
34001
34008
34011
34012
34015
34017
34023
34028
34031
34035
34039
34041
34046
34049
34053
34061
34066
34069
34074
34076
34078
34095
34098
34103
34107
34108
34113
34119
34128
34134
34135
34136
34144
34151
34152
34154
34156
34163
34164
34168
34172
34176
34179
34181
34186
34191
34195
34197
34211
34232
34233
34237
34240
34248
34251
34259
34272
34279
34286
34287
34291
34300
34302
34306
34313
34314
34316
34319
34323
34325
34330
34332
34335
34340
34342
34344
34349
34353
34354
34356
34359
34362
34365
34366
34371
34373
34380
34384
34385
34389
34391
34395
34398
34410
34414
34418
34420
34423
34425
34430
34432
34435
34438
34444
34453
34455
34457
34458
34459
34466
34467
34471
34475
34477
34480
34484
34490
34498
34499
34500
34510
34515
34518
34524
34528
34531
34534
34535
34548
34549
34563
34564
34582
34587
34594
34622
34624
34625
34628
34633
34637
34639
34640
34641
34642
34643
34646
34647
34649
34653
34657
34659
34661
34665
34672
34676
34677
34678
34680
34682
34705
34709
34710
34713
34714
34719
34724
34727
34731
34732
34739
34741
34746
34753
34754
34756
34760
34762
34764
34769
34775
34780
34781
34784
34788
34795
34797
34799
34803
34807
34818
34822
34832
34836
34839
34841
34843
34848
34850
34851
34852
34854
34863
34864
34867
34868
34876
34881
34883
34886
34889
34894
34895
34896
34900
34904
34907
34908
34911
34918
34920
34927
34929
34937
34947
34948
34951
34954
34964
34979
34980
34981
34993
35000
35004
35015
35029
35035
35039
35044
35057
35058
35062
35072
35073
35079
35080
35083
35084
35103
35110
35120
35123
35125
35128
35130
35134
35137
35144
35145
35149
35150
35152
35164
35176
35178
35189
35190
35198
35212
35220
35228
35229
35231
35235
35236
35237
35238
35241
35242
35244
35245
35247
35250
35252
35253
35261
35263
35267
35269
35272
35309
35312
35316
35318
35340
35343
35346
35357
35358
35359
35362
35363
35369
35374
35377
35384
35388
35392
35404
35408
35416
35423
35437
35438
35446
35448
35457
35460
35481
35483
35484
35488
35489
35506
35508
35514
35516
35522
35525
35526
35531
35535
35537
35543
35551
35558
35559
35564
35565
35567
35568
35574
35576
35579
35580
35582
35586
35587
35596
35599
35601
35608
35612
35617
35619
35624
35626
35635
35638
35639
35641
35642
35648
35649
35651
35657
35659
35660
35672
35673
35674
35676
35677
35679
35680
35686
35689
35690
35694
35695
35699
35703
35704
35710
35711
35712
35714
35715
35719
35724
35733
35736
35738
35742
35744
35745
35747
35752
35765
35769
35770
35772
35774
35775
35777
35778
35779
35780
35782
35783
35784
35785
35788
35789
35791
35792
35794
35802
35806
35811
35812
35816
35827
35829
35830
35831
35834
35836
35837
35840
35843
35846
35850
35853
35854
35856
35865
35868
35870
35871
35872
35874
35877
35883
35884
35886
35891
35892
35896
35897
35903
35904
35909
35911
35917
35920
35924
35928
35929
35932
35934
35937
35938
35939
35944
35946
35952
35953
35955
35957
35960
35961
35969
35980
35984
35991
35996
36003
36006
36015
36016
36019
36024
36035
36043
36051
36054
36060
36061
36069
36077
36083
36084
36086
36090
36092
36096
36099
36103
36105
36106
36107
36108
36109
36110
36112
36119
36123
36128
36133
36137
36138
36139
36140
36144
36146
36151
36153
36154
36156
36157
36164
36167
36169
36170
36173
36177
36178
36180
36183
36186
36193
36196
36197
36204
36205
36206
36207
36211
36212
36214
36224
36230
36250
36253
36259
36266
36267
36273
36274
36277
36279
36283
36284
36285
36293
36296
36300
36301
36305
36306
36310
36313
36329
36330
36333
36335
36336
36341
36353
36356
36357
36358
36359
36362
36370
36379
36383
36384
36386
36390
36393
36398
36405
36416
36428
36436
36437
36440
36441
36442
36451
36454
36464
36468
36472
36480
36481
36482
36487
36492
36494
36497
36503
36506
36514
36527
36536
36537
36542
36553
36555
36559
36564
36590
36594
36597
36598
36605
36613
36644
36645
36650
36659
36666
36688
36698
36712
36713
36717
36732
36740
36744
36747
36748
36755
36756
36773
36782
36786
36801
36813
36815
36827
36832
36836
36837
36852
36867
36889
36890
36895
36902
36903
36906
36909
36912
36931
36943
36957
36967
36983
36984
36993
36996
37000
37014
37022
37027
37031
37038
37040
37044
37047
37048
37056
37060
37063
37065
37067
37068
37069
37076
37079
37080
37084
37095
37105
37112
37115
37124
37130
37133
37137
37138
37139
37142
37143
37144
37146
37152
37153
37158
37159
37178
37182
37185
37191
37194
37195
37196
37197
37200
37202
37203
37207
37209
37211
37213
37216
37217
37218
37220
37222
37224
37226
37227
37231
37235
37236
37238
37242
37247
37249
37251
37254
37255
37262
37264
37273
37275
37278
37279
37284
37285
37294
37295
37296
37298
37302
37304
37306
37307
37309
37314
37319
37320
37327
37329
37332
37333
37335
37341
37348
37355
37357
37364
37369
37374
37375
37377
37381
37387
37393
37397
37398
37403
37406
37416
37422
37429
37437
37446
37455
37456
37460
37461
37474
37475
37476
37480
37481
37482
37483
37484
37495
37496
37498
37502
37503
37507
37513
37515
37516
37519
37521
37524
37525
37526
37532
37535
37540
37541
37542
37550
37554
37560
37561
37563
37567
37569
37570
37573
37576
37587
37595
37600
37602
37604
37613
37614
37615
37620
37624
37629
37631
37632
37636
37640
37649
37655
37661
37663
37664
37667
37668
37671
37673
37676
37684
37686
37689
37690
37693
37694
37705
37715
37716
37719
37723
37725
37726
37728
37734
37737
37739
37740
37741
37742
37743
37744
37751
37752
37756
37759
37761
37767
37770
37772
37778
37781
37785
37789
37795
37805
37806
37807
37810
37811
37812
37813
37815
37817
37819
37827
37829
37835
37837
37838
37844
37848
37849
37854
37860
37865
37869
37870
37871
37872
37879
37880
37881
37883
37893
37897
37901
37903
37906
37908
37913
37914
37923
37924
37926
37930
37937
37940
37941
37947
37948
37951
37952
37956
37957
37958
37962
37967
37968
37974
37975
37976
37977
37981
37987
37991
37994
37995
38000
38002
38004
38013
38021
38022
38023
38028
38030
38034
38036
38038
38039
38043
38046
38053
38054
38055
38057
38060
38069
38073
38074
38078
38083
38089
38090
38091
38101
38104
38106
38108
38109
38114
38127
38128
38132
38134
38143
38150
38152
38155
38165
38172
38177
38182
38183
38184
38185
38186
38191
38195
38196
38203
38205
38207
38211
38214
38219
38220
38229
38237
38239
38241
38242
38246
38247
38251
38259
38263
38265
38266
38269
38271
38272
38273
38279
38280
38282
38283
38288
38290
38294
38307
38311
38312
38317
38321
38330
38331
38333
38334
38345
38353
38354
38356
38357
38363
38366
38368
38373
38375
38384
38396
38398
38405
38406
38407
38408
38418
38421
38426
38436
38440
38441
38442
38448
38453
38458
38459
38463
38469
38470
38481
38483
38487
38488
38489
38493
38497
38500
38501
38505
38507
38509
38512
38513
38518
38519
38520
38521
38522
38523
38524
38525
38527
38528
38530
38531
38534
38541
38542
38544
38550
38561
38563
38564
38565
38566
38573
38574
38577
38581
38582
38584
38587
38589
38591
38595
38596
38597
38599
38600
38601
38605
38606
38608
38609
38610
38611
38614
38615
38616
38618
38620
38621
38625
38627
38629
38630
38633
38634
38635
38637
38639
38642
38645
38646
38649
38650
38651
38652
38655
38656
38657
38661
38662
38663
38666
38669
38671
38673
38674
38675
38677
38678
38686
38690
38692
38693
38697
38698
38699
38700
38701
38711
38712
38714
38715
38717
38719
38721
38722
38723
38724
38727
38728
38729
38730
38731
38734
38735
38737
38740
38741
38745
38746
38749
38750
38752
38758
38759
38760
38761
38762
38763
38767
38768
38770
38775
38777
38778
38779
38781
38782
38783
38786
38787
38790
38792
38793
38795
38798
38799
38801
38802
38803
38806
38807
38812
38815
38822
38823
38825
38827
38829
38831
38833
38835
38838
38840
38841
38842
38843
38845
38847
38848
38854
38858
38859
38861
38862
38867
38868
38870
38871
38872
38873
38874
38875
38877
38879
38880
38882
38883
38884
38885
38888
38889
38890
38891
38892
38893
38897
38905
38907
38909
38910
38912
38914
38916
38917
38919
38920
38921
38925
38930
38933
38934
38935
38938
38940
38941
38943
38945
38951
38955
38960
38961
38962
38968
38969
38970
38975
38976
38977
38979
38980
38981
38982
38984
38985
38986
38987
38988
38989
38990
38991
38994
38995
38997
38998
39000
39001
39002
39006
39012
39015
39017
39018
39019
39022
39029
39033
39034
39038
39040
39051
39054
39068
39073
39075
39076
39078
39085
39086
39087
39092
39094
39100
39109
39111
39113
39114
39115
39117
39122
39131
39132
39133
39136
39138
39139
39140
39142
39152
39159
39164
39165
39166
39168
39169
39171
39174
39182
39195
39197
39202
39207
39209
39212
39213
39217
39221
39230
39243
39247
39259
39263
39273
39279
39284
39291
39298
39304
39308
39310
39316
39317
39319
39325
39327
39333
39349
39351
39358
39366
39369
39371
39373
39375
39386
39390
39398
39406
39417
39419
39422
39425
39426
39434
39436
39438
39440
39445
39462
39465
39473
39479
39486
39487
39491
39494
39498
39499
39500
39504
39506
39511
39512
39515
39522
39523
39524
39527
39529
39530
39532
39537
39538
39541
39543
39560
39561
39565
39569
39570
39574
39576
39578
39579
39584
39591
39592
39595
39596
39599
39600
39604
39607
39608
39609
39611
39612
39614
39615
39616
39618
39621
39628
39630
39631
39635
39636
39641
39642
39644
39647
39655
39657
39658
39659
39662
39666
39667
39668
39669
39670
39673
39674
39679
39687
39689
39692
39693
39694
39702
39703
39711
39718
39727
39731
39734
39735
39736
39738
39739
39741
39744
39746
39747
39748
39749
39750
39756
39759
39760
39763
39764
39765
39770
39773
39774
39778
39784
39790
39791
39792
39804
39806
39811
39813
39814
39820
39823
39824
39828
39834
39836
39837
39841
39844
39846
39851
39852
39854
39856
39860
39862
39864
39866
39869
39871
39877
39890
39892
39893
39898
39899
39909
39921
39930
39933
39936
39938
39939
39940
39943
39944
39945
39947
39958
39964
39968
39970
39971
39975
39978
39979
39980
39981
39983
39984
39986
39991
39992
39999
40008
40019
40020
40021
40026
40028
40030
40033
40035
40037
40039
40043
40044
40045
40046
40050
40052
40054
40055
40062
40067
40070
40076
40079
40081
40082
40083
40086
40088
40091
40095
40096
40099
40100
40104
40107
40112
40113
40116
40118
40119
40122
40124
40134
40135
40137
40143
40146
40152
40154
40155
40164
40165
40166
40169
40170
40175
40176
40180
40181
40182
40187
40192
40196
40197
40199
40201
40204
40211
40215
40216
40223
40226
40227
40229
40230
40233
40237
40239
40240
40242
40244
40247
40248
40252
40253
40256
40258
40260
40264
40266
40269
40270
40272
40274
40275
40278
40279
40285
40286
40288
40292
40298
40302
40307
40310
40312
40313
40316
40318
40319
40330
40331
40332
40336
40337
40339
40341
40344
40347
40350
40361
40362
40363
40365
40367
40371
40380
40384
40387
40389
40390
40391
40395
40401
40402
40405
40406
40413
40414
40418
40422
40423
40428
40431
40437
40441
40445
40446
40447
40449
40455
40458
40459
40461
40466
40472
40474
40475
40480
40482
40483
40484
40485
40488
40489
40493
40494
40496
40506
40510
40514
40515
40518
40523
40524
40525
40526
40528
40530
40533
40534
40535
40537
40540
40543
40545
40551
40552
40553
40554
40555
40556
40557
40558
40560
40561
40562
40563
40566
40568
40570
40574
40575
40578
40579
40580
40581
40584
40586
40591
40593
40594
40596
40597
40598
40599
40602
40606
40609
40610
40613
40615
40616
40617
40618
40619
40620
40622
40624
40625
40626
40627
40628
40629
40631
40633
40634
40635
40636
40638
40639
40640
40642
40647
40649
40653
40654
40656
40657
40658
40659
40664
40665
40667
40669
40672
40675
40679
40683
40688
40691
40692
40697
40700
40704
40706
40707
40709
40712
40714
40715
40716
40718
40723
40725
40731
40733
40735
40736
40737
40739
40742
40744
40745
40747
40748
40749
40751
40752
40753
40754
40755
40756
40758
40759
40760
40762
40765
40766
40769
40770
40772
40773
40774
40776
40778
40782
40783
40784
40786
40787
40789
40790
40793
40799
40800
40801
40802
40804
40805
40807
40811
40814
40815
40816
40817
40818
40819
40821
40822
40824
40825
40827
40829
40833
40835
40837
40838
40839
40843
40844
40845
40849
40854
40856
40857
40858
40859
40862
40865
40866
40869
40870
40873
40876
40883
40884
40886
40888
40889
40890
40892
40895
40897
40898
40899
40901
40902
40903
40906
40907
40910
40914
40916
40919
40920
40922
40926
40927
40930
40932
40934
40936
40937
40938
40939
40942
40944
40946
40951
40953
40960
40961
40964
40967
40969
40972
40973
40974
40975
40976
40982
40983
40984
40985
40987
40988
40994
40996
40997
40998
40999
41001
41006
41008
41010
41011
41013
41015
41018
41019
41020
41022
41024
41025
41030
41031
41032
41034
41035
41038
41041
41043
41045
41050
41055
41060
41063
41067
41068
41072
41079
41081
41083
41086
41088
41096
41103
41104
41110
41112
41113
41117
41118
41121
41122
41123
41130
41131
41132
41133
41135
41136
41139
41141
41142
41153
41154
41159
41161
41162
41163
41164
41166
41169
41170
41173
41177
41178
41179
41182
41186
41187
41188
41190
41194
41196
41204
41207
41209
41212
41214
41217
41219
41220
41222
41224
41225
41227
41228
41229
41230
41232
41243
41247
41248
41250
41253
41254
41255
41259
41262
41266
41267
41268
41271
41273
41274
41278
41280
41285
41286
41288
41292
41295
41296
41297
41298
41307
41310
41311
41316
41319
41321
41322
41323
41326
41328
41332
41333
41334
41342
41346
41355
41357
41358
41361
41362
41365
41366
41371
41376
41377
41378
41384
41387
41402
41406
41409
41420
41421
41422
41425
41431
41434
41444
41448
41449
41455
41456
41457
41460
41461
41464
41465
41468
41471
41476
41478
41480
41481
41483
41486
41487
41488
41489
41492
41497
41500
41502
41504
41512
41515
41517
41518
41520
41522
41524
41525
41527
41528
41529
41534
41537
41538
41539
41540
41541
41542
41550
41551
41557
41558
41560
41561
41566
41567
41568
41572
41573
41574
41575
41580
41581
41583
41584
41585
41586
41587
41590
41594
41597
41598
41601
41603
41604
41607
41609
41614
41615
41617
41619
41620
41621
41627
41631
41633
41635
41638
41639
41641
41642
41647
41648
41650
41651
41652
41655
41660
41661
41663
41666
41667
41670
41672
41673
41675
41677
41678
41679
41682
41684
41685
41686
41689
41690
41691
41692
41694
41695
41697
41698
41701
41703
41704
41705
41706
41707
41708
41712
41713
41715
41717
41718
41720
41723
41724
41725
41726
41727
41738
41743
41745
41746
41747
41748
41750
41752
41755
41762
41764
41765
41766
41767
41771
41772
41774
41775
41776
41777
41778
41785
41789
41792
41794
41800
41801
41803
41804
41807
41809
41811
41813
41814
41816
41817
41820
41822
41824
41825
41827
41828
41829
41831
41834
41835
41840
41841
41843
41846
41848
41850
41851
41852
41853
41854
41857
41862
41863
41865
41868
41870
41871
41873
41874
41875
41876
41877
41878
41879
41884
41888
41890
41892
41894
41895
41897
41899
41908
41909
41911
41913
41918
41925
41926
41927
41928
41934
41935
41936
41937
41938
41941
41942
41943
41945
41946
41947
41948
41949
41950
41957
41960
41962
41967
41970
41971
41972
41975
41978
41982
41983
41987
41988
41989
41992
41994
41995
41996
41998
41999
42000
42001
42002
42004
42006
42018
42023
42024
42025
42029
42030
42031
42038
42043
42045
42048
42050
42058
42059
42062
42063
42069
42072
42074
42078
42083
42084
42086
42088
42092
42096
42098
42102
42103
42105
42106
42111
42112
42113
42117
42119
42120
42121
42122
42123
42127
42128
42130
42131
42132
42135
42140
42145
42147
42148
42152
42153
42155
42156
42157
42159
42161
42163
42164
42166
42168
42170
42174
42183
42184
42187
42188
42191
42192
42193
42194
42199
42200
42205
42207
42208
42209
42210
42215
42216
42218
42223
42224
42225
42226
42230
42231
42233
42240
42241
42243
42245
42246
42251
42252
42256
42257
42259
42263
42265
42269
42272
42275
42277
42279
42281
42286
42287
42288
42292
42298
42299
42300
42303
42305
42310
42313
42317
42320
42325
42335
42336
42337
42341
42344
42345
42347
42348
42349
42351
42353
42355
42358
42359
42361
42363
42368
42371
42373
42374
42378
42379
42380
42382
42383
42391
42394
42395
42396
42398
42400
42401
42403
42406
42407
42408
42409
42414
42417
42418
42419
42421
42423
42425
42433
42435
42436
42438
42439
42441
42444
42445
42447
42448
42451
42454
42459
42465
42471
42473
42474
42475
42479
42485
42489
42490
42492
42499
42500
42501
42502
42503
42504
42517
42524
42527
42530
42532
42533
42535
42538
42539
42541
42542
42545
42546
42548
42555
42558
42566
42567
42570
42572
42577
42583
42584
42586
42587
42593
42594
42596
42597
42598
42604
42607
42613
42620
42623
42626
42631
42639
42641
42644
42645
42650
42651
42652
42653
42658
42659
42660
42669
42670
42674
42678
42679
42680
42682
42686
42692
42693
42696
42698
42703
42707
42710
42715
42717
42719
42720
42722
42726
42727
42735
42738
42739
42740
42741
42742
42744
42750
42752
42753
42756
42758
42759
42762
42765
42766
42769
42770
42771
42772
42776
42780
42784
42785
42787
42790
42791
42792
42793
42798
42799
42800
42801
42808
42811
42815
42820
42821
42823
42824
42825
42826
42830
42837
42839
42841
42842
42843
42845
42850
42851
42854
42858
42859
42860
42861
42865
42869
42870
42871
42875
42879
42882
42886
42889
42891
42894
42898
42903
42908
42910
42912
42916
42919
42920
42926
42927
42930
42934
42939
42940
42941
42944
42946
42947
42949
42960
42962
42963
42968
42969
42971
42973
42976
42979
42983
42984
42985
42987
42992
42993
42994
42996
42997
43006
43008
43012
43013
43021
43025
43029
43030
43033
43034
43036
43038
43039
43043
43052
43055
43058
43060
43061
43066
43070
43071
43072
43077
43079
43080
43081
43082
43083
43084
43087
43088
43089
43091
43093
43096
43100
43102
43107
43109
43111
43115
43116
43118
43125
43127
43130
43131
43132
43135
43140
43141
43144
43146
43147
43150
43151
43160
43165
43166
43167
43174
43175
43177
43184
43185
43186
43189
43190
43192
43195
43197
43199
43202
43203
43204
43209
43211
43212
43213
43216
43220
43221
43224
43226
43228
43231
43234
43237
43239
43240
43241
43242
43243
43244
43249
43254
43255
43256
43257
43260
43264
43265
43266
43267
43268
43269
43270
43277
43284
43286
43288
43290
43291
43295
43297
43302
43304
43308
43309
43310
43311
43320
43322
43327
43328
43329
43337
43340
43341
43343
43345
43347
43351
43354
43356
43358
43359
43361
43365
43367
43371
43372
43373
43379
43381
43384
43385
43392
43394
43395
43398
43409
43410
43412
43416
43417
43418
43420
43421
43423
43427
43428
43430
43432
43434
43437
43442
43447
43455
43457
43460
43465
43467
43470
43474
43475
43477
43482
43483
43488
43489
43490
43491
43496
43499
43500
43507
43508
43517
43518
43521
43522
43523
43531
43540
43544
43546
43550
43552
43553
43558
43559
43561
43566
43569
43573
43575
43576
43577
43578
43580
43584
43594
43599
43601
43603
43604
43606
43608
43610
43611
43612
43617
43618
43622
43624
43627
43628
43631
43645
43646
43647
43648
43651
43652
43659
43661
43662
43665
43672
43676
43677
43678
43684
43685
43687
43688
43690
43692
43693
43694
43702
43703
43704
43708
43709
43711
43712
43719
43721
43725
43726
43727
43742
43746
43751
43754
43755
43756
43762
43769
43770
43771
43772
43777
43778
43784
43786
43788
43790
43793
43797
43799
43800
43803
43804
43805
43815
43828
43834
43838
43839
43840
43842
43845
43848
43849
43852
43859
43860
43861
43862
43863
43866
43867
43870
43871
43872
43874
43876
43877
43880
43883
43891
43892
43893
43895
43896
43897
43899
43903
43905
43906
43908
43913
43915
43916
43922
43927
43929
43932
43941
43942
43943
43945
43947
43952
43959
43961
43964
43968
43969
43974
43975
43977
43982
43985
43986
43988
43993
43994
43997
43998
43999
44000
44001
44003
44005
44006
44010
44011
44013
44017
44027
44030
44039
44044
44045
44049
44050
44053
44055
44061
44063
44065
44066
44073
44074
44081
44085
44086
44090
44091
44093
44096
44097
44098
44101
44104
44113
44116
44126
44132
44133
44138
44139
44142
44145
44148
44150
44152
44154
44155
44158
44169
44172
44173
44175
44181
44182
44184
44187
44189
44193
44195
44197
44198
44203
44210
44212
44214
44216
44223
44224
44225
44232
44236
44238
44242
44245
44247
44248
44249
44250
44252
44259
44260
44261
44263
44264
44270
44271
44276
44280
44281
44287
44296
44300
44303
44308
44318
44327
44328
44334
44336
44337
44344
44348
44349
44350
44352
44356
44357
44365
44367
44374
44375
44377
44378
44382
44383
44388
44390
44392
44397
44398
44400
44411
44413
44418
44419
44420
44430
44433
44435
44436
44438
44444
44446
44452
44453
44467
44471
44472
44473
44476
44479
44485
44488
44491
44495
44501
44502
44504
44508
44509
44510
44512
44515
44517
44518
44520
44525
44526
44527
44533
44536
44540
44542
44543
44544
44546
44553
44554
44555
44557
44565
44566
44567
44569
44570
44573
44576
44578
44579
44580
44581
44583
44587
44590
44592
44599
44606
44609
44610
44611
44612
44617
44620
44622
44625
44626
44628
44629
44634
44638
44639
44640
44641
44655
44656
44659
44660
44663
44664
44665
44666
44668
44670
44671
44672
44673
44678
44681
44682
44683
44686
44689
44693
44694
44696
44698
44701
44705
44706
44708
44709
44711
44712
44713
44717
44721
44727
44730
44734
44739
44741
44743
44744
44745
44750
44751
44752
44755
44756
44760
44764
44765
44769
44770
44772
44775
44780
44781
44793
44795
44796
44799
44802
44805
44808
44809
44810
44815
44819
44820
44824
44826
44834
44841
44842
44849
44850
44851
44857
44858
44864
44866
44867
44869
44873
44875
44876
44882
44884
44886
44890
44895
44902
44904
44905
44906
44908
44909
44911
44912
44926
44927
44930
44934
44936
44937
44939
44944
44950
44952
44953
44957
44961
44962
44969
44973
44974
44978
44979
44980
44982
44983
44985
44987
44988
44990
44996
44999
45003
45004
45005
45009
45010
45012
45013
45015
45016
45019
45020
45021
45022
45024
45025
45030
45034
45037
45039
45041
45042
45044
45046
45047
45048
45049
45050
45052
45059
45061
45062
45065
45067
45069
45075
45081
45082
45084
45086
45089
45092
45093
45097
45098
45099
45101
45102
45104
45107
45110
45111
45112
45113
45115
45117
45118
45119
45121
45122
45124
45128
45140
45143
45144
45145
45146
45147
45149
45150
45151
45155
45156
45157
45160
45161
45162
45164
45166
45171
45172
45173
45176
45178
45182
45183
45184
45186
45187
45189
45190
45192
45197
45198
45200
45201
45202
45204
45205
45210
45214
45215
45216
45217
45219
45220
45224
45226
45227
45229
45232
45234
45236
45239
45240
45241
45242
45243
45245
45246
45252
45253
45255
45256
45257
45259
45261
45262
45264
45266
45267
45270
45272
45276
45277
45278
45282
45284
45285
45290
45296
45297
45298
45299
45300
45302
45307
45309
45314
45319
45320
45321
45322
45328
45334
45339
45341
45342
45343
45345
45348
45349
45350
45353
45354
45357
45360
45362
45363
45365
45367
45368
45370
45371
45375
45379
45380
45382
45383
45387
45389
45391
45393
45394
45395
45402
45403
45406
45407
45409
45410
45411
45413
45414
45417
45418
45419
45422
45423
45425
45426
45427
45428
45429
45430
45432
45433
45436
45437
45440
45444
45446
45449
45450
45451
45453
45457
45458
45459
45460
45462
45464
45465
45467
45468
45471
45473
45475
45476
45477
45480
45481
45483
45485
45489
45492
45493
45494
45497
45499
45502
45504
45509
45518
45520
45526
45527
45536
45539
45541
45543
45547
45560
45575
45576
45580
45585
45590
45591
45593
45600
45607
45617
45626
45631
45639
45642
45643
45645
45647
45649
45650
45654
45655
45664
45673
45680
45682
45685
45691
45697
45703
45711
45712
45713
45716
45739
45741
45748
45751
45752
45753
45755
45761
45764
45772
45774
45777
45786
45789
45795
45809
45826
45827
45835
45837
45840
45842
45851
45854
45855
45856
45865
45866
45870
45874
45878
45882
45884
45890
45891
45896
45897
45903
45905
45914
45915
45922
45924
45935
45944
45946
45947
45957
45971
45972
45975
45979
45980
45982
45998
46003
46007
46008
46010
46011
46012
46015
46017
46018
46021
46026
46028
46030
46033
46042
46052
46054
46060
46062
46064
46067
46072
46073
46074
46076
46079
46092
46095
46096
46103
46106
46107
46108
46111
46112
46113
46118
46120
46121
46125
46128
46136
46137
46143
46144
46152
46156
46157
46159
46160
46161
46164
46165
46167
46168
46169
46175
46180
46181
46186
46188
46189
46197
46201
46206
46209
46211
46214
46216
46220
46221
46225
46226
46228
46232
46236
46237
46238
46244
46246
46248
46255
46257
46258
46262
46267
46277
46278
46283
46286
46290
46294
46300
46303
46306
46308
46309
46311
46313
46314
46318
46319
46322
46327
46328
46329
46334
46336
46337
46340
46341
46349
46351
46352
46356
46363
46364
46365
46370
46371
46375
46385
46391
46393
46399
46400
46401
46404
46405
46407
46424
46426
46429
46430
46432
46436
46437
46438
46440
46441
46443
46445
46446
46451
46452
46455
46457
46460
46464
46466
46469
46472
46477
46480
46481
46482
46485
46487
46488
46490
46491
46492
46497
46516
46521
46524
46530
46531
46540
46544
46545
46546
46548
46549
46557
46559
46563
46564
46565
46573
46574
46578
46588
46597
46612
46613
46614
46618
46623
46625
46631
46637
46641
46642
46645
46646
46649
46653
46654
46655
46665
46667
46684
46693
46694
46696
46697
46700
46705
46708
46714
46728
46731
46738
46739
46740
46742
46745
46755
46766
46769
46770
46772
46786
46793
46803
46807
46809
46810
46813
46814
46825
46826
46829
46837
46843
46851
46857
46863
46867
46872
46874
46876
46878
46885
46887
46895
46896
46897
46899
46913
46920
46921
46922
46923
46931
46936
46938
46940
46943
46955
46960
46961
46964
46965
46968
46980
46987
46991
46998
47005
47012
47013
47014
47019
47022
47024
47026
47027
47031
47037
47042
47050
47051
47054
47055
47067
47068
47069
47073
47074
47075
47077
47083
47089
47096
47102
47105
47106
47121
47129
47134
47139
47140
47145
47153
47154
47160
47166
47171
47178
47184
47189
47190
47199
47201
47202
47203
47208
47211
47218
47219
47225
47228
47232
47233
47236
47256
47262
47264
47270
47279
47288
47293
47294
47295
47297
47301
47309
47310
47311
47312
47320
47322
47324
47328
47341
47345
47349
47350
47351
47355
47363
47370
47375
47382
47384
47387
47388
47390
47393
47398
47402
47407
47408
47414
47417
47419
47420
47424
47436
47447
47451
47453
47454
47458
47464
47465
47466
47483
47485
47488
47508
47510
47515
47519
47521
47523
47535
47536
47549
47551
47552
47553
47555
47567
47571
47573
47584
47587
47596
47597
47598
47599
47602
47608
47610
47617
47620
47624
47634
47641
47644
47654
47667
47675
47690
47696
47697
47698
47700
47704
47716
47718
47720
47733
47741
47742
47743
47744
47749
47753
47757
47758
47767
47769
47770
47771
47775
47780
47782
47794
47795
47796
47797
47805
47807
47808
47814
47820
47821
47822
47827
47831
47834
47835
47842
47856
47863
47865
47870
47871
47876
47878
47882
47883
47890
47893
47903
47914
47927
47928
47934
47939
47942
47943
47945
47952
47955
47956
47958
47960
47966
47972
47974
47980
47981
47991
47993
47994
47999
48002
48005
48006
48007
48008
48010
48011
48012
48014
48015
48016
48018
48021
48025
48026
48031
48032
48033
48034
48040
48043
48044
48049
48050
48052
48056
48061
48063
48064
48070
48073
48075
48077
48079
48081
48083
48087
48091
48092
48094
48095
48097
48098
48105
48109
48112
48114
48131
48132
48148
48149
48150
48155
48157
48158
48159
48178
48190
48194
48207
48210
48211
48212
48221
48224
48226
48227
48235
48243
48250
48263
48264
48266
48268
48270
48271
48274
48276
48279
48283
48288
48294
48295
48302
48305
48311
48315
48318
48322
48327
48331
48333
48336
48340
48345
48346
48349
48353
48354
48355
48357
48364
48371
48372
48375
48377
48381
48382
48385
48387
48394
48397
48398
48402
48408
48411
48414
48416
48419
48420
48423
48427
48434
48435
48442
48443
48450
48453
48458
48460
48461
48466
48467
48469
48472
48473
48474
48481
48482
48486
48488
48489
48491
48492
48493
48495
48497
48500
48503
48504
48505
48506
48508
48509
48510
48512
48513
48514
48515
48521
48528
48532
48533
48538
48539
48544
48545
48546
48547
48551
48554
48555
48556
48558
48559
48560
48561
48563
48565
48567
48571
48573
48576
48577
48578
48579
48580
48582
48583
48584
48587
48588
48590
48591
48593
48595
48596
48597
48599
48600
48601
48603
48604
48605
48606
48607
48608
48609
48611
48612
48614
48615
48617
48618
48619
48621
48623
48624
48626
48629
48630
48631
48632
48637
48638
48639
48643
48644
48646
48650
48651
48652
48654
48656
48658
48659
48660
48661
48662
48663
48674
48678
48680
48686
48688
48689
48690
48693
48698
48699
48700
48701
48703
48704
48705
48707
48711
48718
48722
48725
48726
48727
48728
48730
48731
48732
48734
48736
48737
48738
48739
48740
48741
48745
48746
48747
48749
48750
48751
48755
48756
48761
48762
48765
48770
48772
48774
48775
48776
48777
48778
48780
48782
48784
48785
48786
48788
48789
48791
48792
48793
48794
48796
48797
48799
48800
48801
48802
48806
48807
48810
48817
48826
48828
48831
48832
48833
48834
48835
48836
48837
48841
48842
48843
48845
48846
48847
48849
48850
48851
48853
48854
48856
48857
48860
48861
48867
48868
48872
48873
48874
48881
48884
48886
48889
48891
48893
48894
48895
48897
48898
48899
48900
48902
48905
48907
48911
48913
48914
48915
48918
48919
48924
48925
48926
48928
48929
48930
48931
48932
48934
48942
48945
48946
48947
48950
48951
48953
48954
48955
48957
48958
48960
48961
48962
48963
48965
48966
48967
48968
48970
48972
48973
48976
48978
48981
48984
48986
48989
48990
48992
48993
48995
48996
48998
48999
49000
49003
49005
49009
49010
49011
49020
49022
49025
49027
49028
49029
49030
49031
49036
49045
49050
49053
49054
49059
49067
49068
49071
49072
49073
49080
49081
49082
49084
49085
49088
49096
49104
49105
49110
49118
49121
49124
49129
49134
49141
49142
49146
49148
49155
49159
49161
49162
49163
49164
49165
49166
49169
49171
49174
49178
49179
49184
49185
49187
49188
49189
49191
49203
49205
49209
49210
49213
49215
49216
49218
49219
49220
49222
49224
49225
49230
49232
49234
49235
49238
49242
49247
49250
49253
49254
49256
49265
49266
49267
49273
49274
49279
49280
49282
49284
49286
49288
49289
49296
49299
49300
49305
49312
49315
49316
49318
49319
49320
49322
49324
49330
49331
49334
49335
49336
49337
49341
49342
49344
49347
49349
49351
49352
49354
49355
49361
49364
49366
49367
49368
49375
49377
49381
49383
49384
49387
49388
49390
49395
49398
49399
49401
49402
49405
49408
49409
49412
49418
49419
49420
49421
49424
49429
49432
49442
49449
49450
49451
49455
49457
49461
49462
49463
49468
49473
49477
49483
49485
49487
49490
49495
49496
49497
49502
49506
49509
49511
49516
49521
49522
49525
49527
49528
49529
49532
49537
49538
49541
49542
49545
49550
49556
49570
49573
49575
49579
49586
49588
49592
49595
49599
49600
49601
49602
49603
49604
49606
49607
49608
49609
49612
49613
49617
49620
49624
49629
49631
49633
49640
49644
49651
49652
49654
49659
49660
49662
49667
49668
49678
49681
49686
49688
49693
49695
49697
49698
49701
49704
49707
49709
49710
49718
49721
49723
49728
49731
49734
49737
49746
49749
49751
49753
49756
49757
49762
49763
49766
49767
49769
49771
49784
49785
49793
49794
49795
49800
49803
49806
49808
49809
49813
49814
49818
49820
49823
49824
49826
49827
49830
49831
49832
49844
49852
49857
49858
49863
49867
49873
49880
49885
49888
49891
49894
49897
49902
49906
49908
49921
49922
49924
49926
49931
49937
49943
49949
49953
49954
49955
49958
49962
49963
49964
49965
49969
49971
49972
49981
49991
49992
49993
49994
49999
