12
21
27
45
47
57
69
72
84
96
99
108
117
118
119
120
127
129
140
147
151
155
163
164
167
183
186
201
203
204
210
220
230
231
238
243
248
255
263
275
280
290
298
302
303
313
325
330
337
343
351
352
355
363
364
368
370
374
377
384
385
391
397
406
407
409
410
415
418
419
421
425
441
442
443
444
451
457
459
461
467
468
470
471
482
516
519
521
528
535
537
538
542
554
592
596
600
601
610
612
620
627
638
643
650
654
658
664
668
676
679
691
722
725
730
740
744
745
753
755
759
768
776
785
797
802
815
816
819
855
870
881
886
894
895
896
898
901
903
916
919
925
939
946
947
948
954
955
966
986
1002
1009
1012
1022
1024
1028
1045
1054
1060
1066
1067
1078
1080
1087
1089
1090
1094
1100
1102
1105
1106
1109
1118
1123
1134
1139
1143
1154
1156
1185
1190
1191
1193
1194
1199
1200
1203
1206
1209
1211
1214
1216
1220
1222
1224
1226
1228
1232
1240
1245
1254
1261
1262
1273
1274
1278
1280
1281
1282
1283
1286
1288
1290
1297
1299
1304
1306
1307
1308
1312
1318
1319
1322
1323
1325
1334
1340
1351
1357
1362
1363
1364
1368
1369
1371
1373
1374
1375
1381
1390
1394
1396
1399
1403
1404
1408
1417
1420
1422
1423
1430
1432
1433
1439
1440
1441
1442
1447
1449
1460
1465
1468
1470
1471
1472
1474
1476
1479
1487
1489
1493
1494
1496
1497
1500
1504
1507
1510
1518
1521
1522
1533
1539
1542
1543
1549
1575
1580
1592
1596
1599
1603
1615
1616
1624
1630
1632
1646
1650
1651
1665
1672
1680
1710
1719
1724
1725
1741
1745
1753
1764
1769
1777
1782
1796
1797
1802
1812
1819
1826
1829
1838
1848
1855
1861
1868
1878
1880
1881
1886
1892
1902
1905
1906
1908
1913
1920
1922
1924
1935
1946
1957
1961
1965
1978
1983
1987
1996
1997
2004
2010
2043
2050
2054
2061
2087
2092
2097
2099
2101
2102
2109
2110
2118
2134
2140
2142
2144
2147
2151
2166
2177
2184
2196
2201
2205
2207
2227
2232
2234
2242
2244
2250
2253
2256
2268
2273
2275
2282
2288
2299
2302
2311
2313
2318
2319
2323
2330
2338
2359
2371
2406
2417
2421
2422
2430
2432
2433
2441
2445
2447
2456
2461
2468
2476
2482
2497
2503
2504
2505
2509
2518
2523
2529
2531
2535
2536
2549
2575
2577
2581
2589
2599
2600
2601
2610
2614
2615
2616
2618
2622
2625
2626
2632
2642
2650
2658
2676
2678
2680
2684
2685
2688
2693
2697
2703
2704
2709
2710
2714
2718
2728
2730
2739
2740
2761
2769
2770
2776
2785
2789
2798
2805
2806
2807
2812
2814
2817
2818
2819
2820
2824
2825
2838
2842
2843
2850
2866
2868
2874
2893
2895
2900
2901
2920
2926
2927
2945
2946
2947
2951
2953
2961
2962
2968
2973
2976
2986
2999
3009
3013
3031
3036
3042
3066
3073
3116
3121
3141
3155
3157
3199
3202
3209
3223
3233
3248
3265
3280
3300
3336
3339
3386
3392
3399
3411
3414
3425
3432
3446
3460
3461
3474
3479
3480
3488
3493
3494
3501
3506
3517
3520
3536
3540
3552
3558
3587
3589
3611
3621
3626
3629
3631
3645
3650
3652
3688
3694
3703
3723
3733
3735
3749
3752
3769
3773
3776
3798
3799
3804
3807
3810
3831
3836
3843
3851
3854
3864
3877
3905
3910
3914
3920
3929
3934
3941
3944
3964
3966
3981
3993
3995
4006
4013
4015
4047
4070
4092
4111
4150
4153
4161
4168
4197
4198
4241
4257
4296
4318
4341
4343
4357
4399
4406
4441
4445
4478
4485
4500
4501
4506
4507
4508
4516
4521
4526
4532
4533
4536
4538
4540
4542
4544
4545
4547
4549
4550
4557
4560
4564
4565
4566
4568
4570
4575
4576
4578
4581
4582
4584
4585
4587
4590
4594
4599
4600
4601
4604
4605
4607
4616
4619
4620
4625
4627
4628
4629
4631
4632
4633
4634
4644
4645
4648
4649
4652
4656
4658
4660
4661
4662
4663
4666
4668
4669
4671
4672
4673
4675
4679
4683
4685
4690
4693
4696
4697
4700
4702
4703
4705
4707
4708
4710
4712
4714
4715
4722
4724
4728
4730
4732
4737
4743
4745
4746
4749
4753
4755
4756
4758
4759
4762
4764
4765
4767
4771
4772
4773
4781
4782
4783
4785
4786
4788
4789
4796
4797
4798
4799
4802
4804
4805
4807
4809
4812
4813
4814
4817
4818
4819
4823
4824
4825
4827
4828
4829
4831
4835
4838
4839
4840
4842
4850
4852
4856
4859
4860
4862
4863
4868
4874
4875
4876
4877
4879
4882
4884
4885
4886
4891
4896
4898
4899
4902
4904
4906
4907
4908
4909
4916
4917
4918
4919
4926
4929
4930
4937
4938
4940
4942
4945
4955
4956
4959
4964
4966
4971
4973
4974
4975
4978
4981
4983
4984
4986
4987
4991
4994
4995
4999
5003
5004
5005
5008
5015
5019
5030
5040
5046
5069
5072
5082
5094
5109
5114
5120
5122
5135
5145
5146
5151
5153
5156
5178
5180
5183
5204
5211
5229
5236
5268
5270
5278
5287
5296
5315
5321
5340
5355
5372
5375
5394
5396
5399
5406
5410
5418
5419
5421
5432
5441
5446
5464
5465
5468
5470
5474
5481
5489
5491
5500
5502
5503
5505
5508
5509
5510
5513
5515
5519
5523
5533
5538
5543
5545
5554
5559
5563
5565
5569
5570
5573
5577
5592
5593
5594
5599
5602
5604
5606
5612
5616
5617
5619
5627
5628
5639
5645
5651
5654
5656
5658
5661
5670
5677
5678
5681
5685
5699
5701
5702
5707
5712
5713
5714
5715
5725
5731
5734
5737
5740
5741
5746
5749
5750
5751
5752
5757
5762
5763
5765
5768
5769
5772
5786
5790
5805
5809
5811
5819
5823
5828
5830
5831
5841
5846
5852
5854
5856
5867
5868
5870
5871
5874
5875
5876
5880
5882
5883
5887
5888
5889
5897
5906
5915
5923
5928
5929
5931
5935
5936
5937
5940
5945
5947
5949
5953
5954
5958
5960
5964
5966
5981
5982
5989
5991
5995
5996
6001
6003
6006
6008
6009
6014
6017
6020
6027
6031
6061
6064
6065
6067
6072
6074
6076
6077
6079
6085
6090
6091
6092
6102
6107
6124
6126
6128
6134
6142
6144
6145
6147
6151
6152
6156
6158
6161
6162
6169
6170
6171
6175
6177
6178
6180
6203
6204
6205
6207
6212
6217
6218
6220
6223
6235
6239
6240
6243
6244
6248
6251
6252
6255
6257
6260
6264
6267
6269
6277
6282
6288
6291
6296
6300
6306
6308
6309
6314
6315
6322
6323
6324
6325
6328
6331
6332
6333
6334
6341
6342
6346
6357
6358
6363
6365
6368
6369
6374
6379
6381
6382
6384
6390
6401
6404
6406
6418
6424
6430
6435
6447
6460
6465
6466
6468
6470
6473
6475
6476
6477
6478
6484
6487
6489
6491
6492
6497
6499
6503
6506
6507
6516
6521
6522
6524
6527
6535
6536
6537
6538
6540
6541
6542
6543
6544
6548
6554
6556
6557
6561
6563
6565
6566
6569
6571
6572
6573
6574
6576
6579
6580
6582
6585
6587
6591
6592
6594
6595
6596
6599
6609
6613
6616
6617
6621
6622
6627
6628
6631
6634
6635
6636
6637
6640
6642
6644
6645
6646
6652
6653
6654
6655
6656
6657
6663
6674
6679
6680
6682
6683
6690
6693
6695
6696
6698
6705
6707
6708
6711
6715
6720
6724
6736
6737
6738
6745
6749
6751
6758
6761
6762
6769
6770
6771
6773
6774
6775
6776
6777
6782
6785
6788
6790
6791
6794
6795
6798
6799
6804
6809
6811
6816
6817
6818
6819
6820
6822
6826
6828
6829
6830
6831
6835
6838
6843
6845
6846
6850
6851
6853
6854
6855
6856
6857
6861
6865
6868
6877
6885
6892
6895
6900
6901
6907
6908
6909
6910
6912
6919
6922
6923
6924
6927
6929
6936
6941
6949
6950
6955
6957
6963
6964
6966
6967
6974
6980
6984
6989
6992
6998
7022
7029
7037
7040
7045
7058
7063
7069
7084
7094
7100
7113
7121
7154
7156
7164
7185
7195
7200
7215
7223
7241
7263
7264
7279
7283
7308
7322
7351
7359
7360
7375
7403
7414
7415
7433
7446
7448
7449
7462
7464
7466
7467
7469
7471
7491
7494
7501
7508
7515
7519
7521
7536
7541
7544
7553
7557
7561
7567
7568
7575
7580
7586
7590
7601
7604
7605
7607
7613
7616
7617
7625
7626
7632
7640
7648
7651
7655
7659
7669
7674
7685
7692
7695
7696
7699
7702
7705
7706
7707
7709
7712
7716
7719
7726
7730
7736
7739
7740
7741
7744
7753
7757
7758
7760
7763
7768
7771
7773
7778
7780
7782
7783
7784
7785
7789
7793
7800
7804
7805
7812
7814
7818
7826
7841
7843
7848
7851
7853
7854
7863
7868
7874
7875
7880
7898
7906
7907
7909
7911
7933
7936
7938
7940
7943
7944
7952
7953
7955
7957
7962
7968
7971
7972
7974
7976
7977
7978
7989
7992
8000
8003
8008
8014
8015
8016
8019
8026
8034
8035
8036
8039
8043
8048
8050
8055
8058
8062
8063
8065
8066
8075
8080
8086
8087
8090
8093
8096
8105
8110
8125
8144
8145
8148
8149
8150
8155
8167
8170
8172
8174
8177
8181
8185
8186
8187
8193
8200
8203
8204
8205
8207
8217
8219
8223
8233
8234
8235
8237
8258
8273
8276
8279
8280
8285
8292
8295
8296
8297
8308
8309
8311
8315
8317
8318
8320
8323
8326
8328
8335
8337
8338
8339
8345
8347
8349
8350
8353
8360
8371
8378
8380
8384
8386
8392
8399
8409
8412
8415
8417
8419
8423
8426
8430
8432
8436
8439
8441
8448
8449
8450
8452
8457
8471
8476
8483
8484
8496
8499
8500
8502
8503
8510
8516
8517
8520
8521
8523
8524
8529
8534
8535
8539
8542
8547
8550
8551
8552
8554
8557
8561
8568
8569
8570
8576
8577
8578
8579
8583
8588
8589
8590
8594
8597
8601
8603
8605
8614
8615
8616
8620
8624
8625
8626
8628
8631
8637
8639
8641
8642
8644
8655
8657
8661
8664
8668
8674
8679
8680
8681
8682
8687
8688
8690
8691
8701
8703
8705
8708
8711
8712
8714
8718
8719
8722
8723
8725
8728
8729
8730
8736
8737
8743
8748
8750
8751
8753
8756
8761
8762
8766
8767
8768
8769
8776
8777
8778
8779
8783
8788
8794
8798
8801
8808
8813
8814
8815
8816
8820
8822
8824
8825
8826
8833
8834
8839
8844
8846
8848
8850
8851
8852
8853
8857
8860
8861
8862
8864
8872
8873
8875
8885
8889
8898
8913
8914
8915
8916
8917
8918
8921
8922
8923
8932
8933
8936
8937
8942
8949
8950
8954
8957
8959
8960
8961
8964
8968
8970
8976
8977
8979
8980
8984
8987
8989
8992
8993
8994
8997
8998
9004
9016
9026
9030
9032
9039
9042
9047
9063
9064
9072
9077
9078
9087
9088
9091
9093
9110
9119
9126
9131
9132
9145
9176
9177
9185
9187
9188
9190
9198
9203
9211
9215
9216
9228
9241
9245
9246
9247
9250
9253
9260
9273
9283
9292
9308
9344
9349
9358
9364
9386
9392
9394
9410
9413
9416
9418
9419
9426
9428
9434
9442
9453
9475
9489
9490
9494
9502
9505
9519
9521
9524
9528
9529
9531
9544
9546
9554
9560
9563
9577
9579
9583
9586
9587
9595
9596
9610
9615
9619
9623
9625
9626
9628
9639
9649
9653
9656
9660
9670
9679
9703
9710
9711
9715
9725
9728
9733
9742
9744
9747
9760
9761
9771
9775
9779
9787
9789
9792
9793
9796
9802
9805
9806
9807
9808
9817
9820
9822
9828
9833
9839
9847
9856
9862
9863
9865
9869
9871
9873
9874
9875
9880
9883
9888
9896
9904
9906
9908
9909
9915
9918
9921
9926
9927
9933
9936
9940
9942
9944
9946
9949
9954
9955
9956
9961
9964
9966
9982
9987
9997
10004
10033
10039
10042
10047
10057
10060
10063
10071
10076
10089
10090
10091
10095
10099
10100
10102
10134
10136
10137
10143
10155
10157
10159
10161
10162
10169
10170
10173
10174
10178
10186
10191
10192
10193
10197
10215
10218
10229
10235
10236
10247
10248
10264
10274
10278
10290
10295
10304
10310
10316
10318
10327
10331
10339
10341
10347
10350
10351
10353
10356
10363
10366
10371
10378
10384
10392
10393
10400
10404
10413
10417
10437
10438
10444
10447
10449
10459
10473
10475
10477
10480
10488
10496
10498
10513
10516
10524
10526
10527
10538
10545
10546
10547
10560
10563
10582
10589
10612
10614
10617
10622
10627
10632
10642
10643
10645
10646
10647
10652
10656
10661
10665
10666
10670
10673
10678
10679
10688
10692
10697
10698
10708
10710
10719
10728
10737
10743
10745
10752
10758
10759
10760
10762
10765
10774
10775
10776
10782
10787
10792
10797
10801
10804
10808
10810
10816
10822
10825
10835
10844
10851
10857
10859
10865
10866
10871
10875
10876
10887
10896
10901
10903
10912
10914
10926
10936
10940
10949
10953
10954
10957
10959
10965
10967
10968
10983
10985
10987
10989
10990
10993
10998
11004
11016
11019
11021
11029
11036
11037
11040
11042
11043
11050
11055
11057
11060
11062
11067
11075
11081
11082
11083
11084
11088
11098
11100
11101
11102
11110
11116
11131
11133
11136
11138
11139
11141
11144
11150
11157
11163
11170
11171
11172
11183
11197
11202
11203
11204
11213
11214
11217
11221
11229
11233
11236
11239
11241
11243
11254
11260
11267
11270
11275
11280
11290
11293
11296
11298
11303
11304
11306
11323
11340
11345
11347
11351
11352
11354
11356
11358
11359
11361
11368
11370
11372
11373
11376
11378
11380
11384
11392
11398
11416
11417
11421
11422
11423
11425
11429
11430
11435
11440
11441
11442
11451
11458
11460
11469
11470
11478
11492
11511
11523
11529
11539
11541
11543
11544
11545
11565
11576
11582
11593
11596
11619
11622
11627
11641
11649
11707
11722
11724
11735
11737
11740
11743
11747
11750
11756
11760
11762
11793
11799
11808
11810
11822
11825
11829
11830
11845
11858
11881
11887
11906
11913
11925
11939
11944
11951
11971
11978
12005
12016
12021
12029
12030
12038
12039
12044
12045
12048
12049
12068
12080
12084
12097
12111
12119
12123
12149
12153
12167
12168
12170
12182
12192
12208
12217
12218
12224
12243
12244
12252
12255
12265
12297
12298
12311
12312
12314
12317
12335
12345
12350
12368
12373
12379
12390
12393
12398
12399
12423
12434
12437
12438
12442
12447
12465
12472
12476
12481
12492
12498
12504
12505
12507
12511
12515
12521
12535
12537
12544
12557
12559
12562
12563
12568
12597
12598
12599
12600
12601
12604
12605
12611
12617
12626
12638
12650
12655
12656
12658
12666
12667
12668
12679
12680
12692
12693
12694
12698
12704
12705
12720
12725
12728
12729
12745
12746
12750
12752
12765
12766
12774
12775
12780
12782
12783
12797
12812
12813
12814
12820
12827
12839
12840
12853
12857
12862
12864
12869
12874
12877
12878
12888
12903
12910
12911
12917
12923
12925
12931
12934
12942
12943
12944
12948
12955
12963
12968
12971
12973
12974
12989
12993
12994
13006
13020
13023
13044
13046
13048
13051
13052
13060
13083
13092
13121
13135
13139
13142
13150
13154
13156
13161
13172
13180
13200
13211
13216
13219
13224
13226
13233
13236
13244
13245
13253
13264
13269
13281
13290
13293
13294
13317
13320
13342
13356
13370
13382
13387
13390
13398
13407
13411
13414
13430
13431
13443
13456
13457
13466
13473
13474
13479
13482
13484
13486
13490
13496
13497
13499
13506
13516
13520
13528
13534
13538
13547
13548
13556
13570
13571
13572
13583
13595
13596
13605
13611
13618
13623
13625
13636
13638
13644
13645
13651
13661
13667
13670
13678
13701
13707
13714
13724
13726
13734
13736
13746
13747
13757
13767
13778
13782
13786
13788
13803
13806
13809
13815
13817
13828
13832
13833
13835
13837
13839
13855
13860
13864
13871
13872
13885
13893
13899
13903
13904
13907
13910
13911
13913
13919
13935
13945
13957
13960
13971
13973
13975
13987
13991
14003
14007
14014
14017
14020
14025
14035
14036
14039
14041
14049
14051
14055
14057
14066
14070
14072
14073
14089
14091
14094
14095
14100
14103
14106
14107
14116
14120
14122
14134
14138
14148
14149
14154
14157
14161
14162
14163
14164
14171
14172
14173
14177
14178
14179
14184
14185
14191
14196
14197
14198
14199
14200
14204
14215
14220
14221
14222
14226
14228
14229
14231
14233
14241
14246
14251
14262
14263
14267
14276
14278
14280
14284
14293
14297
14306
14309
14311
14315
14320
14323
14326
14328
14331
14335
14337
14346
14352
14353
14358
14360
14362
14371
14372
14376
14378
14394
14401
14402
14406
14412
14414
14418
14419
14420
14426
14427
14429
14432
14434
14442
14443
14445
14455
14459
14461
14464
14470
14471
14478
14485
14486
14490
14491
14499
14506
14507
14509
14510
14511
14513
14514
14516
14521
14524
14527
14536
14539
14545
14549
14556
14559
14567
14568
14569
14581
14582
14588
14605
14608
14613
14614
14616
14618
14621
14627
14633
14635
14643
14646
14665
14666
14669
14679
14693
14700
14701
14704
14706
14720
14728
14731
14739
14742
14743
14745
14754
14760
14762
14770
14775
14777
14778
14779
14787
14789
14799
14805
14811
14812
14813
14815
14817
14823
14827
14835
14853
14864
14873
14877
14878
14879
14883
14889
14898
14906
14913
14920
14921
14922
14926
14932
14936
14937
14944
14948
14951
14957
14960
14963
14968
14969
14974
14994
14995
15008
15037
15038
15064
15078
15101
15104
15108
15111
15118
15126
15129
15133
15135
15149
15155
15156
15226
15233
15243
15268
15273
15274
15279
15286
15294
15320
15329
15330
15334
15344
15350
15357
15364
15368
15376
15388
15389
15427
15471
15488
15498
15509
15519
15523
15525
15527
15529
15537
15545
15548
15552
15561
15562
15566
15569
15570
15571
15576
15586
15591
15596
15597
15601
15602
15616
15623
15624
15625
15626
15627
15637
15639
15641
15642
15644
15645
15649
15652
15653
15656
15675
15678
15680
15683
15684
15687
15690
15694
15698
15715
15729
15733
15736
15741
15749
15756
15759
15767
15770
15772
15778
15785
15791
15802
15804
15808
15812
15813
15816
15825
15827
15828
15830
15835
15840
15845
15865
15879
15887
15897
15900
15901
15904
15906
15915
15918
15920
15922
15925
15929
15930
15933
15934
15952
15955
15964
15969
15974
15979
15983
15996
16000
16013
16015
16016
16022
16027
16031
16048
16052
16054
16055
16060
16065
16066
16070
16072
16078
16092
16096
16104
16105
16107
16112
16113
16127
16138
16142
16151
16153
16156
16163
16165
16177
16179
16180
16184
16189
16191
16196
16197
16204
16207
16211
16212
16217
16219
16224
16225
16229
16234
16236
16239
16251
16272
16273
16276
16280
16281
16292
16298
16299
16306
16307
16308
16313
16327
16333
16335
16339
16350
16352
16372
16375
16378
16381
16388
16393
16401
16402
16406
16409
16411
16417
16423
16425
16437
16441
16445
16446
16448
16455
16458
16463
16475
16476
16480
16481
16485
16486
16487
16494
16502
16506
16507
16508
16511
16520
16521
16526
16530
16535
16537
16539
16544
16552
16555
16562
16575
16576
16578
16581
16583
16593
16600
16604
16619
16622
16623
16625
16629
16634
16642
16650
16651
16653
16659
16662
16663
16665
16674
16675
16687
16694
16702
16706
16712
16714
16718
16734
16736
16737
16738
16747
16751
16754
16755
16759
16761
16770
16774
16778
16787
16801
16809
16827
16831
16843
16845
16852
16854
16857
16860
16865
16868
16870
16871
16876
16880
16890
16892
16896
16898
16902
16904
16910
16915
16923
16924
16927
16931
16939
16943
16945
16953
16961
16965
16970
16985
16986
17010
17011
17014
17017
17034
17035
17043
17052
17053
17054
17056
17064
17072
17075
17079
17085
17088
17099
17101
17105
17111
17113
17118
17124
17135
17138
17147
17150
17152
17157
17159
17160
17163
17167
17177
17182
17183
17186
17188
17193
17196
17200
17206
17210
17223
17238
17240
17241
17242
17244
17252
17260
17261
17272
17276
17281
17283
17290
17291
17302
17303
17319
17323
17324
17333
17342
17344
17346
17348
17353
17357
17358
17367
17371
17372
17373
17376
17377
17378
17383
17387
17392
17396
17401
17402
17407
17418
17423
17432
17437
17438
17439
17440
17441
17444
17445
17446
17449
17451
17467
17470
17473
17475
17477
17480
17484
17486
17490
17491
17494
17501
17507
17514
17515
17516
17518
17527
17533
17540
17541
17550
17557
17560
17562
17563
17565
17574
17581
17583
17587
17591
17594
17595
17617
17624
17627
17628
17631
17633
17635
17636
17637
17640
17644
17645
17654
17660
17666
17670
17684
17686
17690
17693
17694
17699
17700
17702
17703
17705
17707
17710
17712
17714
17716
17724
17725
17729
17734
17741
17742
17743
17749
17756
17757
17758
17761
17766
17768
17769
17770
17772
17776
17777
17786
17788
17789
17790
17799
17801
17805
17809
17815
17821
17823
17827
17829
17831
17833
17835
17842
17846
17847
17848
17850
17853
17858
17867
17868
17878
17882
17883
17887
17888
17889
17901
17903
17906
17911
17917
17927
17930
17934
17938
17939
17940
17943
17945
17948
17949
17956
17958
17959
17963
17966
17967
17969
17973
17979
17983
17986
17988
17992
17999
18001
18008
18016
18017
18019
18039
18044
18046
18051
18060
18066
18075
18077
18078
18082
18083
18086
18104
18105
18123
18125
18134
18135
18136
18147
18148
18153
18158
18159
18166
18170
18172
18173
18177
18178
18179
18180
18181
18187
18194
18202
18206
18207
18217
18219
18221
18222
18228
18235
18239
18240
18243
18245
18248
18249
18252
18265
18266
18275
18283
18285
18289
18291
18294
18295
18298
18300
18306
18319
18320
18323
18324
18337
18338
18354
18362
18363
18364
18367
18377
18380
18381
18384
18387
18389
18392
18395
18400
18404
18407
18410
18412
18414
18415
18417
18421
18422
18427
18428
18429
18430
18431
18433
18435
18441
18442
18443
18445
18448
18450
18455
18458
18460
18478
18479
18485
18486
18487
18492
18494
18500
18501
18502
18503
18505
18507
18511
18516
18517
18521
18523
18525
18527
18528
18529
18530
18536
18540
18544
18552
18554
18556
18557
18571
18572
18574
18581
18583
18587
18589
18602
18605
18606
18608
18611
18613
18615
18620
18623
18629
18632
18638
18640
18645
18651
18653
18657
18658
18659
18663
18664
18666
18667
18668
18673
18675
18684
18687
18690
18696
18697
18698
18700
18701
18707
18709
18713
18715
18724
18727
18728
18731
18745
18749
18751
18752
18753
18754
18755
18759
18767
18769
18779
18781
18787
18791
18792
18795
18801
18803
18804
18807
18808
18809
18810
18814
18825
18826
18831
18844
18847
18856
18857
18859
18861
18864
18873
18874
18876
18879
18883
18890
18894
18895
18897
18898
18900
18907
18910
18914
18915
18918
18919
18921
18922
18923
18928
18929
18934
18936
18940
18941
18942
18945
18946
18947
18948
18949
18955
18956
18957
18958
18960
18971
18972
18974
18980
18981
18983
18990
18994
19000
19009
19010
19013
19016
19029
19031
19040
19062
19070
19075
19078
19081
19103
19106
19110
19115
19117
19118
19126
19128
19133
19175
19186
19187
19188
19190
19197
19199
19203
19224
19234
19237
19241
19243
19244
19252
19256
19261
19262
19268
19270
19275
19278
19279
19281
19288
19298
19301
19302
19316
19319
19334
19335
19355
19358
19362
19366
19374
19381
19383
19394
19397
19399
19400
19408
19417
19418
19426
19428
19429
19430
19445
19447
19449
19450
19466
19467
19468
19469
19475
19489
19498
19501
19502
19509
19513
19516
19518
19519
19521
19522
19524
19526
19527
19529
19533
19536
19537
19543
19544
19548
19549
19553
19555
19557
19560
19563
19566
19572
19574
19575
19576
19581
19583
19587
19589
19592
19593
19596
19601
19607
19608
19609
19612
19616
19620
19623
19626
19629
19631
19632
19635
19639
19641
19643
19646
19648
19655
19656
19658
19668
19670
19673
19680
19681
19682
19687
19690
19691
19696
19701
19704
19709
19710
19712
19716
19717
19720
19721
19723
19724
19726
19727
19728
19729
19734
19738
19739
19742
19744
19745
19748
19757
19760
19761
19764
19766
19768
19769
19775
19779
19781
19782
19790
19793
19794
19796
19799
19800
19802
19808
19810
19811
19813
19817
19824
19826
19830
19831
19834
19837
19840
19843
19846
19847
19857
19859
19860
19861
19868
19869
19872
19873
19876
19883
19884
19885
19891
19894
19896
19897
19900
19902
19903
19909
19910
19911
19913
19914
19918
19919
19920
19922
19924
19925
19928
19929
19930
19932
19933
19935
19936
19937
19944
19948
19951
19959
19961
19962
19970
19971
19975
19980
19982
19985
19987
20000
20001
20004
20005
20009
20012
20013
20024
20027
20028
20031
20033
20037
20039
20063
20065
20066
20071
20074
20080
20082
20087
20090
20092
20093
20096
20099
20113
20117
20119
20120
20122
20127
20128
20140
20143
20150
20151
20155
20158
20162
20163
20172
20178
20179
20184
20188
20191
20200
20207
20213
20219
20224
20229
20230
20233
20234
20238
20240
20242
20245
20248
20258
20260
20263
20273
20277
20279
20288
20290
20292
20293
20304
20308
20314
20320
20322
20328
20331
20337
20338
20341
20343
20356
20371
20373
20374
20380
20381
20382
20392
20397
20401
20406
20410
20418
20420
20421
20427
20435
20436
20437
20451
20455
20459
20460
20461
20463
20468
20471
20472
20473
20489
20491
20492
20496
20504
20511
20514
20515
20517
20519
20524
20527
20540
20545
20549
20556
20559
20562
20565
20569
20574
20581
20582
20592
20593
20594
20595
20599
20605
20606
20607
20608
20619
20620
20625
20628
20634
20637
20638
20642
20644
20661
20662
20665
20667
20672
20680
20684
20687
20688
20692
20696
20708
20710
20716
20720
20723
20725
20729
20734
20762
20766
20767
20768
20788
20801
20810
20819
20823
20833
20835
20843
20845
20849
20852
20853
20864
20865
20866
20871
20878
20887
20895
20910
20912
20914
20924
20926
20930
20943
20945
20948
20950
20959
20961
20973
20987
21002
21008
21015
21017
21031
21033
21034
21047
21048
21051
21057
21058
21082
21083
21090
21105
21107
21108
21111
21112
21115
21128
21130
21161
21162
21165
21167
21178
21183
21191
21201
21205
21225
21226
21236
21241
21243
21245
21254
21264
21277
21290
21293
21312
21313
21322
21328
21329
21348
21360
21371
21375
21384
21395
21405
21406
21414
21419
21439
21452
21454
21458
21460
21467
21469
21471
21477
21496
21498
21501
21502
21503
21505
21506
21507
21510
21511
21513
21515
21519
21522
21523
21524
21525
21529
21530
21531
21534
21537
21538
21540
21541
21543
21546
21549
21553
21554
21555
21556
21557
21560
21561
21563
21565
21566
21567
21568
21569
21571
21573
21574
21575
21576
21577
21578
21580
21581
21582
21585
21587
21588
21590
21591
21592
21593
21594
21597
21600
21603
21606
21607
21608
21610
21612
21613
21616
21618
21620
21621
21622
21623
21624
21627
21628
21629
21630
21632
21635
21636
21637
21638
21640
21641
21642
21647
21649
21650
21653
21655
21657
21659
21661
21664
21665
21667
21670
21671
21672
21674
21675
21682
21683
21684
21687
21689
21690
21694
21702
21706
21708
21709
21710
21711
21712
21714
21715
21716
21719
21720
21721
21726
21727
21730
21731
21733
21735
21738
21740
21741
21743
21744
21754
21755
21756
21757
21759
21760
21761
21762
21764
21765
21767
21768
21769
21773
21778
21781
21782
21784
21785
21786
21787
21788
21793
21794
21796
21797
21801
21802
21803
21804
21807
21808
21811
21814
21815
21819
21820
21821
21824
21825
21826
21827
21828
21831
21835
21841
21842
21843
21846
21847
21849
21850
21851
21852
21854
21861
21862
21864
21866
21868
21869
21876
21879
21883
21884
21885
21887
21892
21893
21897
21899
21900
21901
21902
21903
21904
21905
21906
21907
21909
21911
21912
21913
21919
21920
21921
21924
21928
21929
21930
21931
21932
21934
21936
21939
21940
21942
21943
21944
21946
21947
21951
21953
21955
21957
21958
21960
21961
21962
21963
21965
21967
21969
21970
21971
21972
21975
21976
21978
21979
21980
21981
21986
21987
21988
21989
21990
21993
21996
21997
21998
21999
22002
22018
22024
22031
22034
22046
22051
22052
22063
22071
22079
22092
22096
22097
22103
22105
22128
22138
22151
22196
22206
22217
22223
22261
22297
22303
22306
22312
22313
22316
22334
22336
22346
22350
22359
22361
22375
22376
22395
22401
22407
22411
22414
22444
22448
22480
22497
22500
22508
22511
22533
22538
22539
22543
22547
22551
22553
22587
22608
22628
22636
22645
22654
22677
22681
22684
22690
22693
22695
22709
22717
22719
22725
22744
22748
22749
22751
22754
22756
22772
22799
22800
22803
22806
22808
22824
22827
22828
22831
22836
22840
22841
22846
22852
22861
22863
22865
22868
22890
22900
22909
22910
22917
22921
22922
22930
22935
22951
22954
22959
22974
23015
23035
23037
23052
23068
23070
23081
23085
23094
23108
23110
23123
23124
23131
23132
23135
23143
23150
23155
23158
23163
23165
23167
23173
23176
23186
23209
23215
23225
23234
23235
23237
23241
23244
23245
23247
23249
23253
23257
23262
23263
23276
23278
23285
23289
23290
23291
23293
23297
23300
23301
23309
23317
23319
23320
23341
23343
23344
23348
23354
23372
23375
23377
23381
23389
23394
23395
23403
23413
23418
23424
23428
23439
23449
23450
23452
23456
23462
23464
23478
23485
23486
23493
23495
23497
23501
23510
23515
23524
23525
23559
23560
23568
23575
23576
23585
23588
23593
23596
23600
23602
23622
23626
23635
23649
23651
23653
23659
23664
23690
23692
23694
23708
23709
23740
23755
23776
23780
23792
23808
23813
23826
23832
23836
23838
23839
23841
23843
23853
23863
23869
23873
23874
23880
23884
23893
23913
23915
23916
23950
23951
23971
23973
23974
23981
23994
23997
24000
24002
24003
24004
24006
24007
24008
24010
24014
24017
24020
24021
24024
24026
24028
24029
24030
24034
24035
24036
24037
24040
24041
24042
24044
24048
24052
24053
24054
24055
24056
24059
24060
24061
24063
24065
24066
24067
24068
24070
24071
24072
24073
24076
24077
24078
24079
24082
24084
24086
24087
24093
24094
24096
24098
24100
24101
24102
24103
24105
24107
24108
24109
24111
24113
24114
24116
24120
24122
24128
24129
24130
24132
24133
24135
24137
24138
24139
24142
24144
24146
24149
24152
24153
24154
24159
24164
24165
24166
24167
24169
24174
24175
24177
24180
24182
24185
24186
24188
24189
24190
24191
24198
24200
24205
24207
24209
24212
24221
24222
24223
24224
24225
24227
24229
24230
24232
24236
24237
24240
24241
24243
24245
24248
24250
24251
24255
24256
24257
24260
24264
24266
24267
24268
24269
24270
24272
24274
24277
24280
24281
24282
24283
24284
24285
24289
24290
24291
24292
24294
24296
24302
24303
24304
24311
24312
24315
24316
24323
24324
24326
24329
24330
24336
24338
24339
24343
24344
24346
24347
24348
24352
24359
24360
24361
24363
24366
24367
24370
24372
24373
24374
24375
24376
24379
24380
24381
24382
24384
24389
24393
24396
24403
24407
24408
24409
24410
24411
24412
24415
24417
24419
24420
24422
24424
24425
24426
24428
24431
24432
24433
24434
24435
24438
24439
24440
24441
24442
24447
24449
24451
24454
24455
24456
24458
24459
24463
24465
24467
24468
24471
24472
24475
24478
24480
24481
24482
24484
24485
24487
24488
24490
24491
24492
24494
24499
24501
24506
24508
24517
24529
24533
24534
24538
24540
24545
24548
24555
24560
24564
24567
24571
24572
24574
24580
24585
24586
24587
24590
24593
24594
24596
24598
24600
24601
24606
24609
24611
24616
24617
24619
24621
24623
24632
24633
24635
24639
24640
24642
24647
24656
24657
24658
24660
24674
24679
24680
24682
24692
24700
24705
24710
24712
24715
24727
24738
24740
24743
24746
24747
24751
24756
24764
24770
24773
24775
24776
24777
24782
24784
24785
24788
24795
24798
24800
24802
24803
24811
24815
24816
24822
24823
24831
24832
24841
24842
24852
24855
24856
24857
24860
24864
24865
24866
24869
24871
24873
24874
24876
24879
24883
24888
24894
24898
24900
24902
24903
24904
24915
24918
24919
24921
24923
24925
24926
24928
24934
24938
24944
24949
24952
24956
24963
24969
24970
24974
24976
24979
24991
24995
25005
25006
25009
25010
25013
25019
25027
25028
25030
25031
25032
25034
25037
25052
25057
25059
25069
25071
25073
25074
25078
25081
25089
25090
25094
25104
25111
25125
25133
25134
25140
25143
25145
25147
25151
25153
25154
25158
25166
25174
25177
25181
25182
25187
25193
25195
25199
25200
25210
25215
25220
25231
25234
25236
25256
25258
25269
25271
25272
25294
25295
25318
25330
25339
25347
25349
25350
25355
25359
25362
25367
25369
25377
25379
25393
25394
25401
25403
25417
25420
25423
25427
25430
25432
25435
25436
25437
25449
25454
25467
25477
25489
25512
25513
25519
25521
25522
25523
25524
25527
25528
25530
25533
25534
25536
25538
25539
25547
25552
25558
25567
25568
25569
25574
25575
25576
25578
25585
25586
25588
25590
25591
25592
25595
25598
25602
25604
25608
25619
25621
25626
25627
25628
25636
25641
25643
25647
25649
25655
25656
25658
25659
25660
25664
25666
25669
25670
25672
25674
25676
25680
25681
25684
25687
25689
25695
25697
25700
25701
25705
25707
25708
25711
25713
25714
25715
25716
25717
25720
25723
25725
25726
25727
25728
25730
25746
25748
25752
25753
25756
25772
25778
25783
25784
25790
25791
25799
25800
25801
25803
25804
25808
25813
25818
25822
25826
25830
25831
25835
25843
25845
25848
25849
25850
25854
25855
25856
25861
25862
25866
25873
25884
25889
25892
25894
25895
25896
25898
25902
25904
25912
25913
25917
25918
25926
25927
25928
25931
25933
25937
25945
25949
25950
25953
25954
25957
25959
25961
25965
25966
25970
25973
25976
25978
25980
25981
25983
25984
25985
25986
25987
25989
25994
25997
25998
26061
26067
26091
26110
26136
26137
26142
26148
26169
26192
26201
26205
26214
26216
26225
26226
26230
26261
26262
26264
26268
26269
26270
26285
26291
26312
26319
26346
26379
26387
26392
26398
26403
26427
26428
26435
26446
26450
26482
26496
26501
26506
26513
26520
26531
26533
26534
26535
26540
26542
26550
26554
26555
26558
26562
26572
26574
26581
26583
26584
26592
26593
26597
26599
26601
26608
26609
26621
26626
26634
26640
26641
26642
26645
26646
26650
26655
26657
26665
26666
26667
26685
26686
26688
26689
26710
26717
26718
26720
26734
26737
26739
26743
26749
26758
26759
26765
26767
26775
26789
26796
26802
26807
26812
26818
26821
26839
26842
26847
26851
26853
26854
26856
26863
26878
26889
26890
26891
26902
26909
26918
26921
26923
26932
26933
26934
26935
26943
26944
26945
26966
26970
26974
26980
26982
26984
26993
26995
26997
27007
27011
27017
27021
27023
27025
27026
27027
27032
27033
27035
27039
27041
27059
27070
27071
27079
27082
27086
27092
27097
27098
27099
27101
27104
27112
27117
27124
27133
27140
27142
27150
27154
27160
27164
27166
27168
27171
27183
27195
27196
27204
27206
27220
27223
27224
27228
27229
27235
27237
27239
27250
27256
27257
27273
27279
27281
27284
27292
27295
27299
27302
27303
27306
27308
27310
27318
27319
27321
27322
27324
27328
27330
27331
27332
27337
27348
27353
27356
27357
27360
27361
27365
27370
27371
27375
27376
27393
27398
27417
27418
27419
27422
27424
27433
27434
27444
27449
27454
27470
27471
27472
27476
27477
27478
27490
27497
27498
27499
27511
27517
27522
27526
27553
27560
27572
27573
27578
27589
27590
27595
27609
27614
27625
27650
27669
27712
27725
27742
27751
27752
27758
27777
27780
27783
27808
27812
27818
27824
27825
27854
27857
27864
27867
27875
27878
27880
27897
27902
27904
27913
27915
27932
27953
27954
27996
28006
28011
28021
28025
28041
28044
28046
28051
28054
28058
28063
28065
28075
28080
28081
28084
28085
28090
28096
28097
28098
28099
28103
28108
28109
28114
28120
28126
28128
28130
28136
28139
28140
28142
28144
28146
28151
28152
28161
28165
28167
28174
28176
28177
28180
28206
28215
28218
28219
28224
28229
28231
28235
28237
28238
28246
28248
28250
28252
28254
28281
28283
28285
28294
28303
28311
28319
28324
28332
28336
28338
28343
28351
28354
28357
28371
28375
28387
28389
28393
28396
28400
28403
28405
28409
28411
28419
28421
28422
28427
28428
28429
28431
28439
28444
28448
28449
28455
28459
28462
28464
28470
28475
28490
28495
28497
28498
28505
28508
28511
28516
28517
28521
28533
28536
28542
28546
28551
28554
28556
28557
28558
28560
28571
28574
28579
28582
28593
28596
28604
28621
28623
28624
28628
28635
28639
28653
28655
28656
28657
28663
28668
28671
28680
28683
28686
28690
28691
28692
28697
28700
28703
28704
28712
28717
28719
28721
28731
28735
28738
28742
28743
28745
28749
28753
28759
28764
28772
28775
28778
28786
28790
28791
28795
28805
28809
28812
28819
28823
28824
28828
28849
28852
28858
28866
28874
28882
28896
28906
28909
28912
28920
28922
28923
28928
28932
28934
28939
28943
28949
28953
28956
28959
28961
28963
28965
28976
28980
28981
28982
28985
28989
28991
28992
28993
28997
29000
29018
29026
29041
29044
29045
29047
29051
29053
29055
29076
29084
29099
29110
29114
29128
29136
29150
29151
29154
29169
29188
29190
29199
29210
29214
29216
29224
29228
29236
29239
29241
29268
29270
29283
29285
29318
29322
29334
29336
29344
29352
29359
29360
29365
29367
29368
29369
29370
29378
29380
29388
29398
29399
29401
29402
29408
29412
29417
29427
29428
29441
29444
29445
29446
29448
29461
29466
29479
29480
29483
29485
29487
29489
29509
29523
29525
29527
29529
29541
29542
29545
29547
29558
29559
29565
29569
29573
29575
29578
29595
29596
29603
29606
29608
29618
29623
29627
29629
29631
29650
29664
29665
29668
29673
29678
29682
29690
29695
29698
29706
29710
29711
29714
29715
29721
29727
29730
29736
29738
29739
29743
29745
29746
29762
29764
29765
29766
29767
29770
29775
29778
29782
29790
29799
29806
29811
29813
29814
29817
29829
29836
29841
29848
29851
29854
29855
29866
29869
29878
29882
29885
29901
29903
29918
29921
29923
29926
29930
29946
29954
29956
29958
29959
29966
29967
29969
29971
29976
29981
29982
29990
29991
29993
30005
30009
30014
30060
30085
30102
30135
30147
30154
30189
30199
30205
30250
30312
30324
30353
30355
30391
30399
30423
30425
30448
30472
30505
30516
30520
30526
30535
30539
30546
30557
30565
30592
30593
30594
30606
30641
30661
30666
30669
30671
30681
30705
30714
30720
30722
30723
30739
30773
30778
30780
30790
30796
30799
30802
30806
30808
30816
30820
30823
30843
30853
30868
30892
30902
30915
30923
30931
30944
30946
30950
30952
30953
30957
30968
30969
30974
30978
31020
31021
31025
31042
31053
31072
31073
31075
31077
31108
31117
31144
31148
31153
31157
31164
31165
31168
31190
31194
31195
31248
31249
31251
31253
31261
31265
31302
31311
31338
31340
31341
31347
31352
31354
31357
31362
31371
31380
31412
31419
31423
31427
31432
31438
31440
31452
31454
31458
31461
31467
31473
31493
31506
31514
31518
31519
31525
31527
31531
31534
31541
31545
31554
31558
31579
31590
31597
31601
31603
31605
31606
31607
31615
31619
31621
31622
31624
31642
31644
31653
31657
31658
31676
31692
31695
31697
31699
31707
31721
31722
31727
31732
31734
31756
31763
31769
31781
31788
31790
31791
31800
31804
31815
31821
31826
31831
31838
31862
31864
31865
31871
31877
31884
31894
31899
31905
31932
31940
31943
31966
31974
31984
31995
31999
32005
32012
32017
32025
32030
32040
32059
32062
32063
32064
32074
32078
32086
32095
32098
32100
32102
32106
32107
32112
32118
32123
32128
32147
32148
32155
32158
32179
32182
32201
32202
32215
32216
32217
32245
32253
32257
32261
32262
32272
32289
32296
32297
32302
32310
32314
32315
32317
32319
32321
32329
32330
32331
32337
32344
32346
32350
32353
32362
32364
32375
32382
32385
32390
32394
32395
32396
32417
32422
32423
32430
32438
32440
32454
32456
32459
32463
32466
32474
32482
32483
32486
32487
32490
32492
32494
32498
32501
32506
32508
32512
32515
32517
32519
32520
32528
32532
32546
32562
32566
32568
32571
32580
32582
32585
32590
32593
32596
32597
32605
32616
32623
32624
32626
32628
32629
32631
32636
32646
32648
32649
32651
32662
32669
32687
32691
32696
32697
32698
32700
32702
32704
32705
32709
32710
32711
32712
32714
32716
32718
32728
32730
32735
32736
32748
32751
32755
32757
32765
32774
32776
32780
32785
32788
32792
32796
32797
32799
32802
32809
32810
32812
32817
32820
32822
32834
32837
32840
32846
32850
32851
32852
32854
32856
32860
32861
32865
32866
32871
32872
32877
32878
32882
32884
32886
32887
32894
32902
32907
32910
32913
32914
32917
32918
32919
32923
32941
32942
32946
32947
32955
32963
32970
32972
32975
32976
32978
32979
32981
32984
32990
32994
33004
33005
33007
33015
33018
33026
33027
33028
33029
33030
33031
33032
33034
33037
33040
33041
33044
33051
33052
33056
33058
33068
33069
33070
33072
33073
33080
33081
33095
33097
33102
33110
33111
33112
33113
33117
33119
33120
33124
33127
33136
33137
33138
33139
33141
33145
33149
33153
33155
33156
33167
33169
33172
33174
33175
33185
33188
33192
33194
33197
33198
33200
33203
33208
33210
33211
33213
33217
33218
33223
33229
33234
33236
33242
33248
33250
33252
33253
33257
33258
33260
33262
33265
33266
33270
33274
33276
33280
33283
33287
33290
33292
33294
33298
33299
33304
33307
33309
33311
33313
33314
33326
33330
33337
33341
33345
33346
33348
33353
33354
33360
33361
33363
33368
33373
33374
33375
33378
33379
33383
33385
33387
33389
33390
33392
33393
33394
33398
33404
33405
33406
33408
33410
33415
33416
33421
33422
33424
33425
33427
33433
33438
33439
33444
33450
33452
33454
33457
33458
33462
33463
33467
33468
33469
33472
33477
33478
33488
33492
33493
33498
33507
33509
33517
33535
33539
33540
33544
33546
33553
33557
33570
33580
33582
33584
33597
33599
33608
33616
33659
33664
33668
33671
33675
33710
33723
33732
33743
33745
33774
33775
33783
33785
33791
33793
33795
33798
33799
33800
33825
33826
33838
33853
33861
33881
33885
33934
33936
33937
33947
33956
33969
33973
33974
33976
33979
33982
33986
33988
33997
34001
34008
34011
34012
34017
34028
34031
34035
34039
34046
34049
34053
34061
34066
34069
34074
34076
34078
34095
34098
34103
34107
34108
34113
34119
34128
34134
34135
34136
34144
34151
34152
34154
34156
34164
34172
34176
34181
34186
34191
34195
34197
34211
34232
34233
34237
34240
34248
34259
34279
34300
34306
34313
34314
34316
34319
34323
34325
34330
34332
34335
34340
34342
34344
34349
34356
34362
34366
34371
34380
34384
34385
34389
34391
34410
34418
34420
34423
34425
34430
34432
34435
34438
34444
34453
34455
34457
34458
34459
34466
34475
34477
34490
34498
34500
34510
34518
34528
34534
34548
34549
34563
34564
34582
34587
34622
34624
34625
34628
34633
34637
34640
34641
34646
34653
34657
34659
34661
34676
34677
34680
34705
34713
34714
34724
34727
34741
34746
34754
34760
34762
34780
34784
34795
34797
34799
34818
34832
34841
34850
34851
34852
34854
34863
34867
34876
34881
34883
34889
34895
34900
34904
34907
34911
34918
34929
34937
34947
34951
34979
34980
34993
35000
35004
35044
35057
35062
35072
35073
35080
35083
35084
35110
35120
35125
35130
35134
35144
35150
35152
35164
35189
35190
35198
35212
35220
35228
35229
35231
35236
35241
35244
35247
35253
35263
35272
35309
35340
35343
35357
35362
35363
35377
35388
35392
35404
35408
35416
35423
35437
35457
35460
35489
35506
35508
35516
35525
35526
35531
35535
35537
35551
35558
35564
35567
35568
35574
35586
35587
35599
35626
35639
35642
35648
35649
35657
35660
35672
35674
35676
35680
35686
35689
35704
35711
35712
35714
35715
35719
35724
35733
35736
35744
35745
35747
35752
35765
35769
35770
35772
35778
35780
35782
35783
35785
35789
35791
35794
35802
35806
35827
35831
35834
35836
35840
35853
35854
35870
35872
35874
35884
35892
35896
35903
35911
35917
35924
35928
35929
35932
35934
35938
35939
35953
35957
35961
35991
35996
36003
36015
36035
36043
36051
36054
36077
36083
36084
36086
36092
36096
36105
36109
36119
36123
36128
36138
36164
36167
36169
36170
36173
36178
36183
36186
36193
36196
36197
36204
36205
36206
36207
36211
36214
36224
36230
36259
36267
36273
36274
36277
36279
36283
36305
36306
36330
36336
36356
36379
36393
36405
36428
36436
36441
36442
36454
36464
36468
36472
36480
36481
36482
36487
36503
36514
36527
36536
36542
36553
36564
36590
36597
36598
36613
36644
36650
36698
36712
36717
36740
36744
36748
36755
36782
36827
36832
36836
36837
36852
36889
36890
36895
36902
36903
36906
36912
36931
36943
36957
37000
37014
37027
37031
37038
37040
37044
37060
37063
37065
37067
37068
37069
37079
37080
37084
37095
37112
37115
37124
37133
37138
37139
37144
37158
37159
37194
37195
37196
37197
37200
37202
37203
37209
37211
37213
37216
37217
37218
37220
37226
37227
37238
37242
37247
37249
37251
37255
37262
37264
37273
37275
37278
37279
37284
37285
37295
37296
37298
37302
37307
37319
37320
37329
37333
37335
37341
37355
37374
37375
37377
37381
37387
37393
37398
37403
37406
37416
37422
37429
37437
37446
37455
37461
37476
37481
37482
37483
37484
37495
37496
37503
37507
37513
37515
37516
37519
37524
37525
37526
37535
37540
37550
37561
37567
37569
37587
37604
37613
37615
37620
37629
37636
37649
37663
37664
37667
37668
37671
37676
37684
37689
37690
37693
37705
37715
37726
37728
37734
37737
37740
37743
37744
37751
37752
37756
37767
37770
37772
37781
37785
37795
37805
37807
37810
37811
37812
37813
37817
37819
37835
37838
37849
37854
37860
37869
37870
37871
37872
37881
37893
37901
37903
37908
37923
37924
37937
37941
37947
37951
37956
37958
37962
37967
37968
37975
37977
37981
37987
37991
37994
37995
38004
38021
38022
38028
38034
38036
38038
38039
38043
38046
38053
38054
38057
38060
38069
38073
38074
38083
38089
38104
38106
38109
38127
38134
38143
38152
38155
38165
38172
38177
38183
38184
38185
38186
38191
38196
38203
38207
38211
38219
38229
38237
38239
38242
38251
38259
38265
38266
38269
38271
38272
38279
38282
38283
38290
38294
38307
38311
38317
38321
38330
38331
38333
38345
38353
38356
38363
38366
38373
38375
38396
38398
38405
38408
38418
38426
38436
38448
38453
38458
38463
38469
38470
38481
38483
38487
38489
38493
38497
38500
38501
38505
38507
38512
38519
38521
38523
38524
38525
38530
38531
38534
38541
38544
38550
38563
38565
38566
38574
38581
38582
38584
38589
38591
38595
38597
38599
38600
38601
38605
38606
38608
38610
38614
38616
38620
38621
38627
38630
38634
38635
38639
38646
38649
38650
38651
38655
38657
38661
38662
38666
38671
38673
38674
38677
38690
38692
38693
38698
38701
38711
38712
38715
38722
38724
38728
38729
38730
38734
38737
38740
38741
38745
38749
38752
38758
38760
38761
38762
38767
38770
38775
38777
38778
38779
38781
38782
38786
38792
38793
38795
38798
38801
38802
38807
38812
38815
38823
38827
38829
38831
38833
38838
38840
38842
38845
38847
38858
38859
38862
38868
38870
38871
38872
38875
38879
38883
38884
38885
38888
38889
38890
38891
38893
38897
38907
38909
38912
38916
38917
38919
38920
38933
38934
38938
38943
38951
38955
38961
38962
38968
38969
38970
38976
38980
38981
38984
38985
38986
38990
38997
39002
39012
39015
39018
39019
39029
39033
39034
39038
39054
39068
39073
39078
39085
39086
39087
39100
39109
39111
39113
39114
39115
39131
39133
39136
39138
39139
39142
39152
39159
39164
39166
39168
39174
39182
39195
39197
39202
39207
39212
39213
39217
39230
39243
39259
39263
39273
39284
39291
39298
39304
39308
39316
39325
39327
39349
39351
39366
39369
39371
39373
39386
39417
39422
39426
39434
39436
39438
39440
39445
39462
39465
39479
39498
39499
39500
39506
39511
39512
39524
39527
39529
39532
39543
39560
39561
39565
39569
39570
39578
39584
39595
39596
39600
39604
39607
39608
39611
39612
39614
39616
39621
39628
39630
39631
39636
39642
39644
39647
39662
39667
39670
39674
39679
39694
39702
39711
39727
39731
39734
39738
39739
39741
39749
39750
39756
39760
39763
39774
39784
39790
39792
39804
39813
39820
39823
39828
39834
39836
39841
39844
39846
39852
39854
39856
39860
39862
39864
39866
39869
39871
39890
39892
39898
39909
39921
39936
39939
39940
39945
39958
39964
39968
39970
39971
39978
39979
39981
39984
39991
39999
40008
40020
40021
40026
40037
40043
40045
40046
40052
40070
40079
40081
40086
40088
40095
40096
40099
40100
40112
40113
40118
40119
40124
40135
40143
40152
40154
40155
40164
40169
40170
40175
40176
40192
40199
40201
40204
40215
40216
40223
40226
40229
40230
40233
40237
40239
40242
40244
40247
40248
40253
40258
40260
40266
40269
40270
40272
40274
40278
40279
40285
40292
40298
40302
40307
40310
40313
40316
40331
40332
40339
40344
40347
40361
40362
40387
40389
40390
40395
40402
40405
40406
40413
40418
40441
40445
40446
40447
40459
40461
40472
40474
40480
40488
40489
40496
40506
40510
40514
40518
40523
40524
40525
40526
40528
40533
40534
40535
40551
40552
40555
40556
40557
40561
40562
40568
40570
40575
40578
40579
40580
40581
40584
40586
40593
40594
40596
40597
40598
40599
40602
40606
40609
40610
40615
40616
40617
40618
40619
40620
40622
40624
40625
40626
40628
40629
40631
40633
40635
40636
40639
40640
40642
40649
40656
40657
40658
40659
40664
40665
40667
40669
40675
40683
40691
40692
40697
40704
40709
40714
40716
40718
40723
40731
40733
40736
40737
40739
40742
40744
40745
40747
40748
40749
40751
40752
40754
40756
40758
40759
40760
40762
40765
40766
40769
40770
40776
40778
40783
40784
40787
40789
40799
40800
40801
40804
40807
40811
40814
40815
40816
40817
40818
40819
40821
40822
40824
40825
40829
40833
40835
40837
40838
40843
40844
40849
40854
40857
40858
40866
40873
40876
40883
40884
40886
40888
40889
40890
40892
40895
40898
40899
40901
40916
40919
40922
40926
40930
40932
40937
40939
40942
40944
40953
40960
40961
40964
40967
40969
40972
40973
40974
40975
40976
40982
40984
40985
40987
40988
40994
40996
40997
40999
41001
41006
41008
41011
41015
41019
41020
41030
41032
41034
41035
41038
41045
41050
41055
41060
41063
41068
41072
41081
41083
41086
41088
41096
41103
41104
41110
41112
41113
41117
41118
41122
41123
41130
41133
41136
41139
41141
41153
41154
41162
41163
41164
41166
41169
41170
41173
41177
41179
41182
41186
41188
41194
41204
41207
41209
41214
41219
41220
41222
41224
41225
41227
41228
41230
41243
41247
41248
41250
41255
41259
41266
41267
41268
41271
41274
41278
41280
41285
41286
41288
41292
41295
41297
41298
41307
41310
41311
41316
41321
41322
41323
41328
41332
41333
41342
41346
41355
41357
41358
41362
41365
41371
41376
41377
41384
41406
41409
41420
41421
41422
41425
41431
41434
41448
41449
41456
41457
41461
41464
41465
41468
41471
41480
41486
41488
41489
41497
41504
41515
41518
41520
41539
41540
41541
41542
41550
41551
41557
41561
41566
41567
41572
41574
41583
41584
41585
41586
41594
41597
41598
41607
41609
41615
41619
41620
41627
41631
41639
41641
41642
41647
41648
41650
41652
41655
41660
41661
41663
41666
41667
41673
41677
41678
41684
41686
41689
41691
41692
41694
41697
41701
41703
41704
41705
41706
41707
41708
41712
41715
41717
41718
41723
41724
41726
41738
41745
41746
41747
41748
41750
41752
41755
41764
41765
41766
41767
41771
41772
41775
41776
41778
41785
41789
41792
41794
41800
41803
41809
41813
41816
41817
41822
41824
41827
41829
41831
41834
41840
41841
41846
41848
41850
41851
41852
41853
41857
41862
41863
41865
41868
41871
41875
41878
41879
41884
41894
41911
41925
41926
41927
41928
41934
41935
41937
41941
41943
41945
41946
41948
41950
41957
41960
41967
41970
41972
41975
41978
41982
41987
41988
41989
41994
41999
42001
42002
42006
42018
42023
42024
42025
42029
42043
42045
42048
42050
42059
42069
42072
42074
42088
42092
42102
42103
42105
42112
42113
42117
42119
42120
42121
42122
42123
42130
42131
42132
42140
42145
42152
42153
42155
42157
42161
42163
42164
42166
42170
42188
42193
42199
42205
42207
42209
42215
42216
42223
42231
42233
42241
42243
42246
42252
42256
42257
42259
42263
42265
42269
42275
42277
42279
42281
42287
42299
42300
42303
42305
42313
42317
42325
42335
42336
42337
42341
42344
42345
42349
42351
42353
42355
42358
42363
42368
42371
42373
42374
42379
42383
42391
42394
42396
42398
42400
42401
42403
42406
42407
42414
42418
42419
42421
42423
42425
42436
42438
42439
42444
42445
42447
42448
42451
42454
42459
42465
42471
42474
42489
42492
42500
42501
42502
42503
42504
42527
42530
42532
42533
42535
42538
42539
42541
42542
42545
42546
42555
42558
42566
42567
42570
42577
42584
42586
42587
42593
42596
42597
42598
42604
42613
42620
42623
42631
42639
42641
42644
42645
42650
42651
42652
42653
42658
42659
42660
42669
42670
42678
42679
42680
42682
42686
42692
42693
42696
42698
42707
42715
42717
42719
42720
42722
42727
42735
42739
42740
42741
42744
42750
42752
42753
42758
42759
42762
42765
42766
42769
42770
42772
42776
42784
42785
42787
42790
42791
42793
42798
42799
42800
42801
42808
42811
42815
42820
42821
42823
42824
42825
42837
42839
42841
42842
42843
42845
42850
42851
42854
42858
42859
42860
42861
42865
42869
42871
42879
42886
42891
42898
42903
42908
42910
42916
42920
42926
42927
42930
42934
42939
42941
42944
42946
42947
42949
42963
42968
42969
42973
42976
42979
42983
42985
42987
42992
42993
42994
42996
42997
43006
43012
43013
43021
43030
43034
43039
43052
43055
43058
43060
43061
43066
43071
43077
43080
43081
43083
43084
43089
43093
43096
43100
43102
43111
43115
43118
43125
43127
43131
43132
43135
43140
43141
43144
43146
43147
43151
43160
43165
43166
43174
43177
43184
43185
43186
43189
43190
43192
43195
43197
43199
43202
43203
43204
43209
43211
43212
43220
43221
43224
43234
43237
43239
43240
43242
43243
43254
43255
43256
43257
43260
43264
43265
43266
43268
43269
43277
43284
43286
43288
43290
43291
43295
43297
43302
43304
43308
43309
43311
43320
43327
43328
43329
43337
43343
43345
43347
43356
43359
43361
43367
43373
43381
43384
43385
43394
43395
43409
43410
43412
43416
43423
43427
43428
43430
43432
43437
43457
43465
43467
43474
43477
43482
43488
43491
43496
43499
43500
43522
43523
43540
43544
43546
43550
43558
43566
43573
43575
43578
43584
43594
43601
43603
43604
43606
43608
43610
43611
43612
43617
43618
43624
43646
43647
43648
43652
43659
43662
43672
43676
43677
43684
43687
43688
43690
43692
43693
43694
43702
43709
43712
43719
43721
43725
43726
43727
43751
43756
43769
43770
43771
43772
43777
43778
43788
43793
43797
43799
43800
43803
43805
43815
43828
43838
43839
43840
43842
43845
43849
43859
43860
43861
43867
43870
43871
43872
43876
43877
43880
43891
43896
43899
43903
43905
43906
43908
43916
43922
43927
43929
43932
43942
43943
43945
43947
43952
43959
43964
43968
43969
43975
43977
43985
43986
43994
43997
43998
43999
44000
44001
44006
44010
44011
44013
44017
44027
44030
44044
44045
44050
44053
44055
44061
44063
44065
44066
44073
44074
44085
44086
44091
44093
44096
44097
44101
44104
44116
44132
44133
44138
44139
44145
44148
44152
44155
44169
44172
44173
44175
44181
44182
44187
44195
44197
44203
44214
44216
44223
44225
44232
44238
44242
44245
44247
44248
44249
44250
44252
44259
44264
44270
44271
44276
44280
44281
44287
44296
44300
44303
44308
44318
44327
44336
44337
44344
44348
44349
44357
44365
44367
44382
44383
44388
44390
44397
44400
44411
44418
44419
44430
44438
44444
44452
44453
44471
44472
44473
44476
44479
44488
44495
44501
44502
44504
44508
44509
44510
44512
44517
44520
44525
44526
44527
44533
44540
44543
44544
44546
44554
44557
44566
44567
44569
44570
44573
44576
44578
44579
44580
44581
44583
44587
44590
44592
44599
44606
44609
44610
44617
44620
44625
44626
44628
44629
44634
44638
44641
44659
44663
44665
44666
44668
44670
44671
44672
44678
44681
44683
44686
44689
44693
44694
44696
44698
44701
44706
44708
44709
44711
44717
44727
44730
44734
44739
44741
44743
44744
44745
44750
44751
44755
44760
44764
44765
44769
44770
44775
44780
44781
44793
44795
44799
44802
44805
44808
44815
44819
44820
44826
44849
44851
44857
44858
44866
44867
44869
44873
44875
44876
44882
44890
44895
44902
44904
44905
44906
44908
44909
44912
44926
44936
44937
44939
44944
44950
44953
44957
44961
44969
44978
44979
44980
44985
44987
44996
44999
45005
45010
45013
45015
45016
45021
45024
45025
45034
45037
45039
45041
45042
45047
45048
45049
45050
45052
45059
45061
45062
45065
45069
45081
45086
45089
45093
45097
45098
45099
45101
45110
45111
45112
45113
45115
45117
45119
45122
45124
45128
45140
45144
45145
45146
45149
45150
45155
45156
45157
45160
45161
45162
45164
45171
45172
45176
45178
45182
45183
45184
45186
45187
45189
45190
45197
45198
45200
45201
45202
45210
45214
45216
45217
45219
45220
45224
45226
45227
45229
45234
45236
45240
45241
45243
45246
45252
45253
45255
45256
45257
45259
45264
45267
45277
45282
45290
45296
45298
45299
45309
45314
45319
45320
45321
45322
45328
45339
45343
45345
45348
45349
45353
45354
45360
45363
45365
45367
45368
45370
45371
45375
45379
45380
45382
45383
45387
45393
45403
45406
45407
45409
45410
45411
45413
45417
45418
45419
45422
45423
45425
45427
45428
45429
45430
45432
45436
45437
45440
45444
45446
45449
45451
45453
45457
45458
45459
45460
45467
45468
45473
45475
45476
45477
45481
45483
45489
45492
45494
45497
45499
45502
45504
45509
45520
45527
45539
45541
45547
45560
45575
45576
45580
45585
45591
45600
45617
45626
45631
45639
45642
45643
45645
45649
45650
45654
45664
45673
45697
45711
45712
45713
45748
45753
45755
45764
45774
45777
45786
45789
45827
45835
45842
45851
45856
45865
45870
45878
45884
45891
45896
45897
45905
45915
45924
45935
45944
45946
45971
45972
45975
45979
45998
46003
46007
46015
46017
46018
46021
46026
46028
46042
46052
46060
46064
46067
46074
46079
46095
46096
46103
46106
46107
46111
46112
46113
46118
46120
46121
46128
46136
46137
46152
46159
46160
46161
46164
46165
46167
46168
46169
46175
46180
46189
46197
46206
46209
46211
46214
46216
46220
46221
46225
46226
46232
46244
46246
46255
46258
46267
46283
46286
46290
46294
46303
46306
46308
46309
46313
46314
46318
46319
46322
46327
46328
46329
46334
46336
46337
46340
46351
46352
46356
46363
46365
46370
46371
46375
46385
46391
46399
46400
46401
46405
46407
46424
46426
46429
46430
46432
46436
46437
46438
46441
46445
46446
46455
46460
46464
46466
46469
46472
46480
46481
46482
46485
46488
46490
46497
46516
46521
46530
46540
46544
46545
46546
46548
46549
46557
46559
46563
46565
46574
46612
46614
46625
46649
46653
46654
46655
46684
46693
46694
46696
46700
46728
46738
46739
46740
46742
46755
46766
46770
46786
46793
46803
46807
46809
46810
46829
46851
46857
46867
46872
46885
46895
46920
46921
46922
46923
46938
46940
46943
46955
46960
46964
46965
46987
46998
47005
47013
47014
47019
47022
47024
47027
47031
47037
47042
47050
47054
47067
47068
47069
47073
47074
47075
47077
47083
47089
47096
47106
47121
47129
47134
47139
47140
47154
47160
47166
47178
47184
47189
47190
47199
47201
47202
47203
47208
47211
47218
47219
47225
47232
47236
47262
47264
47279
47288
47293
47294
47295
47297
47301
47309
47310
47311
47312
47320
47322
47324
47328
47341
47345
47349
47350
47351
47355
47363
47370
47375
47387
47388
47390
47393
47398
47402
47407
47408
47414
47417
47420
47424
47436
47447
47451
47453
47454
47458
47465
47466
47483
47485
47488
47508
47510
47521
47523
47535
47549
47551
47552
47553
47555
47567
47573
47596
47597
47598
47602
47608
47624
47634
47641
47644
47654
47667
47696
47698
47700
47720
47733
47741
47743
47744
47753
47757
47767
47769
47770
47771
47780
47782
47795
47796
47805
47807
47814
47820
47827
47831
47834
47835
47856
47865
47871
47878
47893
47903
47927
47928
47934
47939
47942
47943
47945
47952
47955
47956
47958
47966
47981
47993
47999
48002
48005
48008
48012
48014
48016
48018
48021
48026
48031
48032
48033
48034
48040
48043
48044
48049
48050
48063
48064
48070
48073
48077
48079
48081
48087
48094
48095
48097
48105
48109
48114
48131
48132
48150
48158
48178
48190
48194
48207
48212
48221
48224
48226
48227
48243
48250
48263
48264
48266
48268
48270
48271
48274
48276
48279
48283
48288
48295
48302
48311
48315
48322
48327
48336
48340
48345
48353
48355
48357
48364
48371
48375
48377
48381
48382
48385
48387
48394
48397
48398
48402
48411
48414
48416
48419
48420
48423
48427
48443
48450
48453
48458
48460
48466
48467
48469
48472
48473
48474
48481
48482
48486
48489
48491
48493
48495
48497
48500
48503
48505
48506
48508
48513
48521
48533
48539
48544
48545
48546
48547
48551
48554
48555
48556
48559
48567
48571
48573
48576
48577
48578
48580
48582
48583
48587
48590
48593
48597
48599
48600
48603
48604
48606
48607
48608
48611
48615
48619
48621
48623
48624
48626
48629
48630
48631
48632
48637
48639
48643
48650
48651
48652
48654
48656
48659
48660
48663
48674
48678
48680
48686
48688
48689
48690
48693
48698
48700
48704
48705
48707
48711
48722
48725
48726
48727
48728
48731
48732
48734
48736
48737
48738
48746
48747
48749
48751
48756
48772
48774
48775
48776
48778
48780
48782
48784
48785
48789
48791
48792
48793
48802
48807
48828
48832
48833
48834
48835
48837
48841
48842
48847
48849
48853
48856
48857
48860
48861
48867
48881
48884
48886
48889
48891
48893
48894
48895
48897
48898
48899
48900
48902
48905
48911
48913
48915
48919
48924
48926
48928
48930
48931
48932
48945
48946
48947
48951
48955
48960
48961
48963
48976
48978
48989
48995
48999
49003
49005
49009
49011
49022
49025
49027
49029
49036
49053
49054
49059
49067
49068
49071
49072
49084
49088
49096
49104
49105
49118
49124
49129
49134
49141
49146
49155
49159
49161
49162
49163
49165
49166
49169
49171
49174
49178
49179
49184
49187
49188
49189
49203
49205
49209
49210
49215
49216
49218
49230
49232
49234
49235
49247
49250
49253
49256
49266
49267
49274
49280
49284
49288
49289
49300
49312
49316
49318
49320
49330
49331
49334
49335
49336
49342
49344
49349
49352
49354
49355
49364
49366
49367
49375
49381
49383
49388
49390
49399
49401
49402
49405
49409
49412
49418
49420
49421
49424
49432
49442
49449
49450
49457
49461
49463
49468
49473
49477
49485
49487
49490
49495
49496
49497
49502
49506
49516
49521
49522
49525
49537
49542
49550
49570
49573
49579
49595
49599
49600
49601
49603
49604
49606
49608
49617
49629
49631
49633
49651
49659
49660
49662
49681
49693
49695
49704
49707
49709
49710
49718
49721
49723
49728
49731
49734
49737
49753
49756
49763
49766
49767
49784
49803
49808
49809
49813
49814
49818
49820
49824
49827
49830
49831
49832
49844
49857
49858
49863
49867
49873
49880
49885
49891
49894
49902
49921
49922
49924
49937
49943
49954
49962
49964
49969
49971
49972
49994
49999
