4
6
8
22
55
56
58
76
84
96
100
106
123
137
147
148
155
159
161
164
166
169
175
176
203
205
210
212
223
230
231
247
254
255
256
271
310
322
334
340
376
389
405
414
428
431
437
455
460
466
481
482
488
490
518
523
528
541
556
564
565
584
588
612
614
617
630
632
634
642
645
649
654
656
657
660
680
688
700
705
717
732
751
759
775
780
782
790
793
796
803
808
809
811
816
819
827
835
841
843
852
862
876
887
889
890
904
912
913
914
916
934
935
965
967
973
982
986
1001
1005
1030
1031
1059
1061
1063
1099
1109
1111
1114
1119
1172
1177
1180
1189
1192
1201
1221
1223
1224
1230
1238
1239
1246
1253
1255
1259
1260
1297
1301
1303
1323
1327
1334
1351
1357
1373
1375
1385
1394
1395
1407
1416
1423
1424
1428
1436
1442
1456
1504
1513
1518
1530
1533
1537
1542
1543
1545
1546
1547
1552
1555
1560
1568
1583
1586
1588
1589
1616
1638
1641
1675
1679
1684
1721
1724
1732
1735
1752
1756
1763
1765
1774
1789
1791
1793
1794
1822
1848
1872
1879
1899
1903
1904
1918
1919
1950
1952
1963
1973
1974
1985
1994
2009
2023
2026
2045
2070
2071
2079
2097
2104
2121
2124
2157
2162
2164
2167
2171
2182
2190
2203
2207
2209
2212
2216
2217
2246
2257
2265
2268
2274
2277
2293
2303
2306
2313
2315
2319
2331
2342
2344
2348
2358
2363
2364
2370
2376
2380
2393
2398
2451
2460
2463
2477
2485
2488
2509
2510
2519
2523
2525
2541
2543
2547
2555
2559
2560
2570
2582
2584
2587
2588
2590
2604
2608
2610
2623
2625
2629
2632
2634
2635
2644
2646
2650
2673
2696
2699
2700
2709
2730
2734
2736
2745
2747
2754
2760
2774
2775
2782
2783
2794
2795
2797
2799
2804
2836
2843
2851
2875
2876
2878
2885
2894
2899
2907
2921
2926
2929
2933
2948
2956
2957
2958
2975
2976
2977
2979
2981
2983
2989
3003
3016
3024
3030
3035
3036
3037
3048
3053
3058
3062
3073
3083
3084
3092
3094
3106
3117
3119
3121
3123
3124
3131
3140
3160
3164
3171
3198
3206
3209
3224
3225
3227
3232
3252
3273
3302
3304
3309
3324
3326
3337
3353
3370
3373
3380
3393
3400
3407
3411
3412
3417
3430
3434
3436
3443
3452
3462
3464
3467
3475
3497
3507
3525
3543
3583
3586
3615
3644
3645
3655
3659
3662
3678
3683
3684
3689
3698
3708
3734
3740
3749
3751
3756
3762
3769
3777
3778
3781
3782
3783
3789
3791
3795
3807
3812
3824
3827
3832
3842
3843
3844
3857
3865
3868
3887
3895
3917
3921
3956
3958
3975
3986
4003
4009
4012
4015
4020
4034
4035
4036
4045
4058
4065
4073
4074
4075
4090
4094
4111
4115
4139
4141
4142
4158
4164
4171
4184
4189
4190
4198
4203
4224
4240
4252
4262
4283
4290
4294
4311
4345
4352
4360
4375
4382
4394
4398
4409
4415
4428
4437
4441
4445
4447
4449
4454
4456
4470
4481
4501
4509
4528
4538
4541
4559
4562
4570
4578
4580
4581
4613
4616
4624
4626
4627
4648
4670
4697
4712
4723
4751
4754
4760
4763
4769
4773
4784
4788
4812
4820
4821
4824
4826
4853
4869
4940
4951
4957
4967
4986
4998
4999
5007
5021
5037
5039
5051
5098
5105
5120
5134
5142
5149
5158
5184
5186
5192
5206
5212
5228
5234
5256
5264
5265
5267
5282
5283
5295
5305
5313
5317
5321
5326
5369
5398
5399
5407
5419
5444
5468
5472
5479
5489
5493
5519
5523
5526
5538
5542
5546
5555
5561
5567
5574
5612
5630
5634
5637
5665
5676
5678
5679
5691
5695
5773
5781
5788
5799
5812
5821
5829
5831
5832
5837
5845
5853
5855
5899
5901
5936
5944
5955
5963
5976
5979
5980
6012
6015
6035
6079
6086
6093
6100
6127
6130
6134
6137
6148
6152
6176
6182
6189
6190
6195
6207
6238
6261
6266
6304
6315
6332
6360
6361
6419
6448
6454
6467
6487
6500
6503
6506
6529
6537
6575
6609
6624
6660
6663
6668
6669
6680
6728
6737
6758
6768
6770
6776
6783
6806
6809
6843
6849
6860
6861
6866
6878
6879
6885
6890
6915
6921
6926
6933
6936
6950
6957
6966
6981
6994
6996
7000
7001
7003
7011
7029
7049
7063
7082
7085
7100
7103
7116
7149
7158
7219
7223
7250
7278
7282
7283
7291
7296
7301
7314
7327
7338
7341
7351
7366
7375
7384
7398
7429
7451
7452
7453
7459
7469
7486
7498
7502
7520
7525
7542
7544
7547
7559
7574
7620
7626
7636
7643
7678
7687
7697
7704
7706
7719
7742
7744
7746
7750
7797
7811
7812
7830
7839
7850
7853
7857
7872
7876
7878
7881
7885
7888
7894
7923
7928
7932
7934
7945
7951
7954
7966
7967
7968
7992
8005
8010
8018
8035
8041
8051
8092
8108
8122
8125
8130
8131
8136
8146
8147
8154
8161
8163
8169
8190
8217
8233
8238
8243
8258
8264
8269
8278
8304
8319
8327
8336
8363
8406
8446
8460
8475
8476
8487
8504
8531
8539
8548
8549
8550
8593
8601
8610
8613
8641
8650
8661
8664
8677
8709
8720
8738
8742
8772
8776
8789
8818
8827
8836
8843
8845
8855
8861
8864
8868
8873
8876
8888
8890
8895
8896
8907
8908
8921
8923
8928
8946
8947
8957
8980
8988
8990
9016
9029
9032
9036
9045
9068
9086
9096
9102
9104
9139
9142
9150
9161
9187
9189
9216
9250
9251
9261
9277
9278
9284
9300
9306
9315
9316
9334
9339
9342
9356
9382
9396
9420
9444
9451
9453
9454
9455
9465
9494
9505
9509
9521
9529
9533
9541
9557
9562
9563
9576
9578
9583
9588
9601
9610
9612
9628
9649
9653
9666
9680
9712
9736
9746
9748
9760
9763
9820
9834
9836
9853
9870
9886
9896
9897
9914
9940
9945
9946
9953
9962
9964
9994
9997
9999
10006
10008
10009
10010
10015
10026
10031
10033
10034
10038
10039
10050
10051
10054
10058
10068
10069
10075
10079
10080
10081
10084
10086
10092
10095
10096
10099
10110
10118
10119
10127
10131
10133
10134
10147
10148
10153
10155
10171
10173
10182
10184
10189
10191
10198
10204
10205
10206
10208
10211
10213
10223
10232
10237
10246
10251
10256
10261
10263
10265
10270
10272
10273
10279
10280
10282
10293
10294
10296
10300
10304
10319
10322
10324
10327
10328
10331
10347
10348
10351
10354
10361
10363
10364
10367
10371
10382
10394
10399
10400
10403
10409
10412
10413
10417
10424
10427
10431
10434
10438
10439
10446
10447
10452
10458
10460
10462
10466
10469
10472
10478
10482
10484
10491
10496
10499
10502
10505
10506
10513
10516
10519
10523
10528
10534
10536
10537
10538
10552
10553
10562
10567
10577
10580
10592
10595
10596
10598
10607
10608
10609
10610
10619
10620
10622
10624
10625
10627
10632
10635
10638
10641
10643
10646
10650
10655
10657
10665
10674
10679
10682
10684
10686
10689
10691
10692
10695
10701
10712
10726
10730
10732
10739
10740
10742
10743
10749
10752
10753
10755
10758
10768
10769
10779
10780
10781
10783
10788
10790
10797
10802
10803
10810
10813
10816
10820
10823
10824
10837
10850
10853
10854
10855
10856
10861
10865
10875
10881
10883
10884
10889
10894
10900
10906
10912
10918
10922
10925
10927
10935
10939
10945
10953
10963
10969
10972
10976
10980
10982
10983
10984
10986
10987
10990
10991
10995
11000
11001
11002
11003
11006
11007
11016
11018
11019
11022
11025
11028
11033
11037
11039
11042
11044
11045
11049
11053
11054
11061
11063
11065
11066
11069
11075
11076
11085
11094
11097
11098
11105
11108
11113
11120
11122
11129
11130
11137
11140
11146
11149
11158
11163
11172
11174
11175
11178
11180
11181
11186
11192
11203
11205
11208
11215
11217
11226
11235
11237
11238
11247
11249
11252
11256
11259
11261
11269
11279
11284
11287
11288
11292
11300
11302
11308
11316
11323
11328
11331
11333
11340
11342
11343
11357
11359
11361
11364
11372
11378
11380
11382
11387
11390
11393
11398
11399
11407
11409
11411
11412
11422
11424
11425
11435
11439
11446
11447
11458
11463
11464
11467
11484
11486
11487
11493
11494
11504
11511
11517
11521
11525
11534
11542
11547
11548
11549
11553
11554
11555
11561
11563
11565
11582
11583
11593
11596
11599
11601
11602
11603
11605
11608
11615
11617
11621
11631
11633
11634
11645
11648
11650
11664
11666
11667
11668
11669
11670
11673
11686
11688
11695
11696
11698
11699
11700
11701
11702
11713
11717
11723
11724
11725
11726
11739
11740
11741
11743
11745
11747
11748
11754
11767
11769
11776
11779
11781
11782
11788
11796
11798
11805
11809
11811
11820
11823
11824
11828
11832
11836
11852
11860
11863
11865
11866
11868
11872
11873
11889
11890
11892
11894
11895
11899
11910
11913
11917
11918
11920
11929
11930
11931
11935
11940
11941
11942
11947
11950
11952
11955
11960
11962
11963
11966
11971
11978
11983
11985
11988
11989
11992
11998
12003
12008
12012
12014
12017
12021
12022
12025
12033
12040
12042
12044
12051
12059
12061
12062
12065
12077
12078
12079
12082
12084
12096
12098
12101
12103
12108
12109
12110
12113
12119
12120
12121
12123
12124
12128
12132
12135
12138
12140
12146
12149
12155
12164
12171
12174
12181
12184
12185
12187
12188
12190
12193
12194
12200
12202
12204
12209
12214
12217
12218
12219
12225
12228
12232
12238
12242
12244
12248
12259
12261
12275
12276
12277
12281
12284
12289
12292
12303
12305
12309
12314
12315
12317
12320
12325
12328
12339
12344
12352
12363
12370
12371
12382
12386
12389
12398
12406
12411
12412
12417
12423
12425
12426
12437
12439
12441
12444
12448
12453
12454
12456
12457
12459
12461
12462
12466
12470
12471
12472
12474
12475
12487
12492
12501
12505
12509
12510
12513
12514
12515
12529
12530
12549
12551
12552
12555
12563
12571
12572
12574
12579
12587
12590
12592
12593
12605
12607
12608
12609
12610
12626
12628
12629
12637
12640
12648
12650
12651
12657
12658
12660
12664
12682
12688
12690
12698
12701
12704
12706
12715
12717
12720
12722
12733
12737
12743
12747
12750
12756
12757
12766
12767
12769
12772
12777
12786
12801
12803
12807
12808
12809
12819
12821
12822
12823
12828
12832
12833
12835
12842
12843
12844
12848
12854
12856
12857
12858
12859
12868
12871
12872
12878
12887
12889
12890
12894
12901
12904
12908
12910
12911
12923
12928
12929
12932
12938
12939
12940
12941
12947
12952
12955
12958
12959
12962
12963
12966
12969
12975
12985
12987
12989
12990
12994
12999
13007
13008
13009
13011
13015
13019
13029
13030
13033
13036
13041
13047
13050
13053
13054
13055
13060
13061
13062
13064
13070
13072
13077
13101
13104
13122
13127
13129
13130
13134
13140
13141
13149
13152
13154
13155
13159
13161
13162
13165
13170
13178
13181
13182
13184
13192
13193
13204
13205
13208
13209
13211
13225
13228
13231
13235
13238
13239
13242
13245
13253
13256
13265
13271
13272
13276
13278
13282
13287
13291
13297
13301
13305
13306
13314
13315
13316
13323
13327
13328
13337
13339
13345
13349
13352
13355
13356
13359
13362
13363
13369
13385
13386
13388
13395
13402
13404
13407
13408
13417
13418
13420
13426
13437
13442
13444
13445
13449
13452
13464
13465
13471
13475
13480
13484
13485
13495
13501
13506
13510
13515
13519
13521
13523
13531
13537
13548
13549
13553
13555
13556
13559
13574
13577
13579
13586
13594
13598
13603
13613
13619
13621
13622
13623
13630
13643
13644
13646
13653
13656
13659
13662
13663
13664
13671
13673
13675
13683
13684
13688
13699
13700
13704
13705
13720
13722
13727
13734
13737
13741
13743
13744
13747
13750
13760
13762
13769
13770
13771
13773
13777
13779
13781
13784
13786
13790
13791
13804
13817
13818
13821
13823
13824
13825
13826
13827
13830
13835
13836
13840
13843
13845
13846
13849
13853
13854
13858
13866
13869
13881
13884
13886
13888
13904
13917
13919
13920
13921
13928
13931
13933
13935
13936
13938
13941
13942
13948
13952
13964
13965
13968
13982
13989
13990
13992
13996
14006
14010
14013
14021
14022
14028
14031
14033
14037
14038
14042
14043
14047
14062
14067
14072
14073
14074
14081
14085
14090
14093
14094
14097
14099
14101
14112
14114
14115
14125
14126
14127
14128
14134
14137
14138
14141
14142
14152
14156
14159
14164
14169
14170
14171
14176
14178
14181
14189
14192
14194
14195
14196
14197
14199
14200
14201
14203
14205
14217
14221
14222
14223
14226
14232
14234
14235
14239
14242
14251
14253
14259
14260
14262
14264
14277
14280
14284
14287
14288
14290
14294
14298
14305
14310
14314
14316
14319
14327
14328
14330
14332
14333
14338
14344
14348
14351
14355
14358
14359
14362
14365
14368
14380
14381
14383
14384
14387
14389
14391
14392
14396
14401
14404
14407
14408
14409
14415
14417
14424
14428
14432
14433
14435
14440
14446
14449
14450
14451
14460
14462
14464
14469
14473
14476
14488
14491
14492
14493
14494
14502
14503
14510
14511
14514
14515
14520
14532
14534
14540
14548
14549
14551
14562
14563
14567
14570
14575
14578
14581
14584
14588
14591
14593
14594
14596
14601
14602
14606
14611
14615
14616
14618
14621
14625
14627
14630
14631
14645
14649
14651
14654
14656
14659
14660
14663
14669
14673
14678
14680
14684
14691
14693
14699
14702
14704
14707
14716
14721
14728
14730
14740
14742
14746
14751
14753
14754
14765
14766
14773
14782
14785
14789
14792
14793
14796
14799
14800
14801
14803
14805
14808
14810
14822
14825
14827
14829
14830
14831
14833
14837
14838
14839
14840
14842
14854
14859
14863
14879
14884
14885
14889
14890
14896
14903
14908
14909
14933
14941
14942
14943
14945
14948
14953
14954
14956
14957
14959
14962
14965
14976
14978
14981
14985
14989
14990
14991
14995
14999
15000
15003
15004
15006
15007
15011
15012
15014
15015
15019
15021
15023
15025
15026
15027
15029
15030
15031
15032
15034
15035
15036
15037
15039
15042
15043
15044
15046
15047
15051
15054
15056
15060
15061
15062
15063
15064
15066
15068
15070
15072
15075
15082
15083
15084
15085
15086
15088
15092
15096
15098
15099
15103
15105
15107
15108
15109
15111
15113
15115
15116
15119
15120
15123
15125
15126
15128
15131
15135
15145
15146
15148
15150
15151
15155
15156
15158
15162
15164
15170
15173
15174
15178
15179
15182
15183
15185
15187
15188
15190
15192
15196
15198
15200
15207
15215
15216
15218
15221
15223
15227
15236
15240
15244
15245
15248
15249
15251
15254
15257
15263
15267
15269
15270
15271
15273
15276
15277
15278
15279
15280
15287
15288
15289
15291
15293
15296
15297
15298
15303
15304
15305
15310
15312
15313
15316
15317
15319
15321
15326
15333
15338
15341
15344
15346
15348
15352
15354
15355
15356
15359
15361
15363
15366
15367
15369
15372
15375
15376
15378
15380
15381
15384
15385
15389
15392
15394
15396
15397
15398
15405
15407
15408
15409
15413
15415
15417
15418
15422
15425
15426
15429
15432
15433
15436
15437
15438
15440
15442
15448
15451
15453
15454
15462
15464
15466
15470
15471
15477
15478
15480
15483
15484
15486
15491
15494
15498
15502
15504
15505
15506
15510
15511
15515
15520
15521
15522
15527
15528
15529
15532
15535
15537
15538
15539
15545
15547
15550
15551
15553
15556
15557
15558
15559
15561
15563
15564
15566
15567
15568
15570
15571
15574
15575
15582
15583
15584
15586
15587
15589
15592
15593
15605
15608
15610
15611
15613
15614
15616
15619
15627
15630
15632
15635
15636
15638
15640
15642
15644
15645
15652
15653
15655
15657
15659
15660
15664
15667
15670
15674
15676
15678
15679
15680
15683
15685
15689
15691
15692
15693
15695
15702
15703
15705
15706
15707
15708
15709
15711
15713
15715
15721
15722
15727
15728
15729
15732
15735
15739
15740
15741
15743
15745
15746
15750
15752
15758
15760
15762
15765
15766
15769
15771
15772
15775
15777
15778
15779
15780
15781
15782
15783
15784
15785
15788
15790
15793
15797
15799
15800
15801
15804
15805
15807
15810
15812
15813
15814
15817
15819
15825
15826
15827
15830
15834
15844
15847
15850
15854
15855
15856
15858
15863
15865
15866
15867
15870
15871
15876
15881
15886
15888
15889
15890
15891
15892
15893
15894
15897
15898
15899
15900
15901
15904
15915
15917
15918
15923
15925
15930
15936
15937
15938
15940
15942
15943
15946
15947
15949
15950
15952
15954
15956
15958
15959
15960
15962
15965
15970
15971
15974
15978
15980
15981
15982
15983
15986
15987
15988
15990
15998
15999
16002
16003
16011
16012
16014
16015
16017
16018
16020
16022
16023
16029
16031
16033
16048
16050
16051
16052
16053
16055
16057
16060
16061
16062
16065
16069
16070
16071
16072
16074
16075
16078
16084
16087
16088
16090
16091
16095
16096
16097
16099
16100
16101
16104
16105
16106
16108
16109
16114
16116
16121
16124
16125
16130
16134
16136
16138
16139
16143
16145
16149
16154
16155
16157
16159
16160
16161
16162
16163
16164
16165
16166
16167
16169
16170
16172
16175
16178
16180
16184
16188
16189
16190
16191
16192
16193
16197
16198
16199
16200
16202
16203
16204
16205
16206
16207
16210
16211
16213
16216
16217
16220
16225
16229
16231
16234
16237
16238
16242
16243
16244
16246
16247
16249
16250
16254
16255
16257
16258
16259
16260
16261
16265
16266
16267
16268
16271
16273
16274
16276
16279
16280
16281
16287
16288
16291
16292
16293
16295
16297
16298
16299
16302
16304
16307
16309
16317
16319
16320
16323
16324
16332
16333
16334
16336
16339
16340
16342
16344
16348
16349
16353
16354
16357
16359
16361
16363
16364
16366
16367
16368
16371
16372
16378
16379
16381
16382
16383
16384
16385
16387
16391
16394
16396
16399
16402
16403
16405
16409
16410
16411
16413
16414
16418
16422
16425
16427
16428
16429
16431
16432
16435
16436
16437
16440
16443
16446
16447
16448
16451
16452
16454
16456
16461
16463
16464
16467
16468
16470
16473
16477
16481
16483
16484
16485
16487
16488
16489
16490
16492
16494
16495
16498
16499
16504
16505
16507
16508
16509
16510
16512
16514
16522
16523
16524
16530
16532
16541
16542
16543
16544
16546
16548
16554
16557
16559
16563
16564
16569
16570
16572
16573
16575
16578
16580
16581
16582
16585
16587
16593
16597
16606
16608
16609
16614
16616
16617
16618
16621
16622
16624
16627
16628
16633
16635
16638
16640
16642
16645
16647
16648
16650
16652
16654
16655
16657
16658
16660
16661
16662
16663
16665
16667
16669
16673
16678
16681
16684
16686
16687
16688
16689
16692
16696
16697
16698
16701
16707
16708
16710
16712
16713
16714
16715
16716
16717
16718
16722
16725
16727
16729
16732
16733
16735
16736
16737
16739
16741
16742
16743
16745
16747
16748
16750
16753
16754
16756
16761
16762
16764
16766
16768
16769
16770
16771
16775
16786
16789
16790
16791
16792
16799
16801
16807
16810
16811
16812
16814
16815
16816
16823
16826
16828
16829
16832
16836
16838
16840
16841
16842
16850
16851
16853
16857
16858
16864
16868
16869
16871
16877
16882
16886
16888
16889
16892
16895
16896
16901
16902
16904
16905
16906
16907
16913
16914
16918
16919
16923
16925
16926
16927
16928
16931
16933
16935
16939
16942
16945
16946
16949
16950
16952
16955
16956
16957
16958
16959
16961
16962
16964
16967
16969
16973
16974
16976
16980
16984
16985
16986
16988
16992
16993
16995
17001
17002
17003
17004
17005
17006
17008
17009
17013
17015
17016
17019
17021
17022
17023
17024
17025
17028
17029
17031
17034
17036
17037
17038
17040
17046
17047
17048
17049
17050
17052
17053
17054
17055
17057
17064
17066
17067
17068
17071
17072
17073
17074
17076
17079
17088
17092
17093
17100
17105
17107
17108
17111
17116
17117
17119
17122
17123
17124
17127
17128
17129
17132
17139
17140
17142
17146
17149
17150
17151
17155
17156
17157
17159
17162
17163
17164
17165
17171
17173
17180
17182
17183
17184
17185
17186
17187
17189
17190
17194
17197
17198
17201
17202
17203
17204
17207
17208
17212
17214
17215
17216
17217
17218
17219
17224
17227
17230
17231
17232
17234
17238
17239
17240
17242
17244
17247
17248
17249
17252
17254
17257
17262
17264
17265
17268
17273
17276
17278
17280
17283
17284
17287
17289
17290
17292
17293
17294
17295
17296
17302
17306
17307
17310
17312
17318
17321
17322
17323
17324
17327
17328
17330
17335
17342
17343
17345
17349
17351
17354
17355
17359
17361
17362
17363
17365
17369
17370
17372
17373
17374
17376
17379
17386
17387
17388
17389
17390
17393
17395
17396
17397
17401
17404
17406
17408
17411
17413
17414
17415
17416
17417
17418
17423
17424
17425
17428
17431
17432
17433
17437
17440
17442
17448
17449
17452
17453
17455
17459
17463
17464
17467
17468
17470
17471
17472
17473
17475
17478
17479
17480
17481
17482
17483
17484
17485
17487
17488
17490
17495
17498
17499
17502
17503
17505
17506
17507
17508
17509
17510
17511
17513
17515
17521
17526
17527
17529
17530
17531
17540
17541
17546
17547
17548
17549
17551
17557
17560
17561
17563
17564
17566
17568
17571
17572
17579
17580
17581
17583
17587
17589
17590
17594
17597
17598
17599
17600
17610
17617
17622
17623
17625
17626
17627
17630
17632
17637
17640
17645
17647
17648
17652
17653
17654
17655
17657
17659
17663
17666
17667
17669
17671
17675
17676
17677
17678
17679
17683
17685
17686
17687
17689
17691
17693
17694
17697
17700
17704
17706
17709
17710
17712
17713
17714
17721
17722
17723
17724
17725
17729
17731
17734
17735
17737
17739
17740
17741
17752
17756
17757
17759
17760
17762
17763
17765
17767
17770
17771
17772
17773
17774
17776
17779
17783
17795
17801
17805
17806
17814
17816
17817
17818
17820
17821
17822
17823
17826
17828
17830
17831
17834
17836
17841
17846
17848
17849
17850
17855
17856
17857
17858
17859
17868
17869
17870
17875
17879
17880
17886
17887
17891
17895
17898
17900
17904
17905
17907
17917
17918
17919
17923
17932
17933
17940
17942
17943
17947
17950
17951
17952
17957
17959
17960
17961
17965
17970
17972
17973
17975
17976
17978
17980
17986
17990
17991
17997
17998
18002
18007
18008
18009
18015
18020
18023
18024
18025
18026
18027
18030
18036
18037
18038
18043
18045
18048
18050
18052
18053
18058
18060
18063
18064
18066
18067
18068
18069
18070
18073
18074
18079
18082
18084
18091
18092
18094
18096
18097
18101
18103
18104
18106
18110
18112
18115
18116
18122
18123
18124
18125
18126
18127
18128
18131
18134
18136
18138
18139
18142
18146
18149
18150
18151
18153
18154
18155
18158
18160
18161
18165
18166
18167
18168
18169
18174
18176
18178
18182
18187
18188
18189
18192
18193
18194
18196
18197
18198
18200
18201
18206
18219
18221
18223
18224
18227
18228
18230
18232
18234
18236
18237
18239
18243
18249
18251
18252
18253
18254
18255
18257
18258
18261
18262
18264
18267
18269
18272
18275
18280
18282
18284
18285
18288
18290
18292
18298
18300
18301
18302
18303
18305
18309
18310
18311
18312
18317
18321
18323
18325
18326
18327
18328
18330
18333
18335
18336
18337
18338
18339
18344
18347
18348
18350
18351
18353
18354
18360
18365
18368
18370
18371
18372
18373
18376
18377
18378
18379
18382
18384
18386
18388
18389
18390
18391
18392
18393
18394
18395
18396
18397
18398
18401
18405
18407
18409
18411
18412
18414
18416
18417
18421
18425
18430
18441
18442
18443
18446
18447
18448
18450
18452
18453
18456
18458
18459
18461
18465
18467
18468
18469
18472
18476
18483
18485
18486
18488
18489
18497
18498
18501
18502
18503
18506
18507
18508
18510
18511
18513
18517
18518
18523
18525
18527
18528
18529
18530
18534
18535
18536
18537
18540
18544
18554
18555
18556
18557
18561
18563
18567
18569
18574
18575
18577
18579
18583
18586
18587
18589
18590
18591
18595
18596
18597
18598
18599
18603
18613
18616
18619
18620
18621
18622
18627
18628
18631
18632
18637
18639
18640
18642
18643
18645
18654
18656
18658
18663
18664
18665
18667
18674
18676
18677
18679
18680
18682
18685
18687
18690
18692
18693
18695
18697
18698
18699
18703
18709
18712
18714
18715
18716
18718
18719
18720
18721
18724
18725
18726
18731
18732
18733
18737
18740
18744
18745
18746
18748
18749
18752
18753
18756
18759
18760
18761
18764
18765
18767
18769
18770
18775
18777
18782
18783
18784
18787
18788
18791
18794
18798
18799
18803
18804
18805
18807
18813
18814
18817
18821
18824
18826
18827
18829
18832
18834
18835
18842
18847
18848
18851
18854
18855
18858
18860
18862
18865
18867
18868
18869
18871
18873
18876
18879
18882
18883
18884
18885
18886
18887
18888
18889
18894
18899
18900
18905
18908
18909
18910
18912
18913
18923
18924
18926
18928
18929
18934
18937
18938
18942
18943
18944
18946
18947
18949
18951
18955
18956
18957
18958
18959
18961
18963
18968
18969
18971
18972
18975
18978
18979
18983
18985
18986
18989
18990
18992
18994
18995
18998
19000
19001
19002
19006
19015
19017
19019
19021
19024
19026
19027
19034
19037
19038
19039
19041
19043
19044
19046
19052
19058
19059
19062
19065
19070
19072
19074
19075
19076
19078
19079
19080
19081
19084
19089
19094
19095
19097
19098
19099
19101
19102
19103
19104
19105
19106
19109
19111
19112
19116
19118
19119
19121
19122
19123
19125
19126
19127
19130
19131
19132
19133
19135
19136
19138
19141
19145
19146
19150
19153
19154
19156
19158
19161
19162
19163
19164
19165
19166
19169
19170
19172
19174
19175
19176
19177
19178
19180
19183
19188
19190
19191
19192
19197
19200
19204
19206
19207
19209
19211
19212
19214
19215
19219
19220
19225
19228
19229
19236
19237
19240
19241
19243
19245
19252
19261
19262
19265
19267
19268
19269
19270
19271
19272
19273
19274
19277
19283
19286
19287
19289
19290
19292
19293
19294
19295
19297
19298
19299
19305
19306
19307
19308
19310
19311
19314
19316
19320
19322
19323
19328
19338
19341
19344
19347
19349
19351
19353
19354
19355
19356
19357
19361
19363
19366
19369
19372
19373
19376
19377
19379
19380
19384
19390
19394
19395
19397
19398
19399
19400
19402
19407
19409
19410
19411
19412
19415
19416
19420
19421
19425
19426
19430
19431
19432
19434
19435
19436
19439
19440
19442
19447
19449
19453
19459
19461
19463
19464
19465
19466
19467
19469
19470
19472
19474
19477
19478
19480
19481
19483
19488
19489
19496
19499
19500
19503
19505
19508
19509
19513
19515
19517
19518
19519
19522
19524
19528
19529
19531
19537
19538
19542
19545
19546
19549
19551
19554
19557
19562
19563
19564
19576
19578
19581
19582
19584
19586
19587
19588
19594
19595
19596
19600
19603
19604
19605
19607
19609
19611
19612
19613
19616
19618
19619
19624
19627
19631
19633
19636
19642
19645
19646
19651
19652
19654
19657
19658
19659
19660
19661
19664
19667
19669
19673
19674
19679
19682
19683
19691
19696
19698
19699
19702
19704
19707
19708
19709
19711
19713
19714
19716
19720
19721
19727
19729
19731
19732
19733
19735
19745
19747
19748
19749
19750
19751
19753
19754
19755
19760
19763
19765
19769
19770
19773
19775
19781
19782
19788
19790
19792
19793
19794
19796
19801
19802
19808
19815
19816
19819
19830
19836
19837
19839
19840
19842
19844
19845
19848
19850
19851
19853
19854
19856
19858
19861
19862
19863
19865
19868
19870
19873
19874
19876
19878
19879
19881
19882
19883
19884
19887
19890
19891
19892
19893
19894
19899
19900
19902
19903
19905
19908
19909
19910
19913
19916
19920
19923
19925
19927
19928
19930
19931
19933
19936
19943
19947
19948
19956
19963
19966
19967
19969
19974
19975
19977
19978
19979
19980
19981
19982
19987
19989
19990
19992
19995
19998
19999
20007
20012
20015
20020
20021
20032
20034
20035
20036
20039
20044
20047
20049
20050
20052
20053
20054
20055
20058
20070
20072
20076
20080
20085
20087
20089
20093
20095
20100
20102
20109
20116
20121
20132
20134
20138
20140
20143
20145
20148
20150
20160
20161
20162
20163
20164
20165
20166
20168
20169
20170
20171
20173
20174
20181
20182
20184
20194
20195
20200
20204
20209
20210
20212
20216
20217
20218
20222
20223
20227
20230
20232
20234
20236
20239
20245
20249
20250
20251
20253
20262
20265
20271
20283
20284
20286
20288
20292
20293
20299
20300
20301
20303
20308
20309
20313
20314
20319
20321
20322
20327
20342
20348
20349
20350
20351
20354
20355
20356
20357
20360
20362
20363
20364
20369
20372
20377
20378
20382
20383
20387
20391
20392
20393
20394
20399
20405
20407
20408
20409
20412
20421
20422
20427
20431
20436
20439
20441
20447
20448
20449
20455
20457
20458
20459
20462
20466
20468
20471
20475
20476
20477
20478
20482
20485
20486
20487
20492
20493
20494
20495
20498
20499
20501
20504
20506
20509
20512
20516
20519
20525
20527
20531
20536
20539
20542
20545
20546
20547
20549
20553
20554
20558
20559
20561
20568
20570
20574
20576
20577
20581
20591
20593
20597
20599
20600
20603
20608
20611
20618
20626
20628
20629
20631
20633
20634
20636
20637
20641
20644
20645
20646
20649
20651
20653
20662
20664
20668
20674
20676
20678
20682
20686
20689
20690
20693
20697
20710
20711
20712
20717
20719
20724
20726
20727
20729
20730
20732
20733
20738
20741
20746
20748
20751
20754
20756
20759
20763
20765
20771
20772
20774
20779
20782
20787
20789
20790
20791
20793
20800
20808
20809
20812
20814
20816
20818
20823
20824
20839
20840
20842
20843
20848
20849
20854
20857
20865
20869
20871
20875
20877
20881
20882
20884
20892
20897
20906
20908
20914
20916
20926
20927
20930
20932
20933
20936
20937
20940
20942
20945
20946
20956
20959
20960
20961
20962
20964
20969
20973
20986
20987
20989
20994
20996
20999
21001
21009
21013
21016
21022
21023
21024
21025
21033
21034
21035
21036
21044
21048
21049
21051
21053
21056
21057
21058
21059
21061
21064
21065
21079
21083
21086
21092
21093
21097
21099
21100
21105
21107
21112
21117
21120
21122
21133
21139
21142
21145
21148
21154
21155
21158
21161
21162
21163
21164
21168
21170
21173
21174
21179
21181
21183
21185
21186
21188
21195
21197
21199
21202
21203
21208
21210
21214
21217
21224
21225
21227
21228
21230
21235
21236
21239
21241
21243
21260
21261
21262
21268
21270
21281
21286
21291
21293
21294
21301
21303
21306
21308
21313
21314
21315
21316
21321
21323
21328
21333
21335
21338
21345
21350
21353
21354
21355
21356
21366
21373
21377
21379
21380
21382
21384
21386
21392
21395
21398
21400
21407
21413
21414
21415
21417
21421
21422
21426
21429
21432
21433
21435
21436
21437
21445
21446
21447
21455
21457
21458
21459
21460
21462
21470
21482
21489
21491
21494
21497
21498
21499
21501
21503
21516
21524
21526
21527
21536
21539
21552
21558
21560
21563
21565
21566
21567
21569
21577
21579
21581
21584
21585
21589
21590
21592
21593
21594
21601
21602
21606
21608
21611
21619
21621
21627
21628
21634
21641
21647
21651
21652
21655
21658
21665
21666
21672
21690
21694
21697
21699
21701
21703
21709
21710
21711
21714
21720
21721
21726
21732
21733
21742
21745
21751
21753
21755
21759
21760
21761
21762
21768
21769
21775
21784
21785
21787
21788
21790
21792
21793
21794
21795
21806
21816
21819
21820
21824
21830
21831
21834
21835
21836
21837
21839
21841
21842
21843
21856
21857
21860
21861
21863
21868
21870
21877
21882
21885
21890
21900
21903
21904
21906
21908
21910
21911
21917
21919
21922
21934
21937
21944
21945
21950
21956
21959
21960
21963
21965
21966
21967
21978
21982
21988
21990
21992
22002
22004
22007
22009
22010
22011
22012
22014
22018
22028
22030
22034
22040
22041
22042
22045
22049
22051
22052
22055
22056
22059
22060
22061
22063
22066
22070
22071
22073
22077
22078
22080
22081
22082
22085
22086
22088
22097
22099
22102
22105
22108
22113
22114
22124
22125
22131
22132
22135
22136
22138
22140
22144
22147
22149
22150
22158
22163
22164
22165
22169
22174
22176
22177
22179
22180
22182
22183
22184
22195
22196
22198
22199
22209
22211
22216
22217
22223
22224
22231
22232
22235
22236
22238
22240
22247
22251
22254
22256
22260
22261
22262
22264
22266
22267
22277
22282
22283
22289
22291
22296
22297
22302
22303
22304
22308
22309
22312
22314
22319
22320
22324
22338
22340
22345
22349
22354
22355
22356
22358
22360
22361
22365
22368
22371
22376
22381
22383
22385
22387
22390
22393
22396
22398
22403
22406
22410
22411
22412
22414
22417
22420
22421
22422
22425
22427
22429
22432
22442
22444
22446
22448
22449
22450
22462
22463
22464
22465
22468
22469
22471
22475
22477
22478
22481
22483
22490
22493
22495
22499
22500
22501
22505
22507
22509
22511
22515
22517
22522
22525
22530
22531
22534
22535
22536
22539
22540
22541
22546
22548
22549
22554
22555
22557
22558
22559
22563
22570
22574
22575
22577
22580
22584
22586
22587
22590
22591
22597
22601
22604
22607
22609
22610
22613
22615
22621
22622
22625
22628
22630
22631
22632
22637
22638
22639
22640
22642
22645
22646
22648
22651
22653
22654
22660
22666
22671
22675
22682
22686
22688
22691
22692
22697
22708
22714
22715
22719
22721
22725
22732
22733
22740
22743
22747
22748
22754
22756
22757
22759
22761
22763
22765
22768
22771
22776
22779
22780
22781
22785
22789
22798
22802
22805
22810
22816
22830
22839
22843
22844
22845
22850
22853
22859
22860
22867
22868
22869
22870
22872
22879
22881
22885
22889
22893
22896
22897
22900
22902
22904
22906
22908
22912
22914
22915
22916
22917
22928
22934
22935
22938
22939
22940
22941
22942
22945
22948
22952
22953
22954
22957
22959
22973
22978
22981
22982
22983
22985
22986
22988
22989
22991
22997
22998
23011
23013
23016
23019
23021
23022
23033
23034
23035
23044
23046
23054
23056
23061
23069
23071
23072
23073
23077
23079
23082
23087
23089
23096
23097
23099
23105
23109
23110
23113
23115
23118
23126
23128
23129
23134
23135
23136
23137
23138
23140
23142
23144
23150
23155
23159
23161
23168
23171
23172
23179
23183
23184
23188
23190
23194
23196
23197
23198
23202
23203
23206
23209
23210
23217
23224
23233
23238
23242
23243
23252
23253
23255
23256
23260
23261
23262
23264
23265
23275
23276
23280
23290
23292
23294
23298
23304
23311
23312
23316
23321
23322
23323
23327
23330
23337
23338
23341
23344
23346
23352
23353
23354
23357
23361
23363
23367
23372
23374
23376
23377
23378
23381
23385
23389
23391
23393
23394
23395
23399
23401
23402
23404
23411
23417
23418
23424
23428
23431
23434
23435
23436
23438
23450
23453
23455
23459
23461
23465
23466
23467
23469
23471
23477
23480
23482
23483
23488
23490
23491
23492
23493
23496
23497
23501
23502
23517
23519
23520
23522
23532
23533
23536
23537
23541
23547
23548
23549
23550
23554
23555
23559
23565
23566
23567
23572
23574
23578
23584
23587
23593
23595
23598
23601
23602
23604
23608
23612
23613
23614
23615
23619
23623
23626
23627
23628
23630
23633
23635
23638
23657
23660
23663
23670
23672
23674
23682
23686
23691
23699
23702
23706
23713
23715
23719
23720
23721
23723
23724
23726
23730
23734
23738
23740
23741
23744
23748
23751
23753
23754
23755
23760
23768
23770
23773
23774
23778
23780
23784
23785
23786
23793
23794
23795
23798
23802
23806
23810
23812
23813
23814
23815
23819
23829
23844
23846
23852
23853
23855
23857
23866
23867
23869
23877
23884
23886
23888
23892
23897
23901
23904
23905
23908
23919
23920
23921
23924
23931
23934
23946
23949
23951
23952
23957
23959
23960
23962
23967
23968
23971
23973
23975
23982
23984
23990
23991
23992
23993
23997
24005
24006
24008
24012
24015
24017
24021
24023
24025
24031
24032
24034
24041
24042
24043
24052
24062
24070
24071
24076
24081
24084
24087
24092
24093
24095
24102
24104
24107
24110
24111
24112
24117
24121
24122
24123
24124
24125
24127
24131
24132
24133
24135
24140
24146
24147
24148
24150
24157
24159
24171
24172
24173
24175
24185
24187
24193
24196
24197
24198
24199
24210
24229
24231
24232
24236
24238
24242
24254
24256
24262
24264
24266
24269
24273
24274
24276
24279
24281
24285
24286
24288
24292
24294
24295
24305
24311
24313
24314
24317
24320
24323
24329
24331
24332
24337
24338
24340
24341
24346
24351
24353
24356
24358
24359
24360
24361
24364
24366
24367
24377
24378
24382
24384
24388
24396
24397
24399
24400
24408
24409
24411
24417
24418
24420
24424
24426
24427
24435
24437
24439
24440
24445
24447
24450
24454
24458
24462
24467
24471
24473
24475
24478
24479
24481
24484
24491
24496
24502
24508
24515
24518
24522
24528
24537
24538
24539
24540
24546
24550
24553
24554
24555
24562
24563
24567
24570
24572
24577
24585
24586
24589
24590
24591
24592
24594
24596
24601
24609
24614
24615
24616
24622
24623
24624
24625
24629
24638
24649
24650
24652
24654
24656
24660
24663
24664
24666
24675
24677
24680
24683
24686
24687
24688
24691
24693
24696
24704
24705
24707
24710
24717
24718
24720
24724
24725
24726
24731
24735
24737
24744
24748
24752
24753
24755
24756
24759
24761
24762
24765
24767
24768
24771
24774
24775
24784
24788
24794
24795
24802
24811
24812
24814
24816
24817
24819
24820
24825
24834
24838
24842
24846
24848
24852
24860
24864
24866
24867
24868
24872
24873
24874
24879
24882
24883
24890
24891
24892
24895
24898
24900
24901
24906
24909
24910
24912
24913
24914
24915
24919
24920
24923
24931
24936
24937
24941
24942
24943
24946
24947
24951
24952
24955
24956
24960
24961
24963
24972
24982
24983
24987
24989
24991
24996
24998
24999
25005
25007
25013
25016
25020
25021
25022
25026
25033
25034
25036
25038
25040
25044
25045
25048
25050
25054
25055
25068
25070
25073
25074
25086
25090
25091
25106
25108
25109
25115
25118
25134
25136
25137
25141
25143
25144
25146
25149
25151
25153
25154
25155
25157
25160
25165
25166
25168
25176
25177
25179
25181
25184
25187
25189
25191
25192
25197
25199
25200
25201
25202
25203
25205
25206
25213
25216
25217
25218
25226
25231
25242
25243
25254
25256
25258
25262
25263
25264
25265
25272
25277
25280
25284
25285
25292
25309
25310
25314
25316
25322
25324
25326
25327
25329
25334
25336
25337
25341
25342
25345
25346
25350
25351
25355
25356
25358
25359
25362
25370
25375
25380
25387
25392
25394
25398
25400
25413
25415
25417
25421
25422
25423
25431
25440
25441
25452
25454
25458
25460
25463
25467
25468
25470
25473
25475
25477
25480
25481
25487
25488
25489
25496
25497
25498
25502
25511
25512
25514
25519
25520
25527
25530
25531
25534
25537
25540
25544
25547
25548
25552
25553
25558
25559
25561
25563
25567
25571
25572
25577
25580
25581
25583
25591
25597
25598
25604
25606
25607
25608
25611
25612
25616
25617
25620
25621
25623
25625
25636
25640
25641
25645
25649
25666
25669
25671
25672
25678
25686
25688
25694
25696
25704
25705
25716
25719
25721
25722
25724
25725
25727
25733
25736
25738
25743
25751
25753
25757
25759
25760
25761
25762
25764
25766
25767
25785
25787
25793
25795
25806
25808
25809
25811
25816
25817
25818
25820
25827
25829
25831
25832
25833
25834
25856
25860
25863
25864
25866
25870
25874
25880
25883
25885
25886
25899
25901
25913
25914
25921
25923
25929
25933
25936
25940
25943
25944
25950
25953
25955
25957
25967
25970
25972
25975
25976
25977
25978
25979
25980
25981
25983
25991
25995
25996
25997
25999
26000
26002
26004
26010
26012
26016
26017
26020
26029
26033
26034
26040
26044
26045
26046
26048
26049
26053
26055
26058
26061
26063
26069
26073
26074
26077
26079
26083
26087
26091
26092
26098
26100
26101
26103
26104
26105
26106
26107
26113
26117
26124
26128
26135
26136
26137
26138
26142
26144
26149
26156
26157
26162
26167
26170
26172
26187
26188
26189
26191
26198
26199
26202
26208
26215
26217
26218
26219
26220
26224
26227
26234
26235
26236
26244
26249
26253
26254
26256
26260
26262
26267
26271
26272
26275
26277
26281
26283
26284
26286
26288
26298
26299
26301
26302
26319
26322
26324
26329
26333
26335
26337
26340
26342
26343
26347
26353
26356
26358
26367
26371
26372
26373
26378
26380
26385
26391
26392
26401
26405
26409
26411
26413
26415
26416
26417
26430
26438
26439
26440
26441
26445
26446
26447
26448
26450
26451
26456
26466
26468
26474
26476
26482
26484
26485
26496
26498
26499
26506
26508
26511
26513
26518
26530
26535
26539
26543
26548
26556
26563
26565
26567
26570
26575
26577
26578
26592
26598
26599
26602
26607
26608
26610
26615
26616
26619
26620
26621
26623
26624
26626
26627
26628
26630
26633
26635
26638
26645
26648
26654
26658
26665
26667
26669
26672
26677
26678
26679
26680
26682
26683
26686
26687
26688
26689
26690
26692
26693
26695
26697
26702
26706
26707
26709
26714
26715
26721
26724
26728
26731
26733
26739
26741
26747
26749
26752
26753
26761
26770
26776
26783
26785
26786
26789
26790
26798
26802
26806
26808
26814
26815
26816
26817
26822
26823
26834
26837
26844
26852
26858
26864
26865
26871
26873
26874
26875
26877
26879
26880
26882
26883
26884
26885
26887
26890
26892
26894
26896
26900
26906
26907
26911
26914
26920
26923
26925
26926
26933
26936
26939
26940
26943
26944
26947
26952
26954
26955
26959
26960
26961
26968
26969
26973
26978
26980
26990
26991
26993
26995
26997
27007
27011
27012
27021
27023
27024
27025
27031
27032
27034
27045
27047
27048
27049
27052
27054
27055
27056
27070
27071
27072
27074
27075
27076
27077
27078
27079
27084
27087
27093
27094
27095
27103
27104
27108
27110
27115
27119
27120
27122
27123
27125
27126
27133
27138
27143
27148
27150
27155
27156
27157
27160
27164
27169
27171
27178
27180
27183
27185
27189
27193
27197
27198
27203
27209
27210
27212
27217
27218
27220
27224
27225
27226
27228
27229
27239
27243
27245
27246
27249
27250
27252
27264
27267
27268
27271
27273
27274
27282
27283
27284
27289
27293
27299
27302
27308
27312
27314
27317
27321
27322
27323
27325
27327
27328
27330
27331
27333
27334
27339
27340
27342
27343
27345
27346
27353
27355
27356
27361
27366
27369
27374
27379
27382
27389
27392
27394
27396
27397
27398
27400
27404
27406
27410
27411
27414
27415
27416
27421
27425
27427
27431
27434
27435
27440
27444
27447
27449
27450
27452
27457
27459
27463
27465
27467
27468
27470
27471
27472
27475
27492
27493
27494
27495
27504
27505
27508
27512
27516
27517
27519
27522
27524
27528
27529
27534
27536
27537
27541
27550
27552
27555
27561
27562
27567
27570
27574
27576
27578
27579
27587
27590
27592
27593
27596
27600
27603
27605
27606
27610
27614
27617
27622
27624
27625
27628
27629
27631
27632
27635
27637
27638
27640
27642
27643
27645
27647
27649
27659
27662
27664
27667
27672
27673
27674
27682
27687
27692
27706
27714
27716
27717
27718
27719
27720
27723
27725
27731
27732
27733
27736
27738
27740
27741
27744
27747
27749
27752
27753
27755
27768
27769
27777
27782
27790
27791
27792
27800
27802
27803
27804
27808
27814
27815
27816
27818
27820
27821
27824
27827
27828
27829
27833
27834
27838
27844
27846
27847
27850
27851
27854
27857
27861
27870
27873
27874
27879
27882
27884
27896
27897
27899
27904
27907
27916
27919
27926
27927
27935
27936
27939
27941
27945
27949
27951
27956
27957
27962
27966
27975
27977
27983
27989
27994
27995
27996
28000
28004
28006
28007
28008
28009
28014
28020
28027
28031
28040
28045
28047
28049
28063
28064
28065
28068
28070
28074
28075
28076
28077
28078
28081
28088
28090
28093
28100
28102
28104
28107
28108
28114
28116
28128
28135
28139
28147
28148
28151
28153
28157
28163
28169
28170
28173
28178
28182
28183
28187
28188
28195
28205
28206
28209
28214
28226
28229
28233
28237
28239
28241
28243
28246
28249
28253
28255
28258
28259
28261
28262
28264
28271
28275
28277
28284
28299
28300
28309
28312
28323
28330
28334
28338
28349
28351
28355
28356
28357
28359
28360
28361
28363
28371
28375
28377
28384
28385
28386
28389
28390
28393
28395
28396
28398
28399
28402
28403
28412
28414
28416
28423
28426
28435
28438
28448
28449
28452
28459
28464
28467
28471
28476
28477
28481
28482
28486
28488
28490
28492
28504
28506
28509
28511
28512
28515
28517
28522
28523
28525
28526
28527
28529
28534
28539
28546
28549
28550
28553
28556
28557
28558
28560
28561
28562
28564
28566
28567
28574
28581
28582
28584
28585
28587
28589
28590
28593
28601
28604
28605
28606
28607
28613
28618
28625
28626
28628
28629
28631
28636
28642
28646
28650
28651
28653
28659
28661
28662
28665
28666
28668
28671
28672
28674
28675
28682
28683
28687
28694
28695
28698
28704
28705
28706
28714
28716
28724
28734
28735
28738
28742
28743
28746
28749
28752
28754
28755
28757
28764
28767
28768
28769
28771
28774
28776
28782
28784
28787
28788
28793
28800
28802
28804
28813
28815
28817
28819
28820
28822
28825
28829
28830
28832
28838
28839
28845
28851
28852
28854
28866
28871
28873
28875
28881
28886
28887
28889
28892
28894
28901
28903
28904
28908
28909
28910
28916
28918
28921
28924
28928
28931
28932
28938
28940
28941
28944
28947
28950
28967
28971
28978
28984
28985
28988
28990
28996
29001
29006
29007
29015
29016
29021
29023
29026
29035
29038
29040
29044
29047
29048
29058
29061
29064
29065
29071
29072
29074
29077
29079
29082
29083
29090
29094
29098
29099
29100
29107
29111
29113
29116
29118
29120
29121
29123
29128
29137
29143
29145
29152
29154
29156
29157
29164
29168
29171
29172
29174
29175
29176
29179
29180
29189
29192
29193
29195
29197
29199
29202
29204
29215
29219
29220
29226
29234
29247
29252
29258
29259
29261
29262
29273
29274
29275
29279
29283
29284
29285
29286
29289
29291
29295
29302
29320
29321
29323
29327
29333
29334
29336
29344
29354
29355
29357
29358
29359
29361
29363
29364
29365
29366
29370
29375
29376
29378
29379
29382
29383
29384
29390
29393
29394
29396
29397
29401
29408
29411
29412
29416
29419
29423
29425
29431
29432
29442
29446
29449
29451
29453
29457
29462
29464
29469
29472
29482
29485
29490
29497
29498
29502
29503
29504
29507
29511
29514
29519
29526
29533
29536
29537
29540
29543
29544
29546
29547
29550
29560
29562
29565
29570
29571
29576
29578
29579
29580
29582
29588
29589
29590
29592
29594
29598
29603
29605
29615
29616
29617
29618
29620
29622
29623
29626
29627
29630
29633
29635
29639
29640
29645
29650
29655
29664
29668
29672
29680
29686
29690
29692
29694
29695
29697
29701
29703
29706
29710
29713
29715
29716
29721
29722
29731
29743
29748
29752
29756
29761
29762
29766
29769
29778
29783
29789
29790
29794
29797
29799
29807
29809
29817
29819
29828
29830
29836
29844
29849
29852
29854
29856
29858
29860
29865
29870
29873
29879
29881
29885
29890
29893
29894
29896
29901
29903
29905
29909
29920
29921
29924
29927
29929
29930
29931
29936
29939
29941
29953
29956
29957
29958
29962
29969
29977
29994
29998
30020
30030
30035
30043
30072
30084
30098
30111
30114
30130
30145
30209
30217
30228
30247
30271
30291
30299
30315
30327
30330
30334
30425
30448
30462
30472
30543
30581
30632
30640
30646
30650
30653
30656
30661
30665
30673
30676
30678
30681
30685
30689
30714
30718
30719
30721
30745
30761
30765
30773
30776
30784
30809
30863
30885
30905
30906
30931
30951
30960
30977
30982
30998
31019
31024
31043
31074
31093
31112
31121
31138
31146
31165
31168
31170
31175
31191
31201
31209
31217
31218
31222
31228
31237
31254
31265
31278
31291
31292
31296
31297
31298
31308
31315
31332
31345
31347
31360
31375
31401
31418
31429
31459
31486
31487
31500
31507
31529
31571
31575
31602
31620
31626
31628
31632
31636
31642
31653
31689
31708
31718
31740
31761
31770
31775
31776
31788
31791
31813
31842
31844
31863
31887
31898
31919
31926
31981
31983
31988
31990
31997
32018
32021
32024
32058
32073
32074
32075
32086
32087
32093
32099
32127
32130
32131
32175
32184
32241
32242
32284
32302
32304
32307
32326
32337
32342
32355
32362
32390
32394
32395
32403
32434
32449
32465
32474
32483
32506
32510
32522
32550
32565
32585
32588
32598
32609
32610
32612
32636
32642
32659
32675
32700
32709
32716
32760
32763
32764
32773
32778
32784
32787
32816
32827
32828
32842
32849
32863
32890
32915
32951
32970
32973
32983
32991
32996
33023
33030
33039
33044
33058
33059
33064
33065
33072
33120
33128
33133
33135
33146
33148
33156
33165
33208
33212
33218
33229
33249
33260
33268
33301
33323
33352
33357
33358
33366
33381
33384
33385
33386
33445
33468
33473
33481
33503
33513
33526
33529
33552
33557
33560
33605
33607
33616
33640
33645
33647
33656
33682
33712
33716
33743
33752
33789
33804
33806
33815
33832
33860
33888
33892
33895
33896
33904
33926
33936
33941
33947
33955
33967
33972
33988
33991
33994
33999
34013
34031
34056
34089
34104
34127
34136
34140
34161
34185
34203
34208
34216
34224
34261
34265
34274
34280
34299
34316
34324
34326
34334
34350
34352
34353
34362
34378
34379
34385
34386
34408
34420
34453
34461
34483
34493
34505
34512
34526
34551
34557
34562
34565
34574
34621
34628
34648
34650
34663
34711
34718
34726
34727
34729
34741
34748
34752
34776
34779
34782
34787
34839
34864
34873
34910
34920
34929
34932
34966
34984
34998
35001
35004
35005
35010
35014
35020
35025
35027
35042
35043
35045
35046
35050
35057
35063
35066
35067
35070
35074
35078
35080
35081
35083
35084
35085
35092
35093
35109
35114
35126
35137
35142
35143
35145
35151
35152
35155
35166
35167
35170
35175
35181
35183
35184
35187
35192
35194
35197
35210
35215
35220
35230
35239
35249
35257
35258
35262
35270
35274
35275
35281
35291
35301
35308
35309
35311
35312
35313
35319
35320
35326
35327
35328
35335
35336
35340
35347
35352
35366
35367
35374
35378
35380
35381
35388
35392
35396
35400
35409
35416
35419
35430
35432
35434
35438
35441
35443
35448
35449
35454
35456
35464
35466
35471
35476
35477
35484
35492
35498
35504
35505
35508
35509
35514
35517
35518
35520
35526
35531
35534
35543
35552
35556
35560
35563
35568
35569
35573
35574
35576
35577
35579
35581
35595
35597
35605
35606
35618
35619
35621
35624
35628
35635
35655
35656
35659
35671
35674
35675
35676
35677
35678
35680
35681
35682
35687
35701
35705
35708
35709
35710
35711
35715
35718
35719
35723
35725
35729
35731
35733
35744
35746
35757
35759
35787
35796
35807
35809
35811
35813
35820
35821
35830
35831
35837
35838
35841
35847
35855
35863
35873
35877
35889
35890
35899
35902
35903
35908
35909
35912
35933
35938
35939
35940
35947
35953
35957
35958
35961
35969
35975
35981
35985
35986
35989
35990
35991
35999
36002
36006
36008
36013
36014
36021
36030
36033
36034
36037
36042
36046
36047
36068
36075
36077
36082
36087
36088
36107
36110
36112
36119
36122
36134
36136
36137
36140
36146
36150
36156
36159
36166
36178
36187
36195
36201
36202
36207
36228
36233
36235
36252
36257
36259
36265
36267
36273
36274
36280
36284
36291
36293
36294
36295
36307
36314
36316
36325
36329
36331
36332
36334
36335
36336
36342
36344
36347
36349
36353
36356
36360
36363
36366
36367
36369
36376
36377
36383
36388
36394
36399
36405
36406
36413
36414
36416
36419
36423
36425
36426
36427
36429
36433
36435
36438
36447
36450
36458
36460
36471
36476
36481
36489
36491
36493
36504
36511
36512
36513
36515
36518
36521
36531
36535
36539
36540
36548
36580
36587
36596
36605
36606
36611
36620
36623
36633
36634
36636
36639
36641
36643
36644
36651
36654
36655
36657
36659
36665
36667
36669
36687
36696
36697
36703
36706
36708
36711
36712
36715
36716
36721
36722
36725
36739
36740
36742
36743
36749
36750
36752
36754
36756
36757
36759
36771
36782
36787
36790
36791
36803
36807
36815
36817
36819
36823
36826
36829
36832
36833
36834
36846
36849
36852
36854
36856
36858
36863
36866
36869
36873
36875
36876
36885
36887
36891
36893
36897
36899
36900
36903
36905
36906
36912
36917
36918
36921
36926
36927
36939
36943
36946
36951
36952
36960
36961
36965
36967
36979
36980
36982
36992
36993
37001
37004
37010
37011
37012
37015
37021
37027
37038
37047
37048
37049
37050
37057
37060
37062
37069
37073
37074
37075
37076
37080
37091
37096
37101
37104
37106
37108
37115
37125
37130
37131
37132
37142
37145
37156
37160
37162
37167
37174
37175
37176
37177
37180
37184
37195
37196
37202
37204
37205
37207
37220
37223
37224
37229
37233
37234
37239
37251
37263
37265
37269
37277
37286
37288
37289
37291
37292
37293
37296
37301
37310
37313
37316
37317
37326
37329
37332
37335
37336
37339
37348
37349
37353
37362
37367
37369
37373
37378
37380
37386
37395
37399
37400
37404
37408
37409
37420
37422
37439
37440
37441
37448
37449
37453
37481
37482
37487
37488
37489
37494
37498
37504
37506
37507
37524
37527
37536
37537
37548
37551
37553
37560
37563
37564
37565
37567
37569
37570
37572
37579
37581
37590
37591
37592
37595
37600
37610
37617
37620
37622
37625
37626
37628
37630
37637
37639
37641
37642
37652
37655
37660
37662
37664
37667
37671
37672
37679
37690
37695
37704
37719
37725
37733
37736
37739
37746
37747
37752
37758
37760
37774
37777
37779
37781
37782
37787
37797
37798
37813
37824
37838
37839
37841
37842
37844
37847
37859
37871
37873
37879
37880
37883
37886
37892
37900
37901
37908
37912
37913
37914
37916
37917
37919
37921
37928
37930
37934
37948
37952
37955
37959
37962
37968
37977
37978
37988
37989
37990
37997
38002
38004
38005
38009
38010
38017
38018
38020
38021
38022
38026
38031
38035
38037
38038
38039
38042
38044
38048
38050
38059
38060
38061
38065
38067
38077
38079
38092
38096
38101
38107
38110
38111
38117
38124
38126
38133
38137
38138
38143
38144
38156
38158
38180
38211
38215
38221
38223
38227
38229
38230
38232
38233
38245
38260
38268
38271
38272
38274
38279
38288
38289
38296
38301
38306
38307
38310
38322
38327
38330
38331
38334
38341
38351
38359
38364
38369
38373
38375
38377
38378
38379
38394
38400
38403
38408
38418
38419
38422
38425
38432
38433
38434
38452
38456
38462
38465
38467
38471
38474
38482
38491
38492
38493
38494
38507
38511
38513
38514
38524
38536
38542
38546
38556
38558
38563
38567
38573
38578
38581
38584
38588
38593
38594
38595
38598
38599
38604
38609
38613
38620
38627
38628
38629
38631
38634
38638
38641
38653
38663
38666
38669
38671
38672
38683
38685
38688
38694
38703
38705
38710
38740
38752
38786
38789
38797
38804
38805
38823
38827
38829
38831
38835
38836
38840
38842
38844
38846
38847
38848
38850
38852
38854
38858
38864
38869
38873
38874
38884
38886
38891
38892
38895
38903
38905
38913
38914
38927
38931
38935
38939
38953
38956
38957
38958
38963
38967
38974
38981
38988
38991
38994
39001
39002
39014
39019
39023
39032
39033
39044
39046
39047
39055
39061
39068
39069
39079
39080
39084
39086
39089
39098
39099
39104
39105
39120
39121
39125
39141
39145
39152
39155
39158
39166
39168
39170
39171
39179
39192
39193
39202
39213
39224
39228
39241
39245
39246
39247
39260
39262
39267
39275
39283
39284
39286
39297
39304
39305
39311
39322
39323
39325
39329
39330
39334
39339
39349
39352
39353
39355
39358
39361
39363
39365
39376
39383
39390
39398
39399
39408
39416
39419
39424
39433
39436
39439
39441
39446
39448
39464
39474
39478
39480
39482
39483
39488
39491
39495
39497
39500
39503
39504
39522
39523
39525
39529
39532
39535
39539
39541
39543
39545
39547
39555
39564
39572
39582
39588
39589
39595
39603
39608
39609
39616
39619
39620
39624
39626
39628
39633
39634
39636
39643
39648
39660
39676
39686
39696
39699
39700
39712
39714
39718
39721
39727
39732
39733
39737
39739
39748
39750
39751
39760
39761
39762
39763
39764
39770
39776
39785
39787
39788
39789
39797
39806
39816
39817
39819
39821
39830
39841
39848
39851
39857
39859
39863
39864
39869
39876
39880
39884
39885
39890
39903
39904
39910
39913
39917
39934
39945
39946
39948
39950
39952
39964
39965
39976
39983
39998
40008
40024
40043
40044
40087
40092
40112
40118
40131
40135
40164
40166
40169
40185
40190
40203
40208
40218
40224
40225
40226
40236
40237
40246
40247
40249
40255
40260
40281
40298
40309
40312
40326
40327
40328
40352
40355
40378
40379
40383
40401
40407
40410
40417
40430
40433
40435
40450
40460
40468
40477
40491
40498
40503
40511
40512
40516
40521
40523
40527
40535
40536
40538
40548
40551
40564
40566
40581
40586
40628
40654
40659
40683
40692
40744
40782
40797
40803
40806
40837
40839
40840
40845
40848
40850
40855
40858
40864
40877
40880
40881
40883
40885
40888
40894
40908
40909
40911
40913
40922
40929
40931
40943
40950
40954
40958
40959
40963
40965
40980
40989
40991
41006
41015
41017
41018
41038
41039
41046
41047
41057
41063
41075
41077
41078
41114
41130
41140
41144
41156
41167
41168
41176
41192
41209
41212
41218
41232
41236
41247
41254
41260
41261
41265
41266
41272
41286
41289
41292
41293
41314
41315
41318
41352
41359
41365
41367
41370
41374
41377
41381
41386
41387
41392
41396
41400
41403
41415
41436
41444
41478
41479
41486
41497
41498
41505
41513
41522
41525
41527
41529
41537
41544
41562
41574
41586
41589
41594
41601
41610
41618
41626
41631
41635
41657
41659
41682
41691
41694
41727
41731
41746
41751
41757
41787
41800
41818
41825
41831
41832
41840
41850
41851
41864
41865
41871
41873
41922
41937
41942
41944
41957
41960
41963
41973
41978
41995
41998
42003
42032
42034
42038
42046
42075
42078
42082
42106
42156
42161
42171
42172
42185
42192
42203
42212
42229
42235
42236
42242
42247
42262
42267
42272
42274
42276
42282
42284
42316
42329
42337
42347
42348
42356
42369
42370
42376
42381
42390
42391
42411
42413
42429
42436
42440
42446
42465
42478
42486
42501
42519
42525
42531
42533
42537
42566
42570
42573
42614
42636
42656
42664
42667
42668
42681
42688
42716
42720
42748
42751
42766
42779
42798
42804
42813
42827
42866
42871
42872
42877
42886
42887
42896
42901
42907
42915
42917
42924
42929
42945
42951
42952
42957
42958
42964
42977
42980
42988
43002
43009
43013
43016
43022
43034
43047
43049
43091
43094
43106
43136
43141
43142
43147
43150
43161
43187
43190
43203
43222
43242
43246
43255
43261
43278
43279
43296
43313
43330
43331
43344
43352
43354
43358
43360
43370
43377
43379
43380
43384
43385
43391
43396
43412
43414
43428
43442
43445
43447
43464
43478
43483
43494
43496
43501
43512
43514
43520
43526
43528
43537
43559
43560
43563
43567
43581
43587
43594
43624
43625
43627
43634
43647
43652
43654
43672
43681
43687
43695
43698
43701
43718
43720
43745
43747
43768
43774
43776
43787
43796
43803
43811
43821
43822
43842
43845
43856
43859
43864
43865
43867
43881
43882
43901
43909
43947
43954
43961
43967
43968
43974
43977
44021
44022
44038
44073
44077
44079
44081
44082
44083
44086
44088
44093
44101
44106
44110
44127
44137
44143
44148
44171
44191
44214
44227
44228
44234
44235
44244
44269
44270
44274
44285
44289
44293
44303
44314
44318
44326
44342
44365
44375
44395
44396
44413
44429
44435
44447
44451
44455
44456
44478
44518
44523
44525
44535
44547
44569
44571
44596
44597
44628
44631
44653
44662
44668
44676
44681
44683
44684
44686
44700
44708
44721
44735
44759
44769
44771
44788
44792
44801
44806
44812
44813
44817
44818
44822
44824
44853
44854
44870
44872
44905
44914
44927
44933
44937
44946
44954
44971
44975
44986
44991
45003
45005
45014
45016
45019
45024
45027
45031
45032
45048
45051
45066
45104
45105
45119
45121
45136
45138
45144
45149
45161
45166
45171
45182
45189
45193
45198
45202
45204
45205
45207
45212
45221
45225
45234
45241
45245
45252
45254
45255
45262
45276
45281
45282
45287
45297
45299
45300
45302
45305
45307
45316
45336
45340
45341
45347
45349
45360
45390
45402
45427
45440
45442
45444
45446
45450
45461
45482
45483
45486
45515
45526
45545
45554
45555
45558
45560
45572
45587
45588
45591
45609
45611
45623
45624
45632
45651
45652
45670
45672
45679
45690
45700
45701
45708
45719
45724
45738
45745
45747
45754
45761
45769
45777
45786
45788
45799
45817
45820
45821
45823
45827
45840
45844
45848
45858
45860
45869
45880
45883
45886
45891
45892
45907
45908
45910
45911
45917
45918
45942
45956
45972
45986
45988
45994
46004
46009
46014
46022
46025
46029
46031
46033
46037
46038
46058
46080
46095
46096
46103
46112
46121
46123
46138
46144
46154
46158
46165
46167
46175
46189
46201
46210
46213
46235
46243
46245
46248
46250
46254
46262
46276
46283
46293
46297
46316
46338
46339
46342
46345
46364
46384
46393
46396
46398
46402
46404
46416
46417
46423
46424
46426
46427
46437
46438
46443
46447
46454
46457
46461
46474
46480
46490
46491
46497
46512
46532
46549
46562
46582
46597
46598
46600
46617
46619
46627
46641
46649
46666
46672
46681
46701
46704
46714
46719
46727
46735
46738
46743
46748
46751
46758
46767
46769
46777
46779
46791
46796
46802
46805
46813
46823
46841
46843
46848
46854
46880
46896
46902
46908
46920
46927
46937
46939
46941
46943
46952
46965
46986
46987
46994
47014
47016
47033
47035
47040
47048
47050
47055
47056
47060
47061
47062
47063
47074
47079
47095
47105
47107
47110
47115
47120
47131
47132
47136
47144
47181
47227
47234
47259
47286
47287
47297
47298
47300
47304
47305
47306
47319
47325
47331
47342
47360
47361
47363
47365
47374
47386
47387
47389
47395
47400
47406
47412
47419
47422
47426
47429
47431
47448
47452
47455
47461
47462
47476
47477
47480
47485
47491
47493
47495
47497
47500
47502
47505
47510
47519
47548
47552
47554
47555
47559
47562
47567
47578
47579
47582
47586
47589
47597
47601
47610
47611
47614
47638
47640
47648
47671
47685
47699
47704
47705
47713
47716
47729
47742
47748
47760
47780
47789
47794
47796
47816
47820
47829
47842
47849
47857
47859
47866
47869
47873
47891
47906
47909
47917
47999
48002
48015
48023
48026
48030
48035
48037
48047
48063
48073
48077
48087
48088
48093
48096
48103
48108
48110
48112
48146
48149
48160
48163
48169
48174
48175
48180
48181
48198
48206
48210
48239
48241
48250
48259
48291
48303
48304
48305
48319
48320
48325
48334
48347
48348
48364
48384
48394
48402
48411
48412
48414
48416
48418
48423
48455
48458
48483
48491
48499
48505
48510
48511
48512
48515
48516
48528
48539
48540
48546
48548
48557
48559
48563
48565
48569
48570
48576
48587
48589
48590
48594
48595
48607
48618
48633
48635
48641
48646
48656
48670
48673
48680
48686
48687
48690
48692
48699
48716
48717
48720
48721
48737
48752
48774
48777
48778
48783
48784
48790
48792
48799
48814
48859
48860
48865
48881
48886
48889
48898
48909
48912
48923
48925
48927
48928
48948
48952
48956
48967
48985
48992
48998
49024
49028
49032
49033
49034
49037
49045
49068
49079
49080
49083
49088
49090
49094
49095
49098
49105
49109
49112
49127
49128
49139
49145
49147
49150
49151
49153
49161
49162
49163
49171
49177
49192
49197
49200
49201
49226
49230
49232
49241
49247
49248
49253
49254
49272
49274
49275
49290
49297
49304
49309
49320
49325
49346
49357
49361
49363
49372
49376
49391
49394
49396
49401
49402
49403
49410
49435
49459
49460
49471
49472
49476
49488
49490
49494
49505
49508
49535
49542
49550
49553
49559
49561
49568
49579
49581
49583
49589
49595
49603
49614
49622
49643
49644
49648
49655
49661
49663
49691
49697
49711
49717
49723
49726
49732
49747
49763
49775
49781
49790
49817
49823
49824
49834
49843
49847
49860
49877
49895
49897
49898
49908
49909
49911
49919
49922
49924
49930
49931
49942
49945
49948
49961
49968
49973
49977
49978
49985
49987
