4
6
8
11
16
22
38
49
55
56
58
76
84
96
98
100
104
105
106
123
137
147
148
155
157
159
161
164
166
169
175
176
177
180
186
199
202
203
204
205
210
212
215
219
223
225
230
231
247
248
250
253
254
255
256
262
263
265
271
272
279
310
312
320
322
326
334
340
345
348
355
356
364
376
387
389
401
405
408
414
425
428
431
437
441
448
455
460
465
466
481
482
488
489
490
495
506
512
518
520
523
528
537
538
541
552
556
558
564
565
580
584
588
593
604
612
614
617
630
632
634
641
642
645
646
649
654
656
657
660
669
679
680
683
688
700
702
705
708
712
717
721
732
747
751
752
755
758
759
775
779
780
782
790
793
794
796
799
803
808
809
811
813
815
816
819
826
827
831
835
837
841
843
846
852
854
858
859
861
862
876
887
889
890
904
912
913
914
916
934
935
943
965
967
973
977
982
986
987
1001
1002
1005
1009
1027
1030
1031
1045
1059
1061
1063
1072
1098
1099
1106
1109
1111
1114
1115
1119
1134
1153
1157
1172
1177
1180
1186
1189
1192
1198
1201
1220
1221
1223
1224
1230
1234
1236
1238
1239
1246
1247
1253
1255
1256
1257
1258
1259
1260
1265
1267
1282
1297
1301
1302
1303
1308
1313
1322
1323
1327
1334
1341
1344
1349
1351
1357
1373
1375
1385
1387
1389
1394
1395
1401
1405
1407
1416
1421
1423
1424
1428
1436
1442
1456
1457
1475
1477
1488
1489
1504
1511
1513
1518
1530
1533
1537
1538
1542
1543
1545
1546
1547
1552
1555
1558
1560
1568
1575
1581
1583
1586
1588
1589
1594
1598
1601
1606
1616
1626
1635
1637
1638
1641
1646
1659
1669
1675
1679
1684
1688
1696
1702
1705
1721
1724
1732
1735
1752
1756
1763
1765
1772
1774
1778
1779
1789
1791
1793
1794
1799
1800
1805
1809
1822
1823
1842
1848
1852
1857
1872
1876
1879
1882
1896
1899
1903
1904
1908
1918
1919
1928
1943
1948
1950
1952
1963
1973
1974
1985
1989
1994
1996
1999
2001
2007
2009
2023
2026
2030
2040
2045
2060
2068
2070
2071
2074
2079
2092
2097
2104
2114
2121
2124
2155
2157
2160
2162
2164
2165
2167
2171
2182
2187
2190
2191
2203
2207
2209
2212
2216
2217
2221
2232
2244
2245
2246
2257
2260
2265
2268
2274
2276
2277
2285
2288
2290
2293
2297
2303
2306
2313
2315
2319
2325
2330
2331
2337
2342
2344
2348
2358
2360
2363
2364
2370
2376
2380
2384
2393
2397
2398
2401
2407
2408
2442
2448
2451
2459
2460
2463
2465
2474
2477
2485
2488
2503
2508
2509
2510
2519
2523
2525
2541
2542
2543
2547
2549
2552
2555
2557
2559
2560
2565
2570
2577
2582
2584
2587
2588
2590
2594
2595
2604
2608
2610
2614
2617
2623
2625
2629
2632
2633
2634
2635
2644
2646
2650
2655
2658
2673
2682
2696
2699
2700
2709
2718
2721
2724
2729
2730
2731
2734
2736
2745
2747
2754
2757
2760
2765
2774
2775
2782
2783
2794
2795
2797
2799
2804
2836
2840
2843
2851
2852
2875
2876
2878
2881
2885
2889
2894
2899
2903
2907
2914
2921
2926
2929
2933
2948
2951
2956
2957
2958
2975
2976
2977
2979
2981
2983
2989
2990
2994
3001
3003
3006
3008
3013
3016
3023
3024
3030
3033
3035
3036
3037
3039
3043
3048
3053
3058
3062
3063
3073
3079
3083
3084
3091
3092
3094
3101
3106
3117
3119
3121
3123
3124
3131
3137
3138
3140
3148
3150
3159
3160
3164
3171
3198
3200
3202
3203
3206
3208
3209
3218
3224
3225
3227
3232
3235
3241
3252
3259
3266
3272
3273
3274
3283
3284
3302
3304
3309
3320
3324
3326
3329
3337
3353
3368
3370
3373
3380
3381
3387
3389
3390
3393
3400
3404
3406
3407
3411
3412
3417
3426
3430
3434
3436
3441
3443
3452
3458
3462
3464
3467
3475
3480
3497
3507
3514
3525
3526
3535
3543
3559
3570
3576
3580
3583
3586
3590
3603
3615
3616
3627
3638
3644
3645
3655
3659
3662
3675
3678
3681
3683
3684
3688
3689
3698
3701
3704
3708
3734
3740
3749
3751
3756
3760
3762
3764
3766
3769
3770
3772
3777
3778
3781
3782
3783
3789
3790
3791
3795
3806
3807
3812
3818
3821
3824
3826
3827
3832
3842
3843
3844
3852
3856
3857
3865
3866
3868
3887
3895
3908
3909
3917
3918
3921
3923
3929
3936
3937
3947
3948
3950
3956
3958
3975
3977
3986
3994
4002
4003
4004
4009
4010
4012
4015
4019
4020
4025
4034
4035
4036
4039
4042
4045
4058
4065
4073
4074
4075
4082
4090
4094
4104
4107
4111
4115
4116
4135
4136
4139
4141
4142
4143
4158
4164
4171
4175
4176
4184
4187
4189
4190
4197
4198
4203
4209
4224
4231
4237
4240
4251
4252
4253
4256
4262
4271
4280
4283
4290
4294
4311
4319
4328
4343
4345
4352
4360
4364
4373
4375
4381
4382
4387
4394
4398
4400
4405
4409
4413
4415
4421
4428
4437
4441
4445
4447
4449
4454
4456
4470
4473
4481
4483
4489
4493
4498
4501
4509
4514
4518
4528
4536
4538
4541
4548
4551
4558
4559
4562
4570
4578
4580
4581
4582
4603
4610
4611
4612
4613
4616
4621
4623
4624
4626
4627
4630
4640
4642
4644
4648
4656
4670
4697
4698
4707
4712
4718
4723
4733
4741
4742
4751
4754
4755
4756
4757
4760
4763
4769
4773
4775
4778
4784
4787
4788
4804
4807
4812
4816
4820
4821
4824
4826
4832
4840
4843
4853
4869
4870
4882
4885
4897
4906
4911
4916
4926
4940
4951
4957
4961
4967
4982
4986
4987
4998
4999
5007
5021
5037
5039
5040
5051
5057
5064
5077
5092
5098
5105
5120
5128
5131
5134
5135
5141
5142
5149
5158
5171
5172
5183
5184
5186
5192
5206
5212
5228
5234
5239
5243
5255
5256
5257
5258
5264
5265
5267
5278
5282
5283
5295
5298
5304
5305
5313
5317
5321
5326
5349
5369
5398
5399
5407
5410
5419
5423
5434
5444
5457
5460
5463
5468
5472
5479
5489
5493
5501
5508
5513
5517
5519
5520
5523
5526
5527
5535
5538
5542
5546
5555
5559
5561
5565
5567
5574
5575
5582
5604
5606
5612
5614
5628
5630
5634
5637
5655
5658
5662
5665
5673
5676
5678
5679
5688
5691
5695
5700
5744
5773
5781
5786
5788
5789
5799
5812
5821
5829
5831
5832
5837
5840
5845
5853
5855
5856
5888
5896
5899
5901
5907
5935
5936
5939
5944
5955
5963
5968
5974
5976
5979
5980
5984
5987
5992
6001
6009
6012
6015
6035
6053
6078
6079
6080
6084
6086
6093
6100
6120
6125
6127
6128
6130
6134
6137
6148
6152
6161
6164
6169
6176
6182
6189
6190
6195
6200
6207
6231
6238
6261
6266
6290
6291
6300
6302
6304
6307
6315
6332
6349
6354
6356
6360
6361
6363
6384
6409
6419
6428
6447
6448
6454
6467
6487
6491
6500
6503
6506
6520
6529
6532
6537
6551
6554
6575
6609
6624
6626
6637
6642
6660
6663
6664
6665
6668
6669
6680
6689
6700
6709
6728
6736
6737
6738
6748
6754
6758
6762
6768
6770
6776
6783
6787
6791
6806
6809
6818
6829
6843
6849
6852
6854
6860
6861
6866
6876
6878
6879
6880
6885
6886
6890
6895
6907
6909
6915
6918
6919
6921
6925
6926
6933
6936
6949
6950
6952
6957
6966
6981
6994
6996
7000
7001
7003
7005
7009
7011
7028
7029
7049
7060
7063
7074
7076
7082
7085
7099
7100
7101
7103
7104
7114
7115
7116
7129
7131
7139
7149
7156
7158
7212
7219
7222
7223
7233
7235
7250
7254
7260
7278
7282
7283
7291
7294
7296
7301
7305
7314
7316
7317
7327
7336
7338
7341
7351
7358
7362
7366
7375
7384
7392
7398
7406
7419
7421
7429
7449
7451
7452
7453
7459
7467
7469
7479
7486
7498
7502
7520
7525
7536
7542
7544
7547
7551
7559
7574
7620
7626
7632
7636
7642
7643
7663
7671
7678
7687
7697
7700
7704
7706
7711
7719
7729
7742
7744
7746
7750
7759
7762
7778
7797
7811
7812
7830
7839
7850
7853
7857
7858
7863
7872
7876
7878
7881
7885
7888
7894
7906
7919
7923
7926
7928
7932
7934
7944
7945
7951
7954
7966
7967
7968
7972
7977
7992
7997
8005
8010
8018
8030
8034
8035
8041
8051
8071
8080
8088
8092
8108
8111
8120
8122
8125
8130
8131
8134
8136
8140
8143
8146
8147
8154
8161
8163
8169
8171
8190
8196
8205
8210
8217
8224
8233
8237
8238
8243
8258
8264
8266
8269
8272
8278
8280
8281
8288
8304
8307
8319
8327
8336
8363
8406
8419
8427
8436
8446
8460
8466
8475
8476
8487
8493
8504
8531
8539
8548
8549
8550
8566
8580
8589
8593
8594
8601
8604
8605
8610
8613
8622
8628
8641
8643
8647
8650
8661
8664
8674
8677
8709
8716
8720
8738
8742
8772
8776
8781
8783
8785
8789
8808
8814
8815
8816
8818
8826
8827
8836
8841
8843
8844
8845
8846
8849
8855
8861
8864
8867
8868
8873
8876
8888
8890
8895
8896
8897
8907
8908
8921
8923
8928
8940
8941
8946
8947
8951
8957
8965
8971
8973
8980
8988
8990
8992
8998
9003
9011
9016
9024
9029
9032
9036
9045
9052
9068
9069
9086
9091
9096
9102
9104
9120
9139
9142
9150
9161
9164
9187
9189
9209
9216
9222
9244
9248
9250
9251
9261
9263
9269
9271
9277
9278
9281
9284
9290
9300
9306
9315
9316
9334
9339
9342
9356
9369
9382
9385
9391
9394
9396
9403
9420
9426
9444
9447
9451
9453
9454
9455
9465
9470
9493
9494
9505
9509
9513
9521
9524
9529
9533
9541
9543
9548
9557
9562
9563
9568
9572
9573
9576
9578
9583
9588
9601
9610
9612
9628
9643
9648
9649
9653
9659
9666
9680
9703
9704
9712
9728
9729
9736
9738
9746
9748
9750
9753
9760
9763
9768
9788
9796
9801
9805
9813
9815
9820
9822
9826
9834
9836
9853
9870
9875
9886
9896
9897
9914
9924
9940
9941
9945
9946
9953
9955
9962
9964
9965
9970
9994
9997
9999
10004
10006
10007
10008
10009
10010
10013
10015
10017
10026
10031
10032
10033
10034
10038
10039
10045
10048
10050
10051
10054
10058
10059
10063
10068
10069
10075
10076
10079
10080
10081
10083
10084
10086
10092
10095
10096
10097
10098
10099
10101
10109
10110
10118
10119
10127
10131
10133
10134
10146
10147
10148
10152
10153
10155
10159
10164
10167
10171
10173
10178
10182
10184
10189
10191
10198
10204
10205
10206
10207
10208
10210
10211
10213
10214
10215
10217
10223
10232
10236
10237
10240
10246
10247
10251
10252
10256
10261
10263
10265
10269
10270
10272
10273
10278
10279
10280
10282
10293
10294
10295
10296
10300
10302
10304
10311
10313
10315
10316
10319
10322
10324
10325
10327
10328
10331
10334
10337
10347
10348
10349
10351
10353
10354
10361
10362
10363
10364
10367
10368
10371
10373
10377
10382
10385
10389
10394
10399
10400
10403
10409
10412
10413
10416
10417
10421
10422
10424
10425
10427
10431
10434
10438
10439
10446
10447
10450
10452
10453
10457
10458
10460
10462
10465
10466
10467
10469
10472
10474
10475
10478
10482
10484
10491
10496
10499
10502
10504
10505
10506
10512
10513
10516
10519
10520
10523
10527
10528
10532
10534
10536
10537
10538
10547
10552
10553
10562
10567
10576
10577
10580
10587
10592
10595
10596
10598
10602
10605
10606
10607
10608
10609
10610
10612
10613
10618
10619
10620
10622
10624
10625
10627
10631
10632
10635
10637
10638
10641
10643
10646
10649
10650
10655
10657
10658
10665
10668
10674
10675
10679
10680
10681
10682
10684
10686
10689
10691
10692
10695
10701
10704
10706
10708
10710
10712
10724
10726
10730
10731
10732
10739
10740
10742
10743
10746
10749
10752
10753
10755
10758
10760
10762
10765
10768
10769
10779
10780
10781
10783
10786
10788
10790
10794
10797
10801
10802
10803
10805
10809
10810
10811
10812
10813
10816
10818
10820
10823
10824
10836
10837
10844
10849
10850
10853
10854
10855
10856
10857
10861
10865
10875
10881
10883
10884
10889
10890
10892
10893
10894
10900
10902
10905
10906
10912
10918
10920
10922
10925
10926
10927
10929
10932
10935
10939
10945
10950
10953
10963
10969
10972
10973
10976
10980
10982
10983
10984
10986
10987
10990
10991
10995
11000
11001
11002
11003
11006
11007
11008
11011
11013
11016
11018
11019
11022
11024
11025
11028
11031
11033
11037
11039
11041
11042
11044
11045
11049
11051
11053
11054
11061
11063
11064
11065
11066
11067
11069
11070
11073
11074
11075
11076
11083
11084
11085
11089
11094
11097
11098
11105
11106
11108
11113
11114
11118
11120
11122
11129
11130
11134
11135
11137
11140
11141
11145
11146
11149
11158
11163
11164
11166
11172
11174
11175
11178
11180
11181
11183
11186
11189
11192
11197
11203
11205
11208
11211
11215
11216
11217
11223
11225
11226
11227
11230
11232
11233
11235
11237
11238
11247
11249
11251
11252
11256
11259
11261
11262
11265
11269
11275
11279
11283
11284
11287
11288
11289
11292
11298
11300
11302
11306
11308
11315
11316
11317
11318
11323
11324
11326
11328
11331
11333
11339
11340
11342
11343
11357
11359
11361
11364
11370
11372
11375
11378
11380
11382
11387
11390
11393
11398
11399
11401
11407
11409
11411
11412
11417
11419
11422
11424
11425
11426
11435
11436
11439
11440
11445
11446
11447
11458
11462
11463
11464
11465
11467
11470
11473
11476
11479
11484
11486
11487
11493
11494
11497
11504
11511
11517
11521
11525
11527
11534
11542
11545
11547
11548
11549
11553
11554
11555
11560
11561
11563
11565
11573
11576
11582
11583
11589
11593
11596
11599
11601
11602
11603
11605
11607
11608
11610
11611
11615
11617
11621
11631
11632
11633
11634
11642
11645
11648
11650
11653
11657
11664
11666
11667
11668
11669
11670
11673
11676
11683
11686
11688
11694
11695
11696
11697
11698
11699
11700
11701
11702
11707
11713
11717
11718
11723
11724
11725
11726
11730
11739
11740
11741
11743
11745
11747
11748
11754
11764
11765
11767
11768
11769
11770
11773
11774
11775
11776
11779
11781
11782
11786
11788
11790
11796
11798
11805
11809
11811
11812
11813
11814
11820
11823
11824
11826
11828
11832
11833
11836
11842
11849
11852
11853
11856
11860
11863
11864
11865
11866
11867
11868
11870
11872
11873
11875
11887
11889
11890
11892
11893
11894
11895
11899
11901
11902
11910
11913
11917
11918
11920
11927
11929
11930
11931
11933
11935
11939
11940
11941
11942
11947
11948
11950
11952
11953
11954
11955
11956
11960
11962
11963
11964
11966
11967
11971
11978
11979
11981
11982
11983
11985
11988
11989
11991
11992
11993
11994
11998
12001
12003
12008
12011
12012
12014
12017
12021
12022
12025
12026
12032
12033
12040
12042
12043
12044
12050
12051
12052
12054
12055
12059
12061
12062
12063
12065
12070
12077
12078
12079
12082
12084
12088
12096
12098
12100
12101
12103
12108
12109
12110
12113
12114
12119
12120
12121
12123
12124
12128
12132
12134
12135
12138
12139
12140
12142
12146
12148
12149
12155
12157
12164
12171
12174
12181
12184
12185
12187
12188
12190
12193
12194
12200
12201
12202
12204
12209
12214
12215
12217
12218
12219
12220
12221
12225
12226
12228
12232
12238
12242
12243
12244
12248
12252
12253
12255
12259
12261
12270
12272
12275
12276
12277
12280
12281
12284
12289
12291
12292
12303
12305
12306
12308
12309
12314
12315
12316
12317
12318
12320
12325
12328
12338
12339
12344
12346
12352
12357
12358
12363
12366
12368
12370
12371
12373
12377
12380
12382
12386
12389
12390
12398
12405
12406
12407
12411
12412
12413
12415
12417
12418
12423
12424
12425
12426
12434
12437
12438
12439
12441
12443
12444
12448
12453
12454
12456
12457
12458
12459
12461
12462
12466
12469
12470
12471
12472
12474
12475
12476
12479
12482
12484
12487
12492
12500
12501
12502
12505
12506
12509
12510
12513
12514
12515
12523
12529
12530
12531
12532
12533
12538
12542
12549
12551
12552
12555
12560
12561
12563
12571
12572
12574
12576
12579
12581
12586
12587
12588
12590
12591
12592
12593
12595
12601
12604
12605
12607
12608
12609
12610
12613
12625
12626
12628
12629
12631
12637
12638
12640
12647
12648
12650
12651
12653
12654
12655
12657
12658
12660
12661
12663
12664
12674
12682
12687
12688
12690
12698
12701
12703
12704
12706
12715
12717
12718
12720
12722
12729
12732
12733
12737
12743
12746
12747
12750
12756
12757
12761
12766
12767
12769
12772
12775
12777
12780
12781
12786
12789
12796
12801
12803
12807
12808
12809
12813
12819
12820
12821
12822
12823
12826
12828
12832
12833
12834
12835
12837
12839
12840
12841
12842
12843
12844
12848
12853
12854
12855
12856
12857
12858
12859
12861
12867
12868
12871
12872
12875
12878
12887
12889
12890
12894
12897
12901
12904
12908
12910
12911
12913
12916
12923
12924
12928
12929
12932
12937
12938
12939
12940
12941
12944
12947
12952
12955
12958
12959
12960
12962
12963
12966
12969
12970
12973
12975
12977
12978
12983
12984
12985
12986
12987
12989
12990
12994
12999
13001
13007
13008
13009
13011
13013
13015
13019
13020
13029
13030
13033
13036
13037
13040
13041
13042
13047
13050
13053
13054
13055
13060
13061
13062
13064
13070
13072
13077
13082
13083
13092
13094
13097
13098
13099
13100
13101
13104
13119
13120
13121
13122
13126
13127
13129
13130
13134
13138
13139
13140
13141
13147
13149
13151
13152
13154
13155
13157
13159
13161
13162
13165
13170
13178
13181
13182
13183
13184
13185
13192
13193
13198
13204
13205
13208
13209
13211
13212
13216
13223
13225
13228
13231
13235
13238
13239
13242
13244
13245
13248
13253
13256
13258
13265
13271
13272
13276
13278
13282
13287
13290
13291
13297
13301
13305
13306
13311
13314
13315
13316
13318
13321
13323
13324
13325
13327
13328
13333
13337
13339
13341
13342
13345
13348
13349
13352
13355
13356
13359
13360
13362
13363
13365
13369
13371
13374
13384
13385
13386
13388
13390
13393
13395
13402
13404
13407
13408
13417
13418
13420
13422
13425
13426
13427
13428
13429
13430
13434
13437
13442
13444
13445
13449
13452
13454
13464
13465
13471
13472
13475
13480
13482
13484
13485
13490
13494
13495
13501
13504
13506
13510
13515
13519
13521
13523
13525
13528
13529
13530
13531
13535
13536
13537
13540
13542
13548
13549
13553
13555
13556
13557
13558
13559
13569
13574
13576
13577
13579
13580
13583
13586
13594
13598
13599
13602
13603
13605
13613
13616
13619
13620
13621
13622
13623
13627
13629
13630
13637
13639
13643
13644
13646
13652
13653
13656
13659
13662
13663
13664
13668
13671
13673
13675
13683
13684
13687
13688
13695
13696
13698
13699
13700
13704
13705
13706
13714
13717
13718
13720
13722
13723
13727
13730
13734
13735
13736
13737
13740
13741
13743
13744
13745
13746
13747
13750
13752
13759
13760
13762
13768
13769
13770
13771
13773
13775
13777
13779
13781
13784
13786
13788
13790
13791
13794
13796
13801
13804
13808
13817
13818
13821
13823
13824
13825
13826
13827
13829
13830
13835
13836
13840
13843
13845
13846
13849
13853
13854
13855
13858
13864
13866
13869
13870
13872
13875
13879
13881
13884
13886
13888
13896
13901
13904
13917
13919
13920
13921
13928
13931
13933
13935
13936
13938
13939
13940
13941
13942
13945
13948
13952
13959
13964
13965
13968
13970
13974
13980
13982
13984
13989
13990
13992
13994
13996
13997
14005
14006
14010
14011
14013
14014
14016
14021
14022
14026
14028
14031
14033
14036
14037
14038
14042
14043
14047
14056
14062
14064
14067
14072
14073
14074
14081
14085
14086
14088
14090
14093
14094
14097
14099
14101
14108
14109
14112
14114
14115
14120
14125
14126
14127
14128
14131
14134
14137
14138
14141
14142
14146
14152
14156
14159
14162
14164
14169
14170
14171
14176
14178
14181
14183
14189
14190
14192
14194
14195
14196
14197
14199
14200
14201
14203
14205
14213
14214
14217
14221
14222
14223
14226
14229
14232
14234
14235
14239
14242
14244
14249
14251
14253
14257
14259
14260
14262
14263
14264
14269
14270
14277
14280
14284
14287
14288
14290
14294
14297
14298
14301
14305
14310
14311
14313
14314
14316
14319
14323
14327
14328
14330
14331
14332
14333
14338
14343
14344
14348
14350
14351
14355
14358
14359
14362
14365
14368
14380
14381
14383
14384
14385
14387
14389
14391
14392
14395
14396
14399
14400
14401
14404
14407
14408
14409
14411
14412
14415
14416
14417
14421
14422
14424
14428
14432
14433
14435
14440
14444
14445
14446
14449
14450
14451
14453
14458
14459
14460
14462
14464
14465
14469
14473
14476
14479
14488
14491
14492
14493
14494
14495
14497
14501
14502
14503
14510
14511
14514
14515
14518
14520
14532
14534
14540
14542
14547
14548
14549
14550
14551
14559
14562
14563
14567
14570
14572
14575
14578
14581
14582
14584
14586
14588
14591
14593
14594
14596
14598
14599
14600
14601
14602
14606
14608
14610
14611
14615
14616
14618
14621
14622
14624
14625
14627
14630
14631
14633
14634
14637
14642
14645
14649
14651
14652
14654
14656
14659
14660
14663
14667
14669
14673
14677
14678
14680
14683
14684
14688
14690
14691
14693
14698
14699
14702
14704
14705
14707
14715
14716
14717
14721
14722
14726
14728
14730
14738
14740
14742
14746
14751
14752
14753
14754
14764
14765
14766
14769
14770
14772
14773
14779
14782
14784
14785
14789
14790
14792
14793
14795
14796
14799
14800
14801
14803
14805
14808
14810
14813
14815
14820
14822
14824
14825
14826
14827
14829
14830
14831
14833
14837
14838
14839
14840
14842
14846
14848
14853
14854
14855
14856
14859
14863
14872
14874
14876
14877
14878
14879
14884
14885
14889
14890
14892
14896
14897
14898
14902
14903
14908
14909
14910
14911
14912
14914
14933
14934
14938
14939
14941
14942
14943
14945
14948
14953
14954
14956
14957
14959
14962
14963
14965
14967
14974
14976
14978
14979
14981
14983
14985
14987
14989
14990
14991
14995
14998
14999
15000
15002
15003
15004
15006
15007
15009
15010
15011
15012
15014
15015
15019
15020
15021
15023
15025
15026
15027
15029
15030
15031
15032
15034
15035
15036
15037
15039
15040
15042
15043
15044
15046
15047
15048
15051
15053
15054
15056
15059
15060
15061
15062
15063
15064
15066
15068
15069
15070
15072
15073
15075
15078
15080
15082
15083
15084
15085
15086
15087
15088
15090
15092
15093
15094
15095
15096
15097
15098
15099
15102
15103
15104
15105
15107
15108
15109
15111
15113
15115
15116
15117
15119
15120
15121
15122
15123
15124
15125
15126
15128
15130
15131
15132
15133
15135
15137
15138
15142
15143
15144
15145
15146
15148
15150
15151
15153
15155
15156
15157
15158
15159
15161
15162
15164
15170
15173
15174
15176
15177
15178
15179
15181
15182
15183
15184
15185
15187
15188
15190
15191
15192
15195
15196
15198
15200
15206
15207
15209
15211
15215
15216
15217
15218
15219
15220
15221
15223
15225
15227
15229
15232
15235
15236
15237
15239
15240
15244
15245
15247
15248
15249
15251
15254
15257
15262
15263
15265
15266
15267
15269
15270
15271
15273
15274
15276
15277
15278
15279
15280
15281
15287
15288
15289
15291
15293
15294
15296
15297
15298
15299
15301
15303
15304
15305
15308
15310
15311
15312
15313
15316
15317
15319
15321
15326
15329
15330
15333
15335
15338
15341
15343
15344
15345
15346
15348
15350
15351
15352
15353
15354
15355
15356
15359
15361
15362
15363
15366
15367
15369
15371
15372
15374
15375
15376
15378
15379
15380
15381
15382
15383
15384
15385
15389
15392
15394
15395
15396
15397
15398
15399
15400
15402
15404
15405
15406
15407
15408
15409
15410
15411
15413
15415
15416
15417
15418
15422
15423
15424
15425
15426
15427
15429
15431
15432
15433
15434
15436
15437
15438
15440
15442
15444
15446
15448
15451
15452
15453
15454
15456
15457
15458
15462
15464
15466
15468
15469
15470
15471
15474
15475
15476
15477
15478
15479
15480
15483
15484
15486
15487
15491
15492
15493
15494
15496
15498
15502
15503
15504
15505
15506
15509
15510
15511
15512
15515
15518
15520
15521
15522
15523
15524
15527
15528
15529
15532
15535
15537
15538
15539
15541
15545
15547
15550
15551
15553
15555
15556
15557
15558
15559
15560
15561
15562
15563
15564
15566
15567
15568
15570
15571
15572
15574
15575
15582
15583
15584
15585
15586
15587
15589
15592
15593
15594
15601
15605
15607
15608
15609
15610
15611
15612
15613
15614
15616
15619
15620
15621
15622
15623
15625
15627
15630
15631
15632
15634
15635
15636
15638
15640
15642
15644
15645
15652
15653
15655
15657
15659
15660
15663
15664
15667
15668
15669
15670
15674
15676
15678
15679
15680
15683
15684
15685
15688
15689
15691
15692
15693
15695
15696
15702
15703
15705
15706
15707
15708
15709
15711
15713
15714
15715
15717
15721
15722
15723
15724
15726
15727
15728
15729
15730
15731
15732
15733
15734
15735
15737
15739
15740
15741
15743
15745
15746
15749
15750
15752
15754
15758
15760
15761
15762
15765
15766
15767
15768
15769
15770
15771
15772
15773
15775
15777
15778
15779
15780
15781
15782
15783
15784
15785
15786
15788
15789
15790
15792
15793
15797
15799
15800
15801
15802
15803
15804
15805
15806
15807
15809
15810
15812
15813
15814
15817
15819
15825
15826
15827
15829
15830
15833
15834
15838
15839
15840
15842
15843
15844
15845
15847
15849
15850
15852
15853
15854
15855
15856
15857
15858
15863
15865
15866
15867
15870
15871
15876
15878
15881
15882
15886
15888
15889
15890
15891
15892
15893
15894
15897
15898
15899
15900
15901
15904
15905
15906
15910
15915
15917
15918
15922
15923
15925
15927
15929
15930
15932
15936
15937
15938
15940
15942
15943
15946
15947
15948
15949
15950
15952
15954
15955
15956
15957
15958
15959
15960
15962
15965
15966
15967
15970
15971
15974
15977
15978
15980
15981
15982
15983
15984
15986
15987
15988
15990
15991
15996
15998
15999
16001
16002
16003
16004
16011
16012
16014
16015
16017
16018
16019
16020
16021
16022
16023
16026
16027
16029
16030
16031
16033
16037
16044
16047
16048
16049
16050
16051
16052
16053
16055
16056
16057
16060
16061
16062
16065
16069
16070
16071
16072
16074
16075
16076
16077
16078
16084
16085
16087
16088
16090
16091
16094
16095
16096
16097
16098
16099
16100
16101
16104
16105
16106
16108
16109
16112
16114
16116
16118
16120
16121
16124
16125
16130
16131
16133
16134
16136
16138
16139
16140
16141
16143
16145
16149
16150
16151
16154
16155
16156
16157
16159
16160
16161
16162
16163
16164
16165
16166
16167
16169
16170
16172
16173
16175
16177
16178
16180
16184
16187
16188
16189
16190
16191
16192
16193
16197
16198
16199
16200
16201
16202
16203
16204
16205
16206
16207
16208
16210
16211
16213
16216
16217
16218
16220
16222
16225
16227
16229
16231
16232
16233
16234
16236
16237
16238
16239
16242
16243
16244
16246
16247
16249
16250
16253
16254
16255
16256
16257
16258
16259
16260
16261
16263
16265
16266
16267
16268
16271
16273
16274
16276
16279
16280
16281
16287
16288
16290
16291
16292
16293
16295
16297
16298
16299
16302
16303
16304
16307
16309
16314
16316
16317
16319
16320
16323
16324
16325
16326
16330
16331
16332
16333
16334
16336
16338
16339
16340
16342
16344
16346
16347
16348
16349
16353
16354
16356
16357
16359
16360
16361
16362
16363
16364
16365
16366
16367
16368
16371
16372
16375
16378
16379
16381
16382
16383
16384
16385
16386
16387
16390
16391
16392
16393
16394
16396
16399
16402
16403
16404
16405
16408
16409
16410
16411
16413
16414
16415
16418
16419
16420
16421
16422
16425
16427
16428
16429
16431
16432
16435
16436
16437
16440
16441
16443
16446
16447
16448
16451
16452
16454
16455
16456
16458
16459
16461
16463
16464
16467
16468
16470
16471
16472
16473
16474
16475
16477
16479
16480
16481
16482
16483
16484
16485
16487
16488
16489
16490
16492
16493
16494
16495
16497
16498
16499
16503
16504
16505
16507
16508
16509
16510
16512
16514
16515
16517
16521
16522
16523
16524
16528
16530
16532
16533
16541
16542
16543
16544
16546
16548
16549
16554
16556
16557
16558
16559
16561
16562
16563
16564
16566
16567
16569
16570
16572
16573
16574
16575
16578
16579
16580
16581
16582
16583
16585
16587
16590
16592
16593
16595
16597
16598
16606
16608
16609
16613
16614
16616
16617
16618
16621
16622
16624
16627
16628
16629
16630
16631
16633
16635
16638
16640
16642
16644
16645
16647
16648
16650
16652
16654
16655
16657
16658
16660
16661
16662
16663
16665
16666
16667
16668
16669
16670
16672
16673
16675
16678
16680
16681
16682
16684
16686
16687
16688
16689
16692
16696
16697
16698
16699
16701
16702
16705
16707
16708
16710
16711
16712
16713
16714
16715
16716
16717
16718
16722
16725
16726
16727
16729
16730
16731
16732
16733
16735
16736
16737
16739
16740
16741
16742
16743
16745
16747
16748
16750
16752
16753
16754
16756
16761
16762
16764
16765
16766
16768
16769
16770
16771
16772
16775
16782
16783
16785
16786
16789
16790
16791
16792
16799
16801
16802
16804
16805
16807
16810
16811
16812
16814
16815
16816
16817
16822
16823
16824
16826
16828
16829
16832
16833
16835
16836
16838
16840
16841
16842
16843
16845
16847
16850
16851
16853
16854
16857
16858
16860
16862
16863
16864
16866
16868
16869
16871
16877
16880
16882
16884
16885
16886
16887
16888
16889
16890
16892
16895
16896
16899
16900
16901
16902
16904
16905
16906
16907
16908
16913
16914
16915
16918
16919
16923
16925
16926
16927
16928
16931
16932
16933
16935
16937
16939
16940
16941
16942
16945
16946
16949
16950
16952
16955
16956
16957
16958
16959
16961
16962
16964
16967
16969
16973
16974
16976
16977
16978
16979
16980
16984
16985
16986
16988
16990
16991
16992
16993
16995
16996
16999
17000
17001
17002
17003
17004
17005
17006
17008
17009
17013
17014
17015
17016
17018
17019
17021
17022
17023
17024
17025
17027
17028
17029
17031
17032
17033
17034
17036
17037
17038
17040
17041
17044
17046
17047
17048
17049
17050
17052
17053
17054
17055
17057
17064
17066
17067
17068
17070
17071
17072
17073
17074
17076
17079
17086
17088
17089
17090
17091
17092
17093
17096
17100
17103
17105
17107
17108
17109
17111
17115
17116
17117
17119
17122
17123
17124
17126
17127
17128
17129
17130
17132
17138
17139
17140
17141
17142
17146
17147
17149
17150
17151
17154
17155
17156
17157
17159
17162
17163
17164
17165
17171
17172
17173
17174
17177
17180
17182
17183
17184
17185
17186
17187
17188
17189
17190
17191
17192
17193
17194
17195
17197
17198
17199
17201
17202
17203
17204
17207
17208
17209
17212
17214
17215
17216
17217
17218
17219
17221
17223
17224
17227
17230
17231
17232
17234
17236
17238
17239
17240
17242
17244
17246
17247
17248
17249
17250
17251
17252
17253
17254
17257
17261
17262
17263
17264
17265
17268
17270
17271
17273
17276
17277
17278
17280
17283
17284
17285
17287
17288
17289
17290
17292
17293
17294
17295
17296
17300
17301
17302
17306
17307
17309
17310
17312
17316
17318
17321
17322
17323
17324
17325
17327
17328
17329
17330
17332
17335
17342
17343
17344
17345
17347
17348
17349
17351
17354
17355
17356
17359
17361
17362
17363
17365
17366
17368
17369
17370
17371
17372
17373
17374
17376
17377
17378
17379
17380
17381
17385
17386
17387
17388
17389
17390
17391
17393
17394
17395
17396
17397
17398
17401
17403
17404
17406
17408
17409
17411
17413
17414
17415
17416
17417
17418
17423
17424
17425
17427
17428
17431
17432
17433
17435
17437
17440
17442
17448
17449
17450
17452
17453
17455
17459
17463
17464
17467
17468
17470
17471
17472
17473
17475
17478
17479
17480
17481
17482
17483
17484
17485
17487
17488
17490
17494
17495
17498
17499
17502
17503
17504
17505
17506
17507
17508
17509
17510
17511
17513
17515
17516
17517
17518
17521
17526
17527
17528
17529
17530
17531
17534
17538
17540
17541
17542
17546
17547
17548
17549
17551
17557
17558
17560
17561
17563
17564
17566
17568
17570
17571
17572
17573
17576
17577
17579
17580
17581
17583
17584
17585
17587
17589
17590
17594
17596
17597
17598
17599
17600
17604
17610
17614
17616
17617
17618
17622
17623
17625
17626
17627
17630
17631
17632
17637
17638
17640
17642
17645
17647
17648
17649
17650
17651
17652
17653
17654
17655
17657
17659
17663
17665
17666
17667
17669
17670
17671
17673
17675
17676
17677
17678
17679
17680
17683
17684
17685
17686
17687
17689
17691
17693
17694
17697
17700
17701
17702
17704
17706
17707
17709
17710
17712
17713
17714
17715
17718
17719
17721
17722
17723
17724
17725
17726
17729
17730
17731
17733
17734
17735
17737
17738
17739
17740
17741
17746
17747
17752
17753
17755
17756
17757
17758
17759
17760
17762
17763
17764
17765
17767
17770
17771
17772
17773
17774
17776
17779
17780
17782
17783
17786
17793
17795
17797
17798
17800
17801
17805
17806
17807
17808
17809
17812
17814
17815
17816
17817
17818
17820
17821
17822
17823
17824
17825
17826
17827
17828
17829
17830
17831
17834
17835
17836
17840
17841
17843
17844
17846
17848
17849
17850
17852
17855
17856
17857
17858
17859
17860
17864
17865
17868
17869
17870
17875
17876
17879
17880
17882
17886
17887
17891
17895
17896
17897
17898
17900
17904
17905
17907
17908
17909
17915
17917
17918
17919
17922
17923
17931
17932
17933
17937
17938
17939
17940
17942
17943
17945
17946
17947
17950
17951
17952
17953
17956
17957
17958
17959
17960
17961
17963
17965
17967
17968
17969
17970
17972
17973
17975
17976
17978
17979
17980
17981
17985
17986
17990
17991
17993
17994
17995
17997
17998
18000
18002
18007
18008
18009
18010
18014
18015
18018
18020
18023
18024
18025
18026
18027
18028
18029
18030
18036
18037
18038
18043
18044
18045
18046
18048
18049
18050
18052
18053
18056
18058
18059
18060
18063
18064
18065
18066
18067
18068
18069
18070
18072
18073
18074
18079
18081
18082
18083
18084
18087
18090
18091
18092
18094
18095
18096
18097
18101
18103
18104
18106
18110
18112
18115
18116
18122
18123
18124
18125
18126
18127
18128
18131
18132
18134
18136
18137
18138
18139
18141
18142
18145
18146
18147
18148
18149
18150
18151
18153
18154
18155
18157
18158
18160
18161
18163
18165
18166
18167
18168
18169
18170
18171
18174
18175
18176
18178
18179
18180
18181
18182
18184
18187
18188
18189
18190
18191
18192
18193
18194
18196
18197
18198
18199
18200
18201
18202
18203
18204
18206
18216
18219
18221
18222
18223
18224
18227
18228
18230
18232
18234
18235
18236
18237
18239
18241
18243
18249
18250
18251
18252
18253
18254
18255
18257
18258
18259
18261
18262
18264
18266
18267
18268
18269
18270
18272
18275
18280
18282
18283
18284
18285
18287
18288
18289
18290
18292
18295
18298
18299
18300
18301
18302
18303
18305
18306
18307
18309
18310
18311
18312
18314
18317
18321
18323
18325
18326
18327
18328
18330
18333
18334
18335
18336
18337
18338
18339
18341
18342
18343
18344
18347
18348
18350
18351
18353
18354
18355
18356
18360
18362
18365
18366
18367
18368
18370
18371
18372
18373
18374
18376
18377
18378
18379
18382
18383
18384
18385
18386
18388
18389
18390
18391
18392
18393
18394
18395
18396
18397
18398
18399
18401
18402
18405
18407
18409
18411
18412
18414
18416
18417
18421
18423
18425
18428
18430
18431
18435
18437
18438
18441
18442
18443
18445
18446
18447
18448
18450
18451
18452
18453
18454
18456
18458
18459
18461
18465
18467
18468
18469
18470
18472
18474
18475
18476
18477
18479
18481
18483
18484
18485
18486
18488
18489
18490
18495
18497
18498
18501
18502
18503
18505
18506
18507
18508
18510
18511
18512
18513
18514
18517
18518
18519
18520
18523
18524
18525
18527
18528
18529
18530
18531
18533
18534
18535
18536
18537
18540
18543
18544
18545
18549
18550
18552
18554
18555
18556
18557
18559
18561
18562
18563
18567
18568
18569
18572
18574
18575
18577
18579
18582
18583
18585
18586
18587
18589
18590
18591
18595
18596
18597
18598
18599
18603
18607
18609
18613
18616
18619
18620
18621
18622
18627
18628
18630
18631
18632
18637
18639
18640
18641
18642
18643
18645
18649
18650
18652
18653
18654
18655
18656
18658
18662
18663
18664
18665
18667
18669
18671
18674
18675
18676
18677
18679
18680
18682
18685
18687
18690
18691
18692
18693
18694
18695
18697
18698
18699
18700
18703
18709
18712
18714
18715
18716
18718
18719
18720
18721
18724
18725
18726
18728
18729
18730
18731
18732
18733
18737
18740
18742
18744
18745
18746
18747
18748
18749
18752
18753
18755
18756
18759
18760
18761
18763
18764
18765
18767
18769
18770
18775
18777
18778
18780
18781
18782
18783
18784
18785
18787
18788
18791
18794
18797
18798
18799
18800
18801
18803
18804
18805
18807
18808
18809
18812
18813
18814
18815
18817
18819
18821
18824
18826
18827
18829
18832
18834
18835
18842
18844
18845
18847
18848
18849
18850
18851
18854
18855
18858
18859
18860
18862
18865
18866
18867
18868
18869
18871
18873
18876
18879
18882
18883
18884
18885
18886
18887
18888
18889
18891
18894
18899
18900
18901
18905
18908
18909
18910
18912
18913
18914
18918
18922
18923
18924
18926
18928
18929
18930
18934
18937
18938
18940
18941
18942
18943
18944
18946
18947
18949
18951
18955
18956
18957
18958
18959
18960
18961
18963
18964
18965
18967
18968
18969
18971
18972
18975
18976
18978
18979
18980
18981
18983
18985
18986
18989
18990
18991
18992
18994
18995
18997
18998
19000
19001
19002
19006
19008
19015
19017
19019
19021
19024
19026
19027
19030
19032
19034
19037
19038
19039
19041
19043
19044
19046
19048
19052
19058
19059
19062
19063
19065
19068
19069
19070
19071
19072
19074
19075
19076
19078
19079
19080
19081
19083
19084
19089
19090
19091
19094
19095
19097
19098
19099
19100
19101
19102
19103
19104
19105
19106
19109
19110
19111
19112
19116
19118
19119
19121
19122
19123
19125
19126
19127
19130
19131
19132
19133
19135
19136
19137
19138
19141
19143
19145
19146
19150
19151
19153
19154
19155
19156
19157
19158
19159
19161
19162
19163
19164
19165
19166
19167
19169
19170
19172
19173
19174
19175
19176
19177
19178
19180
19181
19182
19183
19185
19188
19190
19191
19192
19196
19197
19200
19204
19206
19207
19209
19211
19212
19213
19214
19215
19217
19219
19220
19221
19225
19228
19229
19230
19232
19233
19234
19235
19236
19237
19238
19240
19241
19242
19243
19245
19252
19253
19254
19255
19258
19261
19262
19263
19264
19265
19267
19268
19269
19270
19271
19272
19273
19274
19277
19280
19281
19283
19285
19286
19287
19289
19290
19292
19293
19294
19295
19297
19298
19299
19300
19301
19303
19304
19305
19306
19307
19308
19310
19311
19312
19314
19315
19316
19317
19320
19321
19322
19323
19328
19331
19336
19338
19341
19342
19344
19345
19347
19349
19350
19351
19353
19354
19355
19356
19357
19361
19363
19365
19366
19369
19370
19372
19373
19376
19377
19379
19380
19384
19390
19392
19394
19395
19397
19398
19399
19400
19402
19403
19407
19409
19410
19411
19412
19415
19416
19418
19420
19421
19425
19426
19428
19429
19430
19431
19432
19433
19434
19435
19436
19439
19440
19442
19443
19444
19447
19449
19452
19453
19455
19459
19461
19462
19463
19464
19465
19466
19467
19468
19469
19470
19472
19474
19476
19477
19478
19479
19480
19481
19483
19486
19488
19489
19496
19499
19500
19503
19504
19505
19508
19509
19513
19514
19515
19517
19518
19519
19522
19524
19525
19528
19529
19531
19532
19533
19535
19537
19538
19539
19542
19543
19545
19546
19547
19548
19549
19550
19551
19554
19555
19557
19558
19562
19563
19564
19571
19574
19576
19578
19579
19581
19582
19584
19586
19587
19588
19589
19594
19595
19596
19597
19598
19600
19603
19604
19605
19607
19609
19610
19611
19612
19613
19614
19616
19618
19619
19620
19621
19624
19627
19631
19633
19636
19639
19641
19642
19643
19645
19646
19648
19651
19652
19654
19657
19658
19659
19660
19661
19663
19664
19667
19668
19669
19673
19674
19679
19682
19683
19691
19693
19696
19698
19699
19700
19702
19703
19704
19707
19708
19709
19710
19711
19713
19714
19716
19720
19721
19727
19729
19731
19732
19733
19735
19739
19740
19742
19743
19745
19746
19747
19748
19749
19750
19751
19753
19754
19755
19758
19760
19763
19765
19766
19767
19769
19770
19773
19775
19776
19777
19780
19781
19782
19784
19786
19788
19790
19792
19793
19794
19795
19796
19801
19802
19807
19808
19811
19813
19814
19815
19816
19817
19819
19820
19823
19825
19829
19830
19833
19836
19837
19839
19840
19841
19842
19844
19845
19847
19848
19850
19851
19853
19854
19855
19856
19857
19858
19859
19860
19861
19862
19863
19865
19866
19867
19868
19870
19871
19873
19874
19875
19876
19877
19878
19879
19881
19882
19883
19884
19885
19886
19887
19890
19891
19892
19893
19894
19895
19899
19900
19901
19902
19903
19905
19908
19909
19910
19912
19913
19914
19915
19916
19919
19920
19921
19923
19925
19927
19928
19930
19931
19933
19936
19941
19943
19947
19948
19952
19953
19956
19958
19962
19963
19966
19967
19969
19974
19975
19977
19978
19979
19980
19981
19982
19984
19985
19987
19989
19990
19991
19992
19993
19995
19998
19999
20000
20004
20007
20012
20015
20016
20020
20021
20026
20029
20032
20033
20034
20035
20036
20039
20040
20043
20044
20047
20049
20050
20052
20053
20054
20055
20058
20063
20070
20072
20076
20080
20083
20085
20086
20087
20089
20092
20093
20095
20100
20102
20103
20109
20116
20119
20121
20124
20127
20129
20132
20134
20138
20139
20140
20141
20143
20145
20148
20149
20150
20157
20160
20161
20162
20163
20164
20165
20166
20168
20169
20170
20171
20173
20174
20181
20182
20184
20193
20194
20195
20196
20199
20200
20204
20209
20210
20211
20212
20214
20216
20217
20218
20222
20223
20224
20227
20230
20232
20233
20234
20236
20237
20239
20242
20245
20246
20249
20250
20251
20253
20258
20262
20265
20271
20276
20283
20284
20286
20288
20292
20293
20299
20300
20301
20303
20304
20308
20309
20313
20314
20319
20321
20322
20324
20327
20329
20330
20331
20337
20342
20348
20349
20350
20351
20354
20355
20356
20357
20359
20360
20362
20363
20364
20367
20369
20372
20377
20378
20380
20382
20383
20384
20387
20391
20392
20393
20394
20399
20400
20405
20407
20408
20409
20412
20415
20420
20421
20422
20427
20431
20436
20439
20441
20442
20447
20448
20449
20455
20457
20458
20459
20462
20463
20465
20466
20468
20471
20475
20476
20477
20478
20481
20482
20485
20486
20487
20488
20490
20492
20493
20494
20495
20498
20499
20501
20504
20506
20508
20509
20511
20512
20514
20516
20519
20525
20527
20531
20536
20539
20540
20542
20545
20546
20547
20549
20552
20553
20554
20557
20558
20559
20561
20566
20567
20568
20570
20574
20576
20577
20579
20581
20583
20591
20593
20597
20599
20600
20603
20604
20606
20608
20610
20611
20618
20623
20626
20628
20629
20631
20633
20634
20636
20637
20641
20644
20645
20646
20649
20651
20653
20661
20662
20664
20668
20674
20676
20678
20682
20686
20689
20690
20693
20697
20704
20710
20711
20712
20713
20717
20719
20724
20725
20726
20727
20729
20730
20732
20733
20738
20741
20746
20748
20750
20751
20754
20756
20759
20763
20765
20771
20772
20774
20778
20779
20782
20783
20787
20789
20790
20791
20793
20794
20795
20800
20808
20809
20812
20814
20816
20818
20822
20823
20824
20830
20833
20838
20839
20840
20842
20843
20848
20849
20852
20853
20854
20857
20865
20869
20871
20872
20875
20877
20878
20881
20882
20884
20886
20892
20893
20894
20897
20902
20906
20908
20909
20911
20914
20916
20919
20926
20927
20930
20932
20933
20936
20937
20940
20942
20945
20946
20951
20956
20958
20959
20960
20961
20962
20964
20966
20969
20971
20972
20973
20979
20982
20984
20986
20987
20988
20989
20990
20991
20994
20996
20999
21001
21002
21009
21011
21012
21013
21016
21021
21022
21023
21024
21025
21033
21034
21035
21036
21044
21047
21048
21049
21051
21052
21053
21056
21057
21058
21059
21061
21064
21065
21075
21077
21079
21083
21084
21085
21086
21088
21092
21093
21096
21097
21099
21100
21102
21105
21107
21112
21114
21116
21117
21119
21120
21122
21123
21125
21133
21137
21139
21142
21145
21148
21149
21151
21154
21155
21158
21161
21162
21163
21164
21168
21170
21172
21173
21174
21179
21181
21183
21185
21186
21187
21188
21189
21192
21195
21196
21197
21199
21200
21202
21203
21208
21210
21214
21217
21219
21223
21224
21225
21227
21228
21229
21230
21235
21236
21239
21241
21242
21243
21246
21250
21252
21260
21261
21262
21268
21270
21272
21278
21279
21281
21286
21291
21292
21293
21294
21299
21301
21303
21306
21308
21312
21313
21314
21315
21316
21318
21320
21321
21322
21323
21326
21328
21333
21334
21335
21338
21344
21345
21346
21348
21350
21351
21353
21354
21355
21356
21360
21361
21363
21366
21367
21373
21376
21377
21379
21380
21382
21384
21386
21391
21392
21393
21395
21397
21398
21400
21407
21410
21412
21413
21414
21415
21417
21421
21422
21423
21426
21429
21432
21433
21435
21436
21437
21445
21446
21447
21450
21455
21457
21458
21459
21460
21462
21463
21470
21471
21473
21474
21478
21482
21483
21489
21491
21494
21497
21498
21499
21501
21502
21503
21505
21507
21516
21524
21526
21527
21536
21539
21544
21545
21546
21552
21555
21556
21558
21559
21560
21563
21565
21566
21567
21569
21577
21579
21581
21584
21585
21589
21590
21592
21593
21594
21599
21600
21601
21602
21606
21608
21611
21618
21619
21621
21624
21627
21628
21631
21634
21641
21642
21647
21649
21651
21652
21655
21658
21659
21661
21662
21665
21666
21668
21672
21673
21674
21676
21690
21694
21696
21697
21699
21700
21701
21703
21704
21708
21709
21710
21711
21714
21717
21720
21721
21726
21732
21733
21737
21742
21745
21751
21753
21755
21756
21757
21759
21760
21761
21762
21768
21769
21775
21777
21784
21785
21787
21788
21790
21792
21793
21794
21795
21796
21797
21803
21804
21806
21816
21817
21818
21819
21820
21821
21822
21824
21830
21831
21834
21835
21836
21837
21839
21841
21842
21843
21846
21856
21857
21860
21861
21863
21868
21870
21872
21874
21877
21879
21882
21885
21886
21890
21891
21900
21903
21904
21906
21908
21910
21911
21913
21915
21917
21918
21919
21922
21924
21925
21928
21932
21933
21934
21937
21939
21941
21942
21944
21945
21950
21956
21959
21960
21961
21963
21964
21965
21966
21967
21976
21978
21982
21985
21988
21990
21992
21993
22002
22003
22004
22007
22009
22010
22011
22012
22014
22018
22019
22020
22028
22030
22031
22034
22040
22041
22042
22045
22046
22049
22051
22052
22055
22056
22059
22060
22061
22063
22064
22065
22066
22070
22071
22073
22077
22078
22080
22081
22082
22085
22086
22088
22097
22099
22102
22103
22105
22107
22108
22113
22114
22115
22116
22124
22125
22127
22129
22130
22131
22132
22134
22135
22136
22137
22138
22140
22142
22144
22146
22147
22149
22150
22151
22152
22157
22158
22159
22160
22162
22163
22164
22165
22166
22169
22172
22174
22176
22177
22179
22180
22182
22183
22184
22185
22186
22193
22194
22195
22196
22198
22199
22207
22208
22209
22210
22211
22214
22216
22217
22221
22223
22224
22226
22231
22232
22233
22235
22236
22238
22240
22241
22242
22245
22247
22251
22254
22256
22260
22261
22262
22264
22266
22267
22268
22272
22274
22275
22277
22281
22282
22283
22284
22286
22289
22291
22294
22296
22297
22301
22302
22303
22304
22308
22309
22312
22314
22319
22320
22322
22324
22325
22326
22338
22340
22344
22345
22349
22350
22352
22354
22355
22356
22358
22360
22361
22362
22365
22368
22371
22376
22381
22383
22385
22386
22387
22390
22393
22394
22396
22398
22403
22406
22410
22411
22412
22414
22415
22416
22417
22420
22421
22422
22424
22425
22426
22427
22429
22432
22433
22438
22439
22442
22444
22446
22447
22448
22449
22450
22452
22453
22456
22462
22463
22464
22465
22468
22469
22471
22475
22476
22477
22478
22481
22483
22487
22490
22493
22495
22496
22499
22500
22501
22505
22507
22508
22509
22511
22512
22515
22517
22521
22522
22525
22528
22530
22531
22534
22535
22536
22538
22539
22540
22541
22544
22545
22546
22548
22549
22553
22554
22555
22557
22558
22559
22563
22565
22568
22569
22570
22573
22574
22575
22577
22579
22580
22581
22584
22586
22587
22590
22591
22595
22597
22601
22604
22607
22609
22610
22613
22615
22619
22621
22622
22625
22628
22630
22631
22632
22633
22634
22637
22638
22639
22640
22642
22645
22646
22648
22651
22652
22653
22654
22657
22660
22663
22666
22671
22675
22679
22681
22682
22684
22686
22688
22690
22691
22692
22697
22702
22704
22707
22708
22714
22715
22716
22719
22721
22725
22726
22728
22732
22733
22740
22743
22744
22747
22748
22754
22756
22757
22759
22761
22763
22765
22768
22771
22776
22777
22779
22780
22781
22782
22784
22785
22789
22790
22792
22798
22801
22802
22805
22807
22808
22810
22814
22816
22818
22830
22839
22843
22844
22845
22849
22850
22853
22859
22860
22865
22866
22867
22868
22869
22870
22872
22879
22881
22885
22886
22889
22893
22894
22896
22897
22900
22901
22902
22903
22904
22906
22908
22912
22914
22915
22916
22917
22928
22930
22934
22935
22938
22939
22940
22941
22942
22945
22948
22951
22952
22953
22954
22955
22957
22959
22964
22973
22974
22978
22981
22982
22983
22984
22985
22986
22988
22989
22991
22996
22997
22998
22999
23000
23006
23011
23013
23016
23019
23021
23022
23026
23030
23033
23034
23035
23037
23044
23046
23053
23054
23055
23056
23061
23069
23071
23072
23073
23074
23077
23079
23082
23087
23088
23089
23096
23097
23099
23101
23102
23105
23109
23110
23111
23113
23114
23115
23118
23119
23126
23128
23129
23134
23135
23136
23137
23138
23140
23142
23144
23150
23153
23155
23159
23161
23168
23171
23172
23179
23183
23184
23188
23190
23194
23196
23197
23198
23201
23202
23203
23206
23209
23210
23211
23215
23217
23221
23224
23228
23233
23235
23238
23239
23242
23243
23247
23248
23249
23251
23252
23253
23254
23255
23256
23259
23260
23261
23262
23264
23265
23266
23268
23269
23275
23276
23278
23280
23282
23286
23290
23292
23294
23298
23300
23304
23306
23309
23311
23312
23316
23317
23321
23322
23323
23324
23327
23330
23334
23335
23337
23338
23339
23341
23344
23346
23352
23353
23354
23357
23358
23360
23361
23363
23367
23372
23374
23376
23377
23378
23381
23383
23385
23389
23391
23392
23393
23394
23395
23396
23398
23399
23401
23402
23403
23404
23406
23411
23415
23417
23418
23424
23428
23431
23434
23435
23436
23438
23450
23453
23455
23459
23461
23463
23465
23466
23467
23469
23470
23471
23472
23477
23480
23482
23483
23484
23487
23488
23490
23491
23492
23493
23494
23496
23497
23501
23502
23503
23507
23509
23511
23515
23517
23519
23520
23521
23522
23526
23530
23532
23533
23536
23537
23541
23543
23547
23548
23549
23550
23554
23555
23556
23559
23562
23563
23565
23566
23567
23572
23574
23578
23584
23585
23587
23593
23595
23598
23601
23602
23604
23606
23607
23608
23609
23612
23613
23614
23615
23619
23621
23623
23625
23626
23627
23628
23630
23632
23633
23635
23638
23651
23657
23658
23660
23663
23668
23670
23671
23672
23674
23682
23684
23686
23691
23697
23698
23699
23702
23704
23705
23706
23707
23710
23713
23715
23717
23719
23720
23721
23722
23723
23724
23726
23729
23730
23734
23738
23740
23741
23744
23748
23751
23753
23754
23755
23757
23760
23768
23770
23773
23774
23778
23780
23782
23783
23784
23785
23786
23790
23791
23793
23794
23795
23798
23802
23804
23806
23807
23810
23811
23812
23813
23814
23815
23819
23822
23826
23827
23828
23829
23832
23836
23842
23844
23846
23852
23853
23855
23857
23866
23867
23869
23877
23880
23884
23885
23886
23888
23890
23892
23897
23901
23904
23905
23908
23917
23919
23920
23921
23922
23923
23924
23929
23931
23934
23937
23946
23949
23951
23952
23957
23959
23960
23962
23966
23967
23968
23969
23971
23973
23975
23978
23979
23982
23984
23990
23991
23992
23993
23994
23997
24000
24005
24006
24008
24012
24015
24017
24021
24023
24025
24026
24031
24032
24033
24034
24036
24041
24042
24043
24044
24052
24053
24058
24061
24062
24064
24066
24070
24071
24074
24076
24079
24080
24081
24084
24087
24092
24093
24095
24102
24104
24107
24110
24111
24112
24117
24118
24119
24121
24122
24123
24124
24125
24127
24128
24131
24132
24133
24135
24136
24140
24141
24143
24146
24147
24148
24150
24154
24157
24159
24164
24166
24171
24172
24173
24175
24185
24186
24187
24188
24192
24193
24196
24197
24198
24199
24209
24210
24223
24224
24229
24231
24232
24233
24236
24238
24241
24242
24244
24245
24254
24256
24260
24262
24264
24266
24267
24269
24271
24272
24273
24274
24276
24279
24281
24283
24285
24286
24287
24288
24290
24292
24294
24295
24296
24305
24308
24311
24313
24314
24317
24320
24323
24324
24327
24329
24331
24332
24334
24335
24337
24338
24340
24341
24345
24346
24347
24348
24350
24351
24353
24356
24358
24359
24360
24361
24364
24365
24366
24367
24377
24378
24382
24384
24387
24388
24396
24397
24399
24400
24401
24406
24408
24409
24410
24411
24413
24417
24418
24420
24422
24424
24426
24427
24430
24431
24435
24437
24439
24440
24445
24447
24450
24452
24454
24458
24459
24462
24467
24471
24473
24475
24478
24479
24481
24484
24486
24488
24490
24491
24495
24496
24497
24500
24502
24503
24507
24508
24511
24515
24518
24519
24522
24525
24528
24536
24537
24538
24539
24540
24542
24546
24550
24553
24554
24555
24558
24561
24562
24563
24566
24567
24570
24572
24574
24577
24585
24586
24589
24590
24591
24592
24594
24596
24601
24603
24609
24614
24615
24616
24617
24620
24622
24623
24624
24625
24627
24629
24638
24646
24649
24650
24652
24654
24656
24659
24660
24663
24664
24666
24670
24675
24676
24677
24678
24680
24683
24684
24686
24687
24688
24691
24692
24693
24696
24697
24702
24704
24705
24707
24710
24714
24717
24718
24719
24720
24724
24725
24726
24731
24735
24737
24739
24744
24748
24752
24753
24754
24755
24756
24759
24761
24762
24765
24766
24767
24768
24771
24773
24774
24775
24776
24780
24781
24784
24786
24788
24794
24795
24802
24806
24808
24811
24812
24814
24816
24817
24819
24820
24823
24825
24826
24834
24837
24838
24842
24846
24848
24851
24852
24853
24856
24860
24861
24862
24864
24865
24866
24867
24868
24872
24873
24874
24877
24879
24882
24883
24890
24891
24892
24895
24896
24898
24900
24901
24902
24906
24907
24909
24910
24912
24913
24914
24915
24917
24919
24920
24921
24923
24929
24930
24931
24936
24937
24938
24941
24942
24943
24946
24947
24948
24951
24952
24955
24956
24960
24961
24963
24966
24967
24970
24972
24982
24983
24984
24986
24987
24989
24991
24992
24993
24996
24998
24999
25001
25002
25003
25005
25007
25013
25016
25020
25021
25022
25026
25032
25033
25034
25036
25038
25040
25044
25045
25048
25050
25052
25054
25055
25061
25063
25067
25068
25070
25073
25074
25077
25086
25090
25091
25102
25104
25106
25107
25108
25109
25112
25114
25115
25117
25118
25119
25120
25125
25134
25136
25137
25141
25143
25144
25146
25149
25151
25153
25154
25155
25157
25160
25165
25166
25168
25169
25172
25173
25176
25177
25179
25180
25181
25184
25187
25189
25191
25192
25196
25197
25199
25200
25201
25202
25203
25205
25206
25213
25216
25217
25218
25221
25226
25231
25235
25236
25237
25239
25240
25242
25243
25248
25249
25254
25256
25258
25262
25263
25264
25265
25272
25277
25280
25283
25284
25285
25289
25292
25309
25310
25312
25314
25316
25319
25321
25322
25323
25324
25326
25327
25329
25334
25335
25336
25337
25339
25341
25342
25345
25346
25350
25351
25355
25356
25358
25359
25362
25370
25375
25379
25380
25382
25383
25386
25387
25392
25394
25398
25400
25406
25413
25415
25417
25421
25422
25423
25431
25437
25440
25441
25452
25454
25456
25458
25460
25461
25463
25467
25468
25470
25471
25473
25475
25477
25478
25480
25481
25483
25486
25487
25488
25489
25496
25497
25498
25502
25508
25511
25512
25513
25514
25515
25518
25519
25520
25524
25527
25528
25529
25530
25531
25532
25534
25537
25539
25540
25544
25547
25548
25550
25552
25553
25554
25558
25559
25561
25563
25567
25570
25571
25572
25574
25575
25577
25580
25581
25583
25584
25588
25591
25595
25597
25598
25600
25604
25605
25606
25607
25608
25609
25611
25612
25616
25617
25620
25621
25623
25625
25629
25631
25633
25634
25635
25636
25639
25640
25641
25645
25649
25657
25658
25666
25669
25671
25672
25675
25678
25681
25684
25686
25688
25689
25694
25696
25703
25704
25705
25716
25719
25721
25722
25724
25725
25727
25733
25735
25736
25738
25743
25751
25753
25757
25759
25760
25761
25762
25764
25766
25767
25785
25786
25787
25788
25793
25795
25805
25806
25808
25809
25811
25816
25817
25818
25820
25821
25826
25827
25829
25831
25832
25833
25834
25838
25840
25849
25856
25860
25863
25864
25866
25870
25874
25880
25881
25883
25885
25886
25889
25899
25901
25913
25914
25915
25919
25921
25923
25927
25929
25933
25936
25940
25942
25943
25944
25950
25953
25955
25956
25957
25965
25967
25970
25972
25975
25976
25977
25978
25979
25980
25981
25983
25986
25989
25991
25995
25996
25997
25999
26000
26002
26004
26010
26012
26013
26016
26017
26019
26020
26029
26033
26034
26037
26039
26040
26044
26045
26046
26048
26049
26053
26055
26057
26058
26061
26063
26065
26067
26069
26070
26073
26074
26077
26079
26083
26087
26088
26091
26092
26098
26100
26101
26103
26104
26105
26106
26107
26113
26114
26117
26124
26128
26135
26136
26137
26138
26142
26144
26149
26150
26156
26157
26162
26167
26170
26171
26172
26177
26187
26188
26189
26190
26191
26198
26199
26202
26203
26208
26213
26214
26215
26217
26218
26219
26220
26224
26227
26231
26232
26233
26234
26235
26236
26239
26244
26248
26249
26253
26254
26255
26256
26260
26262
26263
26267
26269
26271
26272
26275
26277
26281
26283
26284
26286
26287
26288
26298
26299
26300
26301
26302
26308
26312
26313
26319
26322
26324
26329
26330
26333
26335
26337
26338
26340
26342
26343
26347
26353
26356
26358
26367
26371
26372
26373
26378
26379
26380
26382
26385
26391
26392
26396
26401
26405
26407
26408
26409
26411
26413
26415
26416
26417
26421
26429
26430
26438
26439
26440
26441
26445
26446
26447
26448
26450
26451
26452
26453
26454
26456
26466
26468
26469
26473
26474
26476
26477
26482
26484
26485
26489
26494
26496
26498
26499
26500
26503
26505
26506
26508
26511
26513
26518
26519
26523
26527
26530
26535
26538
26539
26542
26543
26544
26548
26555
26556
26563
26565
26567
26568
26569
26570
26575
26576
26577
26578
26591
26592
26598
26599
26602
26605
26607
26608
26610
26615
26616
26619
26620
26621
26623
26624
26625
26626
26627
26628
26630
26633
26635
26638
26641
26645
26646
26647
26648
26652
26654
26656
26658
26665
26667
26668
26669
26670
26672
26675
26677
26678
26679
26680
26682
26683
26686
26687
26688
26689
26690
26692
26693
26695
26697
26702
26704
26706
26707
26709
26710
26711
26714
26715
26721
26724
26728
26730
26731
26733
26737
26738
26739
26741
26744
26747
26749
26752
26753
26757
26761
26762
26770
26773
26776
26781
26783
26785
26786
26787
26789
26790
26793
26798
26802
26803
26806
26808
26814
26815
26816
26817
26819
26822
26823
26826
26830
26834
26837
26844
26847
26852
26858
26864
26865
26867
26871
26873
26874
26875
26877
26878
26879
26880
26881
26882
26883
26884
26885
26887
26890
26892
26893
26894
26896
26900
26904
26906
26907
26910
26911
26914
26917
26919
26920
26921
26922
26923
26925
26926
26929
26933
26936
26939
26940
26943
26944
26946
26947
26952
26954
26955
26959
26960
26961
26964
26968
26969
26973
26977
26978
26980
26981
26986
26990
26991
26993
26994
26995
26997
27001
27007
27011
27012
27014
27016
27021
27023
27024
27025
27028
27031
27032
27034
27045
27046
27047
27048
27049
27052
27054
27055
27056
27065
27069
27070
27071
27072
27074
27075
27076
27077
27078
27079
27083
27084
27087
27093
27094
27095
27100
27101
27103
27104
27108
27110
27115
27116
27118
27119
27120
27122
27123
27124
27125
27126
27130
27132
27133
27138
27143
27148
27150
27155
27156
27157
27160
27164
27169
27171
27177
27178
27180
27181
27183
27185
27189
27191
27193
27194
27195
27197
27198
27201
27203
27206
27208
27209
27210
27212
27214
27217
27218
27220
27221
27224
27225
27226
27228
27229
27232
27233
27237
27238
27239
27243
27244
27245
27246
27249
27250
27252
27258
27259
27260
27264
27267
27268
27271
27273
27274
27281
27282
27283
27284
27289
27293
27294
27299
27302
27305
27308
27312
27314
27316
27317
27319
27321
27322
27323
27325
27327
27328
27330
27331
27332
27333
27334
27335
27339
27340
27342
27343
27345
27346
27347
27348
27353
27355
27356
27360
27361
27366
27369
27374
27377
27379
27382
27384
27386
27389
27392
27394
27396
27397
27398
27399
27400
27402
27404
27406
27409
27410
27411
27414
27415
27416
27418
27419
27420
27421
27422
27423
27425
27427
27429
27431
27434
27435
27437
27440
27442
27444
27445
27447
27449
27450
27452
27453
27456
27457
27459
27463
27465
27467
27468
27470
27471
27472
27475
27492
27493
27494
27495
27504
27505
27506
27508
27512
27516
27517
27519
27522
27524
27528
27529
27533
27534
27536
27537
27541
27544
27550
27551
27552
27555
27558
27561
27562
27565
27567
27570
27574
27576
27577
27578
27579
27584
27587
27590
27592
27593
27596
27598
27600
27602
27603
27605
27606
27607
27609
27610
27614
27615
27617
27618
27622
27624
27625
27626
27628
27629
27630
27631
27632
27635
27637
27638
27640
27641
27642
27643
27645
27646
27647
27649
27650
27654
27659
27662
27664
27666
27667
27672
27673
27674
27679
27682
27685
27687
27690
27692
27702
27704
27705
27706
27708
27714
27716
27717
27718
27719
27720
27721
27723
27724
27725
27729
27731
27732
27733
27735
27736
27738
27740
27741
27743
27744
27747
27748
27749
27752
27753
27755
27767
27768
27769
27772
27774
27777
27780
27781
27782
27790
27791
27792
27800
27802
27803
27804
27808
27814
27815
27816
27818
27820
27821
27824
27827
27828
27829
27833
27834
27838
27841
27844
27846
27847
27850
27851
27854
27857
27858
27861
27870
27873
27874
27877
27879
27882
27883
27884
27896
27897
27899
27904
27907
27911
27913
27916
27919
27925
27926
27927
27930
27933
27935
27936
27939
27941
27945
27947
27949
27951
27953
27955
27956
27957
27962
27966
27975
27977
27983
27989
27993
27994
27995
27996
28000
28002
28004
28005
28006
28007
28008
28009
28012
28014
28016
28020
28021
28027
28031
28040
28045
28046
28047
28049
28051
28052
28054
28059
28060
28063
28064
28065
28067
28068
28070
28072
28074
28075
28076
28077
28078
28080
28081
28088
28089
28090
28093
28100
28102
28104
28107
28108
28114
28115
28116
28128
28132
28135
28139
28144
28145
28147
28148
28151
28153
28157
28163
28164
28169
28170
28173
28174
28177
28178
28181
28182
28183
28187
28188
28190
28195
28202
28205
28206
28209
28213
28214
28216
28226
28229
28233
28237
28239
28241
28243
28246
28247
28249
28253
28255
28257
28258
28259
28260
28261
28262
28264
28271
28273
28275
28277
28278
28284
28291
28294
28299
28300
28304
28307
28309
28312
28315
28316
28318
28322
28323
28325
28330
28334
28338
28347
28349
28351
28355
28356
28357
28359
28360
28361
28363
28370
28371
28372
28375
28377
28384
28385
28386
28389
28390
28393
28394
28395
28396
28398
28399
28400
28402
28403
28411
28412
28414
28415
28416
28423
28426
28435
28438
28448
28449
28452
28454
28455
28459
28461
28464
28467
28471
28473
28476
28477
28480
28481
28482
28486
28488
28490
28492
28494
28499
28500
28504
28506
28509
28510
28511
28512
28515
28517
28518
28522
28523
28525
28526
28527
28529
28533
28534
28539
28544
28546
28549
28550
28553
28556
28557
28558
28560
28561
28562
28564
28566
28567
28569
28574
28581
28582
28584
28585
28587
28589
28590
28593
28601
28603
28604
28605
28606
28607
28613
28618
28625
28626
28628
28629
28631
28636
28642
28643
28646
28647
28648
28650
28651
28653
28659
28661
28662
28665
28666
28668
28670
28671
28672
28674
28675
28676
28682
28683
28686
28687
28688
28689
28690
28691
28692
28694
28695
28696
28698
28704
28705
28706
28709
28711
28712
28714
28716
28720
28724
28725
28732
28734
28735
28738
28742
28743
28746
28749
28750
28752
28754
28755
28757
28764
28767
28768
28769
28771
28772
28774
28776
28779
28782
28784
28787
28788
28793
28800
28802
28804
28807
28810
28813
28815
28817
28819
28820
28822
28825
28829
28830
28832
28838
28839
28841
28845
28846
28851
28852
28853
28854
28855
28864
28866
28870
28871
28873
28875
28878
28881
28882
28886
28887
28889
28891
28892
28894
28898
28901
28903
28904
28908
28909
28910
28914
28915
28916
28918
28921
28924
28925
28928
28930
28931
28932
28937
28938
28940
28941
28944
28947
28950
28951
28954
28966
28967
28971
28978
28982
28984
28985
28987
28988
28990
28994
28996
29001
29003
29005
29006
29007
29015
29016
29021
29023
29026
29030
29031
29035
29038
29040
29043
29044
29047
29048
29050
29058
29061
29063
29064
29065
29071
29072
29074
29076
29077
29079
29081
29082
29083
29085
29088
29090
29094
29095
29098
29099
29100
29107
29111
29113
29115
29116
29117
29118
29120
29121
29123
29128
29133
29135
29137
29142
29143
29144
29145
29152
29154
29155
29156
29157
29163
29164
29168
29171
29172
29174
29175
29176
29177
29179
29180
29183
29189
29192
29193
29195
29197
29199
29202
29204
29210
29215
29218
29219
29220
29226
29227
29234
29238
29244
29245
29247
29252
29253
29256
29257
29258
29259
29260
29261
29262
29263
29267
29271
29273
29274
29275
29277
29279
29280
29283
29284
29285
29286
29288
29289
29291
29292
29295
29302
29303
29304
29305
29311
29317
29320
29321
29323
29327
29333
29334
29336
29339
29343
29344
29354
29355
29357
29358
29359
29361
29363
29364
29365
29366
29367
29370
29375
29376
29377
29378
29379
29382
29383
29384
29385
29388
29390
29393
29394
29396
29397
29401
29408
29411
29412
29413
29416
29417
29419
29421
29423
29425
29429
29431
29432
29442
29444
29446
29449
29451
29453
29454
29456
29457
29459
29462
29464
29468
29469
29472
29473
29480
29482
29485
29486
29487
29490
29491
29494
29497
29498
29502
29503
29504
29506
29507
29511
29514
29519
29526
29533
29536
29537
29540
29542
29543
29544
29546
29547
29550
29556
29557
29560
29561
29562
29563
29565
29570
29571
29572
29576
29578
29579
29580
29582
29583
29586
29588
29589
29590
29592
29593
29594
29597
29598
29603
29605
29606
29609
29611
29612
29615
29616
29617
29618
29620
29621
29622
29623
29626
29627
29630
29633
29635
29639
29640
29643
29644
29645
29650
29652
29655
29662
29664
29666
29668
29672
29680
29686
29690
29692
29694
29695
29697
29701
29703
29706
29710
29713
29714
29715
29716
29718
29720
29721
29722
29731
29733
29736
29743
29748
29752
29753
29756
29757
29761
29762
29766
29769
29778
29779
29783
29789
29790
29794
29797
29799
29806
29807
29808
29809
29817
29819
29820
29825
29828
29830
29836
29837
29842
29843
29844
29847
29849
29852
29853
29854
29856
29858
29860
29863
29865
29867
29870
29873
29874
29879
29881
29882
29885
29889
29890
29893
29894
29896
29901
29902
29903
29905
29909
29920
29921
29924
29927
29929
29930
29931
29936
29937
29939
29941
29947
29950
29953
29956
29957
29958
29959
29962
29969
29971
29974
29977
29979
29985
29986
29989
29994
29996
29997
29998
30000
30020
30030
30035
30043
30048
30050
30068
30069
30072
30084
30091
30098
30111
30114
30116
30130
30143
30145
30177
30193
30209
30213
30217
30227
30228
30236
30244
30247
30249
30271
30291
30296
30299
30313
30315
30320
30327
30330
30334
30344
30370
30372
30374
30383
30412
30425
30437
30448
30460
30461
30462
30472
30483
30508
30512
30529
30543
30581
30632
30640
30646
30650
30653
30654
30656
30661
30663
30665
30673
30676
30678
30681
30685
30689
30704
30714
30718
30719
30721
30745
30761
30765
30773
30776
30784
30798
30809
30827
30863
30875
30885
30905
30906
30919
30921
30929
30931
30947
30950
30951
30960
30972
30977
30982
30989
30998
31002
31010
31013
31019
31024
31043
31066
31074
31080
31093
31101
31109
31111
31112
31121
31138
31142
31146
31164
31165
31168
31170
31175
31191
31201
31209
31217
31218
31222
31228
31237
31241
31244
31249
31254
31265
31278
31291
31292
31296
31297
31298
31302
31308
31315
31323
31332
31340
31344
31345
31347
31360
31375
31381
31395
31401
31418
31429
31459
31483
31486
31487
31500
31507
31529
31530
31539
31561
31571
31575
31588
31589
31602
31609
31620
31626
31628
31632
31636
31641
31642
31649
31653
31658
31676
31678
31689
31697
31708
31718
31740
31761
31770
31775
31776
31784
31788
31791
31805
31809
31813
31836
31842
31844
31863
31883
31887
31896
31898
31919
31926
31935
31937
31954
31981
31983
31986
31988
31990
31993
31994
31997
32018
32021
32024
32058
32061
32073
32074
32075
32086
32087
32093
32099
32104
32111
32127
32130
32131
32175
32176
32184
32186
32191
32196
32233
32238
32241
32242
32245
32246
32250
32260
32264
32280
32281
32284
32293
32302
32304
32307
32315
32326
32337
32342
32349
32355
32362
32390
32393
32394
32395
32396
32403
32410
32434
32443
32449
32459
32462
32465
32473
32474
32483
32503
32506
32510
32522
32550
32561
32565
32585
32587
32588
32598
32609
32610
32612
32636
32642
32659
32660
32675
32682
32689
32693
32700
32705
32709
32716
32735
32760
32763
32764
32773
32775
32778
32784
32787
32789
32813
32816
32821
32827
32828
32842
32849
32860
32863
32869
32890
32910
32915
32916
32921
32929
32951
32970
32973
32983
32991
32996
32997
33012
33023
33030
33039
33044
33050
33051
33055
33058
33059
33063
33064
33065
33071
33072
33079
33120
33128
33133
33135
33137
33142
33146
33148
33149
33156
33165
33168
33184
33195
33197
33198
33205
33208
33210
33212
33218
33229
33235
33249
33260
33268
33291
33301
33323
33324
33352
33357
33358
33363
33365
33366
33381
33384
33385
33386
33393
33408
33411
33438
33440
33445
33464
33468
33473
33481
33503
33513
33522
33526
33529
33552
33553
33557
33560
33605
33607
33608
33616
33619
33629
33640
33645
33647
33656
33682
33692
33699
33712
33716
33717
33718
33736
33743
33752
33757
33789
33804
33806
33810
33815
33822
33832
33860
33879
33888
33892
33895
33896
33897
33904
33926
33929
33936
33941
33942
33947
33951
33954
33955
33967
33972
33975
33988
33991
33994
33999
34003
34013
34031
34056
34059
34063
34076
34077
34089
34094
34097
34104
34105
34127
34136
34138
34140
34161
34176
34185
34203
34208
34210
34216
34217
34224
34226
34228
34236
34249
34261
34265
34269
34272
34274
34280
34299
34302
34316
34324
34326
34334
34350
34352
34353
34362
34365
34378
34379
34385
34386
34394
34408
34412
34420
34421
34424
34434
34453
34461
34465
34483
34493
34494
34505
34506
34512
34521
34526
34551
34552
34554
34557
34562
34565
34572
34574
34591
34602
34621
34628
34637
34641
34648
34650
34655
34663
34668
34675
34676
34680
34681
34701
34711
34718
34726
34727
34729
34741
34748
34752
34776
34779
34780
34782
34787
34793
34815
34839
34864
34870
34873
34895
34910
34920
34924
34929
34930
34932
34952
34960
34966
34984
34993
34998
35001
35004
35005
35010
35013
35014
35015
35020
35025
35027
35037
35040
35042
35043
35045
35046
35050
35053
35056
35057
35060
35063
35066
35067
35069
35070
35074
35075
35077
35078
35080
35081
35083
35084
35085
35086
35087
35092
35093
35097
35100
35101
35103
35109
35114
35119
35125
35126
35136
35137
35139
35142
35143
35145
35151
35152
35153
35155
35156
35160
35165
35166
35167
35170
35174
35175
35181
35183
35184
35185
35187
35192
35193
35194
35195
35197
35210
35212
35215
35220
35229
35230
35237
35239
35249
35250
35253
35257
35258
35262
35269
35270
35274
35275
35276
35278
35281
35285
35290
35291
35301
35305
35308
35309
35311
35312
35313
35319
35320
35326
35327
35328
35335
35336
35340
35346
35347
35350
35352
35363
35364
35365
35366
35367
35369
35374
35377
35378
35380
35381
35386
35388
35392
35396
35400
35404
35405
35409
35414
35416
35419
35424
35428
35429
35430
35432
35434
35438
35441
35443
35444
35448
35449
35454
35456
35464
35465
35466
35471
35476
35477
35484
35492
35498
35502
35504
35505
35508
35509
35514
35516
35517
35518
35520
35525
35526
35531
35534
35535
35537
35543
35550
35552
35553
35555
35556
35560
35561
35563
35567
35568
35569
35572
35573
35574
35576
35577
35579
35580
35581
35586
35591
35595
35597
35600
35605
35606
35613
35618
35619
35621
35624
35626
35628
35630
35635
35638
35648
35651
35653
35655
35656
35657
35659
35665
35666
35671
35673
35674
35675
35676
35677
35678
35679
35680
35681
35682
35687
35701
35705
35708
35709
35710
35711
35715
35718
35719
35723
35724
35725
35729
35731
35733
35736
35740
35742
35744
35746
35757
35758
35759
35768
35773
35776
35787
35791
35795
35796
35807
35809
35811
35813
35814
35819
35820
35821
35830
35831
35832
35837
35838
35839
35840
35841
35845
35847
35848
35855
35859
35863
35873
35877
35887
35889
35890
35893
35895
35896
35899
35902
35903
35908
35909
35912
35922
35926
35933
35938
35939
35940
35944
35947
35953
35954
35957
35958
35961
35964
35969
35975
35981
35985
35986
35989
35990
35991
35997
35999
36002
36006
36008
36013
36014
36021
36022
36025
36026
36030
36033
36034
36037
36038
36040
36042
36044
36046
36047
36048
36050
36051
36052
36053
36064
36068
36074
36075
36077
36082
36087
36088
36090
36091
36092
36093
36098
36107
36110
36112
36114
36117
36119
36122
36129
36130
36131
36132
36134
36136
36137
36140
36142
36146
36148
36149
36150
36156
36159
36163
36164
36166
36168
36172
36177
36178
36187
36189
36190
36195
36200
36201
36202
36207
36214
36216
36219
36227
36228
36233
36235
36250
36252
36257
36259
36264
36265
36267
36273
36274
36280
36281
36284
36291
36293
36294
36295
36305
36307
36314
36316
36325
36327
36329
36331
36332
36334
36335
36336
36339
36342
36344
36347
36349
36351
36353
36356
36360
36363
36366
36367
36368
36369
36370
36376
36377
36383
36388
36394
36396
36399
36405
36406
36409
36413
36414
36415
36416
36419
36420
36421
36423
36425
36426
36427
36429
36433
36435
36438
36439
36442
36447
36449
36450
36451
36458
36460
36462
36466
36471
36476
36481
36486
36489
36491
36493
36496
36504
36511
36512
36513
36515
36518
36519
36521
36527
36531
36535
36538
36539
36540
36546
36548
36551
36563
36568
36574
36575
36580
36581
36587
36594
36596
36599
36605
36606
36607
36609
36611
36615
36620
36623
36633
36634
36636
36639
36641
36642
36643
36644
36651
36653
36654
36655
36657
36659
36663
36665
36667
36669
36670
36685
36687
36689
36690
36696
36697
36703
36706
36707
36708
36710
36711
36712
36715
36716
36721
36722
36725
36736
36739
36740
36742
36743
36745
36749
36750
36752
36754
36756
36757
36759
36767
36769
36771
36772
36774
36782
36783
36784
36787
36789
36790
36791
36798
36800
36803
36807
36810
36815
36817
36819
36823
36825
36826
36829
36831
36832
36833
36834
36837
36838
36840
36846
36847
36849
36852
36854
36856
36858
36863
36866
36869
36873
36875
36876
36884
36885
36887
36891
36893
36895
36897
36898
36899
36900
36903
36905
36906
36912
36913
36917
36918
36919
36921
36923
36925
36926
36927
36939
36940
36943
36946
36951
36952
36960
36961
36963
36965
36967
36969
36973
36979
36980
36982
36991
36992
36993
36994
36996
36999
37001
37004
37007
37009
37010
37011
37012
37014
37015
37019
37021
37027
37036
37038
37043
37045
37047
37048
37049
37050
37052
37057
37059
37060
37062
37069
37073
37074
37075
37076
37077
37078
37080
37088
37089
37091
37096
37098
37101
37104
37106
37108
37114
37115
37125
37129
37130
37131
37132
37137
37142
37145
37146
37148
37150
37156
37157
37160
37162
37166
37167
37174
37175
37176
37177
37178
37179
37180
37184
37187
37188
37192
37195
37196
37202
37204
37205
37207
37215
37217
37218
37220
37223
37224
37229
37230
37233
37234
37236
37239
37248
37249
37251
37258
37259
37263
37265
37269
37277
37286
37288
37289
37290
37291
37292
37293
37296
37301
37310
37312
37313
37316
37317
37326
37327
37329
37331
37332
37335
37336
37339
37346
37348
37349
37353
37354
37357
37362
37367
37369
37370
37373
37376
37378
37379
37380
37384
37386
37395
37399
37400
37404
37408
37409
37410
37412
37415
37420
37421
37422
37434
37435
37439
37440
37441
37443
37448
37449
37453
37462
37466
37467
37470
37473
37474
37475
37476
37480
37481
37482
37487
37488
37489
37493
37494
37498
37504
37506
37507
37508
37524
37527
37529
37531
37532
37535
37536
37537
37543
37545
37548
37551
37553
37555
37558
37560
37563
37564
37565
37567
37569
37570
37572
37574
37578
37579
37581
37588
37590
37591
37592
37593
37595
37596
37597
37600
37604
37608
37609
37610
37611
37613
37616
37617
37620
37622
37623
37625
37626
37627
37628
37630
37637
37638
37639
37641
37642
37650
37652
37653
37655
37658
37660
37662
37664
37667
37671
37672
37675
37679
37683
37690
37695
37696
37704
37718
37719
37721
37725
37729
37733
37736
37739
37744
37746
37747
37752
37754
37758
37760
37774
37777
37779
37781
37782
37784
37787
37788
37790
37794
37797
37798
37804
37813
37820
37824
37828
37838
37839
37841
37842
37843
37844
37846
37847
37852
37854
37859
37871
37873
37879
37880
37881
37883
37884
37886
37892
37896
37897
37900
37901
37908
37910
37912
37913
37914
37916
37917
37919
37921
37923
37926
37928
37930
37934
37940
37942
37948
37952
37954
37955
37956
37957
37959
37962
37968
37975
37976
37977
37978
37982
37985
37988
37989
37990
37997
38002
38003
38004
38005
38006
38008
38009
38010
38012
38017
38018
38020
38021
38022
38024
38026
38027
38030
38031
38035
38036
38037
38038
38039
38042
38044
38048
38050
38053
38059
38060
38061
38065
38067
38072
38077
38079
38082
38090
38092
38094
38096
38101
38107
38110
38111
38113
38117
38123
38124
38125
38126
38130
38133
38137
38138
38143
38144
38145
38152
38156
38158
38160
38161
38166
38169
38170
38172
38174
38175
38180
38181
38188
38202
38205
38211
38214
38215
38221
38223
38226
38227
38229
38230
38232
38233
38238
38243
38245
38254
38260
38267
38268
38269
38271
38272
38274
38279
38288
38289
38296
38301
38306
38307
38310
38312
38314
38317
38322
38327
38330
38331
38334
38337
38341
38345
38351
38354
38359
38362
38364
38369
38373
38375
38377
38378
38379
38380
38392
38394
38398
38400
38403
38404
38406
38408
38409
38414
38418
38419
38422
38425
38430
38432
38433
38434
38445
38449
38450
38452
38453
38456
38462
38465
38467
38471
38474
38482
38489
38490
38491
38492
38493
38494
38506
38507
38511
38513
38514
38515
38523
38524
38534
38536
38538
38541
38542
38546
38556
38557
38558
38559
38560
38562
38563
38567
38573
38577
38578
38581
38584
38588
38593
38594
38595
38598
38599
38603
38604
38605
38608
38609
38613
38620
38625
38627
38628
38629
38631
38634
38638
38639
38641
38648
38651
38653
38663
38666
38667
38669
38671
38672
38678
38683
38685
38686
38688
38694
38697
38702
38703
38705
38710
38716
38719
38723
38725
38730
38731
38738
38739
38740
38746
38747
38750
38752
38759
38764
38766
38769
38775
38786
38789
38797
38804
38805
38811
38817
38823
38827
38828
38829
38831
38832
38835
38836
38840
38841
38842
38844
38845
38846
38847
38848
38850
38852
38854
38858
38864
38869
38870
38873
38874
38875
38883
38884
38886
38887
38888
38891
38892
38895
38901
38903
38905
38912
38913
38914
38916
38924
38927
38931
38933
38935
38937
38939
38944
38950
38953
38956
38957
38958
38963
38967
38974
38975
38977
38981
38987
38988
38990
38991
38994
39001
39002
39014
39017
39019
39020
39023
39032
39033
39039
39041
39044
39045
39046
39047
39053
39055
39058
39060
39061
39068
39069
39076
39079
39080
39084
39086
39089
39093
39096
39098
39099
39101
39103
39104
39105
39118
39120
39121
39125
39131
39141
39145
39152
39155
39158
39159
39166
39168
39170
39171
39179
39192
39193
39202
39206
39207
39213
39223
39224
39228
39232
39241
39245
39246
39247
39257
39259
39260
39262
39264
39267
39275
39282
39283
39284
39286
39291
39297
39304
39305
39306
39311
39316
39322
39323
39325
39328
39329
39330
39334
39336
39339
39341
39342
39349
39350
39352
39353
39355
39358
39361
39362
39363
39365
39372
39375
39376
39380
39383
39389
39390
39394
39398
39399
39403
39404
39406
39408
39411
39415
39416
39419
39423
39424
39433
39436
39437
39439
39441
39446
39447
39448
39464
39474
39475
39478
39480
39482
39483
39486
39488
39491
39495
39497
39500
39503
39504
39513
39515
39517
39522
39523
39525
39529
39532
39535
39539
39541
39543
39545
39547
39548
39555
39564
39572
39575
39577
39579
39582
39585
39587
39588
39589
39590
39592
39595
39603
39608
39609
39616
39617
39618
39619
39620
39623
39624
39625
39626
39628
39632
39633
39634
39636
39637
39642
39643
39647
39648
39653
39657
39660
39665
39666
39669
39676
39683
39686
39696
39699
39700
39704
39705
39712
39714
39715
39718
39721
39723
39727
39730
39732
39733
39736
39737
39739
39741
39746
39748
39750
39751
39760
39761
39762
39763
39764
39770
39772
39776
39785
39787
39788
39789
39797
39801
39806
39816
39817
39819
39821
39822
39830
39841
39848
39851
39852
39857
39858
39859
39862
39863
39864
39869
39871
39873
39875
39876
39880
39884
39885
39888
39890
39894
39895
39902
39903
39904
39910
39913
39915
39917
39923
39931
39934
39937
39943
39945
39946
39948
39950
39952
39964
39965
39968
39976
39981
39982
39983
39991
39995
39998
39999
40008
40014
40024
40028
40043
40044
40050
40055
40066
40068
40084
40087
40089
40092
40095
40112
40117
40118
40122
40131
40132
40133
40135
40151
40159
40164
40166
40167
40168
40169
40185
40190
40203
40208
40211
40218
40224
40225
40226
40227
40236
40237
40246
40247
40249
40255
40257
40260
40273
40281
40283
40285
40298
40309
40312
40326
40327
40328
40336
40347
40351
40352
40353
40355
40357
40373
40378
40379
40383
40394
40401
40407
40410
40417
40425
40430
40433
40435
40443
40444
40449
40450
40460
40468
40477
40491
40498
40503
40511
40512
40516
40521
40523
40527
40528
40535
40536
40538
40539
40544
40548
40551
40564
40566
40581
40586
40597
40605
40617
40618
40623
40627
40628
40642
40644
40654
40655
40657
40659
40671
40673
40678
40683
40692
40697
40722
40739
40744
40746
40750
40759
40777
40782
40797
40802
40803
40806
40823
40830
40831
40837
40839
40840
40845
40847
40848
40850
40855
40858
40864
40869
40876
40877
40880
40881
40883
40884
40885
40888
40894
40898
40902
40908
40909
40910
40911
40913
40922
40923
40929
40931
40937
40943
40950
40954
40958
40959
40963
40965
40980
40982
40989
40991
41002
41006
41007
41015
41017
41018
41032
41038
41039
41046
41047
41057
41063
41068
41075
41077
41078
41099
41100
41107
41114
41124
41128
41130
41140
41144
41156
41162
41167
41168
41172
41176
41192
41195
41205
41209
41212
41218
41224
41232
41235
41236
41247
41254
41260
41261
41265
41266
41272
41286
41289
41292
41293
41297
41299
41313
41314
41315
41318
41321
41352
41359
41365
41367
41370
41374
41377
41379
41381
41386
41387
41392
41396
41400
41403
41408
41415
41418
41436
41444
41459
41474
41478
41479
41483
41486
41493
41494
41497
41498
41505
41513
41514
41522
41525
41527
41529
41537
41544
41550
41562
41574
41586
41589
41594
41601
41610
41618
41620
41626
41631
41634
41635
41636
41652
41657
41659
41666
41681
41682
41684
41688
41691
41694
41724
41727
41731
41746
41751
41752
41757
41762
41787
41790
41791
41793
41800
41808
41814
41818
41819
41820
41824
41825
41831
41832
41833
41840
41850
41851
41857
41864
41865
41866
41871
41873
41889
41921
41922
41935
41937
41942
41944
41948
41957
41960
41963
41973
41978
41995
41998
42003
42017
42032
42034
42038
42039
42045
42046
42056
42061
42075
42078
42082
42096
42103
42106
42125
42133
42134
42135
42156
42161
42171
42172
42185
42187
42188
42192
42203
42212
42215
42229
42235
42236
42242
42246
42247
42252
42258
42262
42267
42272
42273
42274
42276
42279
42282
42284
42316
42324
42329
42331
42337
42338
42344
42345
42346
42347
42348
42355
42356
42369
42370
42376
42381
42383
42384
42390
42391
42401
42402
42411
42413
42418
42429
42432
42436
42440
42446
42447
42449
42455
42465
42467
42478
42486
42493
42496
42500
42501
42511
42517
42519
42525
42531
42533
42537
42555
42562
42566
42570
42573
42575
42583
42587
42588
42600
42613
42614
42625
42636
42643
42647
42653
42656
42664
42667
42668
42679
42681
42688
42690
42699
42716
42720
42743
42748
42751
42766
42773
42779
42781
42787
42796
42798
42799
42800
42804
42806
42813
42817
42827
42847
42856
42861
42866
42868
42871
42872
42876
42877
42879
42885
42886
42887
42888
42896
42899
42901
42907
42915
42917
42919
42924
42929
42932
42940
42945
42950
42951
42952
42957
42958
42964
42968
42976
42977
42980
42983
42988
43002
43009
43013
43014
43016
43022
43026
43031
43034
43037
43042
43047
43049
43065
43081
43091
43092
43094
43106
43108
43119
43131
43136
43138
43140
43141
43142
43146
43147
43150
43161
43164
43169
43176
43187
43189
43190
43203
43222
43228
43237
43242
43246
43250
43255
43256
43261
43268
43271
43272
43278
43279
43292
43296
43305
43307
43308
43313
43327
43330
43331
43333
43340
43344
43352
43354
43358
43360
43370
43372
43377
43379
43380
43384
43385
43391
43396
43412
43414
43419
43421
43422
43428
43431
43442
43445
43447
43456
43459
43464
43478
43479
43483
43488
43489
43494
43496
43500
43501
43505
43507
43512
43514
43520
43525
43526
43528
43537
43541
43559
43560
43563
43567
43568
43581
43587
43594
43596
43624
43625
43627
43634
43640
43647
43652
43654
43655
43668
43672
43681
43687
43693
43695
43698
43701
43702
43718
43719
43720
43730
43745
43747
43752
43759
43768
43774
43776
43777
43787
43790
43796
43800
43803
43810
43811
43814
43821
43822
43827
43842
43845
43851
43852
43856
43859
43864
43865
43867
43879
43881
43882
43894
43901
43909
43913
43919
43922
43934
43947
43954
43961
43967
43968
43971
43974
43977
43980
43989
44004
44012
44013
44015
44021
44022
44032
44035
44038
44057
44073
44077
44079
44081
44082
44083
44085
44086
44088
44093
44101
44106
44107
44110
44117
44120
44127
44137
44143
44146
44148
44151
44171
44178
44188
44191
44192
44210
44214
44227
44228
44234
44235
44244
44245
44249
44262
44264
44269
44270
44274
44285
44289
44293
44303
44314
44317
44318
44326
44327
44329
44342
44365
44368
44371
44375
44382
44389
44395
44396
44413
44429
44435
44447
44451
44455
44456
44478
44484
44489
44492
44506
44518
44522
44523
44525
44528
44533
44535
44547
44559
44563
44569
44571
44582
44594
44596
44597
44627
44628
44631
44653
44657
44658
44662
44668
44670
44676
44677
44681
44683
44684
44686
44695
44696
44700
44705
44708
44709
44721
44730
44735
44759
44760
44761
44762
44769
44771
44788
44792
44801
44806
44807
44812
44813
44817
44818
44822
44823
44824
44853
44854
44870
44872
44890
44899
44905
44914
44921
44927
44928
44933
44937
44946
44947
44954
44959
44970
44971
44975
44986
44989
44990
44991
45001
45003
45005
45014
45015
45016
45019
45020
45024
45027
45029
45031
45032
45045
45047
45048
45051
45055
45063
45065
45066
45067
45075
45104
45105
45112
45119
45121
45124
45127
45128
45131
45136
45138
45144
45145
45149
45150
45160
45161
45166
45167
45171
45182
45185
45187
45189
45190
45193
45195
45198
45202
45204
45205
45207
45212
45213
45221
45225
45228
45232
45234
45241
45245
45251
45252
45254
45255
45259
45260
45262
45265
45271
45272
45276
45277
45281
45282
45287
45290
45297
45299
45300
45302
45305
45307
45316
45322
45336
45340
45341
45344
45347
45349
45359
45360
45366
45376
45388
45390
45396
45402
45403
45412
45415
45416
45427
45436
45438
45440
45442
45444
45446
45447
45450
45454
45455
45461
45464
45465
45467
45482
45483
45486
45492
45493
45496
45505
45515
45525
45526
45536
45545
45546
45554
45555
45558
45560
45561
45572
45577
45587
45588
45591
45609
45611
45613
45618
45623
45624
45627
45632
45634
45635
45646
45650
45651
45652
45660
45664
45666
45670
45671
45672
45679
45690
45698
45700
45701
45708
45719
45722
45724
45738
45744
45745
45747
45754
45755
45761
45767
45769
45777
45780
45786
45788
45792
45799
45803
45809
45817
45818
45820
45821
45823
45827
45838
45840
45844
45848
45851
45858
45860
45869
45880
45883
45886
45889
45890
45891
45892
45907
45908
45910
45911
45916
45917
45918
45923
45924
45927
45942
45955
45956
45960
45972
45977
45979
45985
45986
45988
45994
45996
46004
46009
46014
46017
46022
46025
46027
46029
46031
46033
46034
46036
46037
46038
46050
46057
46058
46064
46071
46074
46080
46090
46091
46095
46096
46103
46112
46121
46123
46132
46138
46144
46154
46158
46165
46167
46175
46176
46178
46180
46189
46201
46210
46212
46213
46216
46233
46235
46238
46240
46243
46245
46248
46250
46254
46258
46261
46262
46276
46283
46293
46297
46298
46303
46307
46311
46316
46317
46338
46339
46342
46345
46355
46362
46363
46364
46368
46370
46374
46375
46381
46384
46393
46394
46396
46398
46400
46402
46403
46404
46410
46416
46417
46423
46424
46426
46427
46437
46438
46443
46447
46453
46454
46455
46456
46457
46458
46461
46474
46478
46480
46490
46491
46496
46497
46504
46506
46512
46520
46521
46525
46527
46532
46543
46549
46559
46562
46570
46572
46579
46582
46597
46598
46600
46601
46603
46617
46619
46620
46627
46630
46641
46647
46649
46650
46653
46666
46672
46681
46690
46694
46701
46704
46705
46710
46714
46719
46721
46726
46727
46730
46735
46738
46743
46748
46751
46754
46756
46758
46759
46767
46769
46777
46779
46786
46787
46791
46796
46801
46802
46803
46805
46809
46813
46823
46828
46841
46843
46848
46852
46854
46855
46856
46870
46880
46882
46885
46891
46892
46895
46896
46897
46902
46904
46908
46909
46916
46920
46923
46926
46927
46930
46932
46937
46939
46941
46943
46945
46950
46952
46955
46962
46965
46981
46986
46987
46994
47003
47014
47015
47016
47020
47029
47033
47035
47040
47048
47050
47052
47055
47056
47059
47060
47061
47062
47063
47066
47072
47074
47079
47080
47085
47086
47095
47096
47097
47105
47107
47110
47113
47115
47119
47120
47125
47129
47131
47132
47136
47144
47147
47157
47165
47167
47170
47181
47199
47201
47203
47208
47212
47218
47227
47231
47234
47259
47277
47286
47287
47297
47298
47300
47304
47305
47306
47308
47310
47317
47319
47324
47325
47331
47342
47357
47360
47361
47363
47365
47370
47372
47374
47380
47386
47387
47389
47395
47400
47406
47412
47419
47422
47426
47429
47431
47432
47437
47439
47448
47452
47455
47458
47461
47462
47476
47477
47480
47485
47491
47493
47495
47497
47500
47501
47502
47505
47510
47517
47518
47519
47546
47548
47550
47552
47554
47555
47558
47559
47562
47566
47567
47578
47579
47580
47582
47585
47586
47589
47593
47597
47598
47601
47610
47611
47614
47615
47625
47630
47636
47638
47639
47640
47643
47644
47648
47658
47660
47671
47675
47676
47678
47679
47683
47685
47699
47700
47704
47705
47710
47711
47713
47716
47726
47729
47742
47748
47760
47779
47780
47785
47786
47789
47794
47796
47800
47803
47807
47816
47817
47820
47821
47823
47829
47842
47846
47849
47857
47859
47862
47864
47866
47869
47870
47873
47877
47888
47891
47893
47897
47901
47902
47906
47909
47917
47920
47928
47929
47937
47958
47967
47971
47976
47978
47993
47999
48002
48003
48011
48015
48022
48023
48026
48030
48031
48032
48035
48037
48046
48047
48055
48063
48066
48073
48074
48075
48076
48077
48087
48088
48093
48096
48102
48103
48108
48109
48110
48112
48116
48134
48146
48148
48149
48156
48157
48158
48159
48160
48163
48169
48173
48174
48175
48176
48180
48181
48183
48188
48197
48198
48206
48210
48224
48239
48241
48245
48250
48258
48259
48265
48278
48279
48282
48291
48303
48304
48305
48315
48319
48320
48322
48323
48325
48333
48334
48347
48348
48352
48353
48356
48364
48367
48381
48384
48390
48394
48402
48411
48412
48414
48416
48418
48423
48430
48435
48440
48442
48443
48444
48455
48458
48466
48479
48483
48487
48491
48497
48499
48505
48510
48511
48512
48514
48515
48516
48517
48528
48538
48539
48540
48546
48548
48557
48559
48563
48565
48569
48570
48576
48577
48587
48588
48589
48590
48591
48594
48595
48597
48600
48607
48618
48633
48635
48636
48637
48641
48645
48646
48647
48650
48654
48656
48663
48665
48667
48670
48673
48675
48678
48680
48686
48687
48690
48692
48695
48699
48716
48717
48720
48721
48722
48736
48737
48752
48754
48760
48761
48764
48765
48767
48774
48777
48778
48782
48783
48784
48785
48790
48792
48799
48802
48813
48814
48815
48849
48859
48860
48861
48865
48867
48875
48877
48881
48886
48887
48889
48898
48904
48907
48909
48912
48919
48923
48925
48926
48927
48928
48932
48938
48939
48948
48952
48956
48957
48958
48961
48967
48971
48972
48982
48984
48985
48988
48992
48993
48994
48998
49006
49022
49024
49028
49032
49033
49034
49037
49039
49040
49045
49049
49057
49059
49068
49079
49080
49083
49088
49089
49090
49094
49095
49098
49105
49109
49112
49127
49128
49129
49139
49141
49145
49147
49150
49151
49153
49158
49161
49162
49163
49165
49171
49177
49192
49194
49197
49200
49201
49210
49217
49220
49221
49226
49230
49232
49241
49247
49248
49251
49253
49254
49261
49272
49274
49275
49284
49290
49294
49297
49300
49304
49309
49314
49319
49320
49323
49325
49346
49349
49357
49361
49362
49363
49371
49372
49376
49385
49391
49394
49396
49401
49402
49403
49410
49420
49428
49430
49431
49434
49435
49437
49438
49459
49460
49461
49471
49472
49474
49476
49488
49490
49492
49494
49504
49505
49508
49518
49523
49532
49535
49536
49540
49541
49542
49550
49551
49553
49554
49559
49561
49562
49568
49572
49579
49581
49583
49584
49588
49589
49595
49598
49603
49605
49614
49622
49625
49631
49643
49644
49648
49655
49661
49663
49676
49691
49697
49698
49711
49717
49719
49721
49723
49726
49732
49738
49747
49751
49752
49753
49763
49766
49769
49770
49771
49775
49781
49790
49792
49793
49808
49809
49817
49821
49823
49824
49834
49839
49843
49847
49848
49860
49861
49867
49870
49874
49877
49879
49882
49883
49892
49895
49897
49898
49908
49909
49911
49917
49919
49921
49922
49924
49930
49931
49941
49942
49945
49948
49950
49957
49961
49964
49968
49973
49977
49978
49979
49982
49985
49986
49987
