0
4
6
8
11
22
29
49
55
56
58
64
66
68
70
81
84
96
98
100
104
105
106
119
120
123
124
126
128
129
130
131
133
134
136
137
138
147
148
155
157
160
161
162
164
166
167
169
171
175
177
180
186
187
192
198
199
202
203
204
208
212
215
218
219
223
225
228
229
230
231
233
245
247
248
250
253
254
255
256
260
262
263
264
265
271
272
273
290
299
310
312
317
318
320
322
326
330
334
335
336
338
340
341
345
348
350
353
355
356
364
365
375
376
382
385
387
389
390
401
404
405
414
417
421
424
425
428
431
441
448
455
460
462
465
466
473
475
479
481
482
488
489
490
493
498
506
512
513
518
520
525
528
530
531
534
537
538
541
548
550
554
556
558
564
580
584
588
593
595
598
604
606
608
612
614
615
617
620
624
630
632
634
641
642
643
645
646
649
650
651
654
656
657
659
660
666
669
678
679
680
682
683
688
694
698
699
700
702
703
704
705
708
712
713
715
717
718
720
732
747
751
752
755
759
761
773
775
776
782
790
794
796
799
802
803
805
808
809
811
813
815
816
819
823
826
827
831
832
833
834
837
840
841
842
843
846
849
852
854
858
860
861
862
876
877
880
884
887
888
889
890
899
901
904
912
913
914
925
934
935
943
945
961
965
967
968
969
973
977
982
986
995
998
1000
1001
1002
1003
1005
1009
1013
1016
1019
1022
1027
1028
1030
1031
1032
1033
1035
1042
1045
1048
1050
1055
1059
1061
1063
1065
1069
1072
1081
1083
1090
1098
1100
1102
1106
1109
1111
1114
1115
1119
1133
1134
1136
1150
1151
1153
1157
1158
1177
1180
1182
1187
1189
1192
1193
1198
1201
1202
1203
1205
1211
1217
1220
1221
1222
1224
1230
1231
1232
1234
1236
1237
1238
1239
1245
1246
1247
1248
1250
1253
1254
1255
1256
1257
1259
1260
1263
1267
1276
1281
1282
1285
1287
1290
1297
1300
1301
1302
1306
1308
1313
1322
1323
1325
1326
1327
1328
1334
1335
1341
1343
1344
1349
1351
1358
1360
1363
1367
1368
1369
1373
1375
1381
1384
1385
1387
1389
1390
1392
1394
1395
1396
1397
1405
1406
1407
1412
1415
1416
1421
1423
1424
1428
1429
1433
1436
1437
1442
1456
1457
1464
1470
1475
1488
1489
1494
1501
1504
1507
1512
1514
1518
1521
1529
1530
1533
1534
1537
1538
1542
1543
1545
1546
1547
1550
1552
1555
1558
1560
1561
1568
1572
1574
1581
1582
1583
1586
1588
1589
1594
1598
1602
1606
1612
1616
1620
1621
1626
1628
1635
1637
1638
1641
1646
1647
1648
1652
1655
1659
1666
1669
1672
1679
1681
1684
1686
1688
1695
1696
1702
1704
1705
1711
1713
1721
1724
1728
1731
1732
1735
1736
1737
1740
1742
1745
1747
1752
1754
1755
1756
1763
1765
1769
1772
1774
1779
1789
1791
1792
1793
1794
1800
1801
1805
1809
1814
1815
1821
1822
1823
1824
1830
1835
1836
1842
1848
1849
1852
1854
1857
1858
1864
1866
1869
1872
1879
1882
1885
1888
1894
1896
1898
1903
1904
1908
1918
1919
1922
1935
1938
1943
1945
1947
1950
1951
1952
1953
1956
1963
1970
1971
1973
1974
1978
1984
1985
1991
1996
2001
2007
2012
2014
2021
2022
2023
2030
2045
2047
2057
2063
2064
2067
2068
2070
2071
2072
2075
2079
2094
2097
2104
2105
2106
2114
2121
2122
2123
2124
2127
2128
2130
2143
2146
2150
2153
2155
2157
2162
2163
2164
2165
2167
2170
2171
2173
2182
2187
2188
2190
2191
2197
2201
2203
2207
2209
2212
2215
2216
2217
2219
2220
2221
2232
2239
2240
2244
2246
2255
2257
2258
2260
2265
2268
2274
2276
2277
2278
2285
2288
2290
2293
2297
2302
2303
2307
2308
2309
2312
2315
2317
2319
2325
2329
2330
2331
2336
2337
2344
2347
2348
2354
2357
2358
2360
2362
2363
2365
2368
2370
2372
2373
2374
2376
2377
2380
2382
2393
2398
2401
2406
2407
2408
2410
2412
2418
2425
2427
2442
2445
2447
2448
2451
2459
2460
2462
2463
2465
2474
2485
2488
2495
2498
2499
2503
2508
2509
2510
2519
2523
2525
2534
2541
2542
2547
2549
2552
2555
2557
2559
2560
2563
2564
2565
2570
2577
2580
2587
2588
2590
2594
2601
2604
2610
2614
2617
2623
2625
2629
2632
2633
2634
2635
2638
2644
2646
2650
2655
2658
2665
2672
2673
2674
2678
2681
2682
2684
2686
2688
2690
2695
2696
2699
2700
2708
2709
2712
2716
2718
2720
2721
2724
2727
2729
2730
2734
2736
2739
2742
2745
2747
2751
2754
2757
2760
2765
2767
2774
2777
2782
2783
2794
2795
2796
2797
2798
2799
2802
2804
2832
2834
2836
2840
2843
2850
2851
2852
2853
2859
2875
2876
2878
2880
2881
2885
2887
2889
2894
2899
2907
2914
2919
2920
2921
2929
2933
2944
2951
2952
2956
2957
2960
2968
2975
2976
2977
2979
2981
2982
2985
2988
2989
2990
2994
2996
3000
3003
3012
3013
3016
3019
3021
3023
3024
3030
3031
3033
3035
3036
3037
3039
3041
3043
3048
3050
3053
3057
3058
3062
3063
3064
3072
3073
3077
3078
3079
3083
3084
3091
3092
3100
3101
3106
3109
3118
3120
3121
3123
3124
3128
3131
3133
3137
3138
3140
3142
3145
3146
3148
3150
3153
3159
3160
3161
3163
3164
3171
3172
3175
3177
3184
3190
3192
3198
3200
3202
3203
3206
3208
3209
3211
3212
3224
3225
3226
3227
3230
3231
3232
3235
3241
3249
3258
3266
3272
3273
3274
3284
3288
3289
3292
3302
3304
3318
3320
3326
3328
3329
3337
3343
3350
3353
3368
3373
3376
3377
3380
3381
3384
3387
3389
3390
3393
3403
3404
3406
3407
3411
3412
3417
3430
3434
3436
3439
3440
3441
3443
3449
3452
3457
3462
3464
3466
3467
3474
3475
3479
3480
3484
3497
3500
3507
3512
3514
3525
3526
3535
3537
3543
3550
3554
3559
3561
3564
3570
3577
3580
3583
3585
3590
3593
3599
3603
3610
3611
3615
3616
3622
3623
3627
3636
3638
3641
3642
3644
3645
3649
3650
3655
3657
3658
3659
3661
3662
3666
3675
3678
3680
3681
3682
3683
3684
3689
3695
3698
3701
3704
3708
3709
3710
3711
3715
3719
3723
3724
3727
3730
3740
3745
3749
3751
3756
3760
3761
3762
3763
3764
3765
3766
3767
3769
3770
3775
3776
3777
3778
3781
3782
3783
3789
3791
3795
3805
3806
3812
3818
3821
3824
3826
3827
3828
3832
3836
3839
3842
3843
3844
3852
3856
3865
3866
3868
3887
3897
3908
3911
3912
3916
3917
3918
3919
3920
3921
3923
3925
3929
3935
3938
3948
3958
3965
3972
3977
3982
3986
3994
3997
3999
4002
4003
4004
4009
4010
4011
4012
4018
4020
4021
4025
4028
4034
4035
4036
4041
4042
4045
4048
4057
4058
4059
4065
4067
4073
4074
4075
4076
4082
4094
4103
4104
4107
4111
4115
4116
4119
4135
4136
4137
4139
4140
4141
4142
4151
4158
4164
4167
4171
4175
4177
4179
4184
4187
4189
4197
4198
4203
4205
4208
4209
4212
4223
4227
4228
4231
4237
4240
4241
4251
4252
4253
4256
4260
4262
4270
4271
4280
4281
4283
4285
4287
4290
4292
4293
4294
4302
4303
4308
4311
4319
4323
4325
4327
4328
4330
4341
4343
4345
4348
4351
4360
4364
4368
4373
4375
4376
4378
4381
4382
4385
4387
4394
4398
4400
4402
4404
4405
4406
4409
4411
4412
4413
4415
4418
4419
4420
4425
4428
4432
4435
4437
4439
4441
4445
4447
4449
4450
4453
4454
4455
4456
4457
4466
4470
4473
4477
4482
4483
4485
4486
4489
4493
4496
4497
4498
4501
4509
4510
4514
4515
4516
4518
4521
4528
4529
4533
4536
4538
4539
4540
4541
4548
4550
4551
4558
4559
4562
4565
4570
4573
4578
4580
4581
4582
4583
4584
4586
4591
4603
4604
4606
4609
4610
4611
4612
4613
4616
4618
4621
4622
4623
4624
4626
4627
4630
4633
4636
4640
4642
4648
4652
4656
4658
4662
4663
4670
4671
4682
4696
4697
4698
4707
4712
4718
4723
4730
4733
4740
4741
4742
4745
4751
4754
4755
4756
4757
4760
4761
4763
4766
4769
4773
4775
4778
4784
4787
4788
4798
4799
4804
4807
4812
4816
4820
4821
4824
4825
4826
4830
4834
4837
4840
4842
4843
4850
4853
4864
4869
4872
4878
4879
4885
4886
4887
4892
4893
4897
4900
4904
4906
4907
4908
4911
4912
4917
4919
4923
4926
4937
4940
4950
4951
4956
4957
4958
4961
4967
4982
4984
4986
4987
4989
4998
4999
5018
5021
5031
5037
5039
5040
5047
5051
5057
5064
5077
5088
5092
5105
5108
5120
5128
5131
5134
5135
5141
5142
5144
5149
5154
5158
5165
5171
5183
5184
5186
5192
5206
5212
5228
5234
5238
5239
5247
5256
5257
5258
5264
5267
5274
5278
5282
5283
5295
5298
5301
5304
5305
5308
5313
5317
5321
5322
5326
5344
5369
5381
5392
5394
5398
5399
5407
5410
5414
5419
5420
5423
5432
5444
5454
5457
5460
5463
5468
5471
5472
5479
5489
5493
5494
5501
5508
5510
5517
5518
5519
5523
5526
5527
5535
5538
5542
5546
5559
5561
5567
5573
5574
5575
5582
5586
5599
5606
5612
5614
5628
5634
5637
5658
5676
5678
5679
5688
5691
5695
5700
5710
5729
5732
5737
5739
5744
5773
5781
5786
5788
5789
5791
5795
5799
5800
5812
5821
5829
5831
5832
5837
5840
5845
5853
5856
5863
5874
5875
5883
5888
5899
5901
5911
5936
5939
5944
5948
5955
5957
5963
5968
5976
5979
5980
5984
5987
5992
6001
6012
6015
6022
6023
6035
6079
6080
6084
6085
6086
6093
6100
6121
6127
6130
6131
6134
6137
6140
6148
6152
6161
6164
6169
6174
6176
6182
6189
6190
6195
6200
6207
6218
6237
6238
6258
6261
6266
6286
6289
6290
6291
6300
6302
6304
6307
6315
6318
6332
6354
6356
6360
6361
6363
6375
6381
6384
6399
6409
6418
6419
6421
6447
6448
6450
6454
6467
6471
6487
6489
6491
6496
6500
6503
6506
6511
6519
6529
6532
6551
6564
6566
6571
6573
6575
6579
6582
6592
6603
6609
6624
6628
6637
6642
6645
6660
6663
6664
6668
6669
6680
6689
6694
6700
6701
6706
6707
6709
6728
6737
6738
6748
6754
6758
6768
6770
6776
6782
6783
6787
6791
6806
6807
6809
6813
6818
6838
6843
6852
6857
6860
6861
6866
6876
6878
6880
6882
6885
6886
6890
6895
6912
6915
6919
6921
6926
6933
6936
6949
6950
6957
6966
6976
6981
6994
6996
6999
7000
7001
7003
7005
7009
7022
7028
7029
7049
7063
7074
7082
7083
7085
7089
7090
7092
7099
7100
7101
7103
7107
7111
7114
7116
7129
7131
7136
7148
7149
7156
7158
7183
7208
7215
7219
7222
7223
7224
7233
7240
7241
7246
7250
7254
7256
7270
7278
7283
7286
7290
7291
7296
7301
7305
7314
7318
7327
7336
7338
7350
7366
7375
7376
7384
7392
7398
7413
7419
7425
7429
7437
7439
7449
7451
7453
7459
7463
7465
7467
7469
7479
7488
7498
7502
7520
7525
7536
7537
7544
7551
7559
7574
7575
7591
7594
7620
7626
7631
7636
7639
7642
7656
7663
7668
7678
7679
7687
7700
7706
7719
7737
7742
7746
7750
7797
7808
7811
7812
7830
7839
7850
7853
7857
7858
7861
7863
7869
7872
7875
7876
7878
7881
7885
7888
7911
7919
7921
7923
7926
7928
7932
7934
7935
7936
7939
7941
7944
7945
7951
7954
7966
7967
7968
7972
7980
7992
7997
8018
8019
8021
8030
8040
8041
8042
8051
8067
8080
8088
8092
8095
8099
8108
8111
8118
8120
8122
8128
8130
8131
8136
8140
8143
8146
8147
8154
8161
8163
8169
8171
8190
8196
8199
8211
8217
8224
8231
8233
8238
8243
8246
8250
8256
8258
8264
8266
8269
8272
8278
8288
8304
8307
8316
8327
8336
8341
8354
8363
8374
8375
8406
8415
8427
8431
8446
8460
8466
8475
8476
8487
8491
8493
8494
8498
8506
8508
8525
8531
8548
8549
8550
8565
8566
8589
8593
8594
8601
8604
8610
8620
8622
8627
8629
8632
8641
8644
8647
8650
8661
8664
8667
8674
8677
8692
8709
8715
8716
8717
8720
8727
8738
8758
8762
8772
8776
8781
8784
8785
8789
8802
8810
8814
8818
8827
8828
8829
8839
8841
8843
8845
8846
8849
8850
8855
8861
8867
8868
8873
8888
8890
8895
8896
8907
8908
8921
8923
8928
8940
8943
8947
8957
8965
8971
8973
8988
8990
8994
9003
9011
9012
9013
9016
9024
9029
9032
9036
9045
9068
9069
9086
9091
9102
9104
9107
9109
9117
9120
9127
9142
9150
9159
9164
9178
9187
9209
9216
9222
9244
9246
9248
9250
9251
9261
9277
9278
9281
9284
9287
9290
9298
9305
9306
9315
9316
9321
9356
9363
9366
9382
9385
9391
9396
9420
9426
9437
9444
9447
9451
9453
9454
9465
9470
9494
9500
9502
9505
9508
9509
9513
9521
9524
9529
9530
9533
9541
9543
9545
9557
9562
9563
9568
9573
9578
9583
9590
9600
9601
9612
9628
9649
9650
9653
9703
9704
9712
9716
9724
9728
9734
9736
9738
9747
9748
9757
9760
9763
9768
9781
9798
9801
9805
9806
9811
9815
9820
9821
9822
9824
9834
9836
9844
9853
9870
9872
9875
9880
9881
9886
9896
9897
9914
9915
9924
9932
9940
9945
9946
9953
9955
9956
9962
9964
9965
9970
9994
10004
10006
10008
10010
10013
10015
10017
10021
10022
10023
10024
10026
10030
10032
10033
10034
10038
10045
10047
10048
10050
10051
10054
10058
10063
10068
10079
10080
10081
10083
10084
10086
10087
10092
10095
10096
10097
10101
10104
10109
10110
10112
10119
10122
10127
10128
10130
10131
10133
10134
10137
10145
10146
10147
10148
10152
10153
10159
10164
10171
10173
10175
10178
10180
10182
10183
10184
10185
10187
10189
10191
10192
10196
10198
10204
10205
10206
10207
10208
10210
10211
10213
10215
10221
10223
10224
10226
10232
10236
10237
10244
10245
10247
10250
10252
10258
10261
10263
10270
10273
10279
10280
10282
10287
10291
10293
10294
10296
10297
10300
10302
10304
10310
10311
10313
10316
10318
10319
10322
10324
10325
10327
10328
10331
10334
10347
10348
10349
10351
10353
10354
10362
10363
10364
10367
10368
10369
10371
10373
10375
10377
10389
10394
10399
10400
10401
10403
10404
10409
10412
10413
10416
10417
10421
10422
10424
10430
10434
10435
10438
10440
10446
10447
10449
10450
10452
10453
10458
10460
10462
10465
10466
10469
10470
10472
10474
10478
10481
10482
10491
10496
10499
10502
10505
10506
10511
10512
10513
10514
10516
10519
10520
10523
10527
10528
10534
10536
10537
10538
10542
10552
10553
10562
10565
10567
10571
10574
10576
10577
10578
10580
10585
10587
10591
10595
10598
10602
10603
10606
10607
10608
10609
10610
10612
10613
10615
10616
10619
10620
10621
10624
10625
10627
10629
10630
10631
10635
10641
10642
10643
10649
10650
10654
10657
10658
10665
10668
10669
10675
10679
10680
10681
10682
10686
10689
10692
10694
10695
10700
10701
10706
10707
10708
10712
10716
10724
10726
10728
10730
10731
10732
10733
10739
10740
10742
10743
10744
10745
10746
10749
10752
10753
10755
10758
10760
10761
10762
10764
10768
10769
10775
10779
10780
10781
10783
10785
10786
10788
10790
10797
10802
10803
10805
10809
10810
10811
10813
10816
10818
10820
10823
10824
10826
10832
10836
10837
10844
10850
10854
10855
10856
10857
10860
10861
10865
10874
10875
10878
10881
10889
10890
10893
10894
10900
10902
10905
10906
10912
10918
10920
10922
10924
10925
10926
10927
10932
10945
10950
10953
10966
10968
10969
10972
10973
10975
10980
10982
10983
10984
10986
10990
10991
10995
11000
11001
11002
11003
11006
11007
11011
11016
11018
11019
11021
11022
11024
11025
11028
11030
11033
11037
11038
11039
11042
11044
11045
11048
11049
11051
11052
11053
11054
11061
11063
11064
11065
11066
11069
11073
11075
11076
11080
11083
11084
11085
11094
11097
11098
11102
11103
11106
11108
11113
11117
11118
11120
11122
11128
11133
11134
11135
11136
11137
11140
11141
11144
11145
11146
11149
11153
11156
11158
11163
11164
11166
11168
11171
11172
11174
11175
11178
11180
11181
11186
11189
11192
11197
11201
11203
11205
11208
11209
11211
11215
11216
11217
11223
11225
11226
11227
11232
11233
11235
11237
11238
11247
11249
11251
11252
11256
11259
11261
11262
11265
11268
11269
11275
11279
11283
11289
11292
11300
11302
11303
11306
11308
11309
11313
11315
11316
11317
11318
11322
11323
11324
11326
11328
11331
11333
11338
11339
11342
11343
11357
11359
11361
11362
11364
11367
11370
11373
11375
11378
11380
11382
11393
11399
11401
11404
11407
11409
11411
11412
11417
11419
11422
11424
11425
11426
11432
11439
11443
11446
11448
11453
11455
11456
11458
11463
11464
11465
11467
11473
11479
11484
11486
11487
11493
11494
11497
11503
11504
11509
11510
11513
11517
11521
11525
11526
11527
11534
11542
11545
11547
11548
11549
11553
11554
11555
11558
11561
11563
11565
11573
11576
11580
11583
11590
11593
11595
11596
11599
11601
11602
11603
11605
11607
11608
11611
11612
11615
11621
11624
11625
11631
11633
11634
11635
11637
11642
11645
11648
11650
11657
11658
11662
11664
11665
11666
11667
11669
11670
11676
11680
11682
11686
11688
11693
11694
11695
11696
11697
11698
11699
11700
11701
11702
11705
11707
11708
11717
11718
11723
11724
11725
11726
11729
11730
11739
11740
11743
11745
11746
11747
11748
11754
11759
11769
11770
11774
11781
11782
11788
11790
11796
11798
11799
11805
11809
11813
11814
11820
11821
11823
11824
11829
11832
11833
11836
11848
11849
11852
11856
11859
11860
11865
11866
11867
11868
11869
11870
11872
11873
11876
11889
11890
11891
11892
11893
11895
11897
11899
11901
11902
11910
11913
11917
11918
11920
11922
11929
11930
11931
11935
11940
11941
11942
11948
11950
11952
11953
11954
11955
11956
11960
11963
11964
11966
11968
11978
11981
11982
11983
11984
11985
11988
11989
11992
11993
11994
11998
12001
12003
12008
12011
12012
12013
12014
12015
12016
12017
12022
12026
12033
12040
12043
12045
12050
12051
12052
12054
12055
12059
12061
12063
12065
12069
12070
12076
12077
12078
12079
12082
12084
12086
12087
12088
12093
12095
12098
12100
12101
12103
12105
12108
12110
12112
12113
12114
12119
12120
12121
12127
12128
12132
12138
12139
12140
12148
12149
12155
12158
12161
12164
12171
12172
12177
12181
12184
12185
12187
12188
12191
12193
12194
12196
12200
12201
12202
12203
12204
12209
12211
12214
12215
12216
12217
12218
12219
12220
12221
12225
12227
12228
12232
12238
12239
12241
12242
12243
12244
12245
12246
12248
12252
12258
12259
12261
12266
12272
12273
12275
12276
12277
12280
12281
12284
12288
12289
12291
12292
12295
12303
12305
12306
12309
12314
12315
12316
12317
12318
12320
12325
12326
12328
12331
12332
12338
12339
12343
12344
12348
12352
12357
12358
12361
12363
12366
12368
12370
12371
12375
12380
12382
12386
12389
12390
12397
12398
12404
12405
12406
12407
12409
12412
12417
12418
12419
12423
12425
12426
12428
12429
12435
12437
12438
12439
12441
12442
12443
12446
12448
12453
12454
12456
12457
12461
12462
12469
12470
12471
12472
12473
12474
12475
12476
12479
12486
12492
12498
12501
12502
12505
12509
12510
12512
12513
12514
12515
12519
12521
12522
12523
12526
12530
12533
12541
12542
12543
12547
12549
12551
12555
12557
12563
12571
12572
12574
12576
12579
12581
12585
12586
12587
12588
12590
12591
12592
12593
12600
12601
12604
12605
12608
12610
12624
12625
12626
12628
12629
12631
12637
12638
12640
12644
12646
12647
12648
12650
12651
12653
12654
12657
12658
12660
12663
12664
12674
12679
12680
12682
12688
12698
12699
12701
12702
12703
12704
12705
12706
12709
12712
12713
12717
12718
12720
12722
12732
12733
12743
12746
12747
12748
12750
12754
12756
12757
12758
12762
12766
12769
12772
12774
12777
12780
12781
12785
12796
12797
12800
12801
12803
12807
12808
12809
12819
12821
12822
12823
12828
12829
12831
12832
12833
12837
12839
12840
12841
12843
12844
12853
12854
12855
12856
12857
12858
12859
12861
12867
12871
12872
12876
12877
12878
12883
12884
12887
12889
12890
12893
12894
12897
12901
12904
12906
12910
12911
12912
12913
12915
12916
12920
12921
12923
12924
12928
12929
12932
12936
12937
12938
12939
12940
12941
12942
12944
12947
12951
12952
12955
12958
12959
12960
12963
12964
12966
12969
12970
12975
12976
12977
12983
12984
12985
12986
12989
12990
12993
12994
12996
12999
13001
13007
13008
13009
13011
13012
13013
13018
13019
13020
13024
13029
13030
13033
13036
13037
13039
13040
13041
13042
13043
13047
13050
13053
13054
13058
13060
13061
13062
13063
13064
13065
13070
13072
13077
13081
13082
13092
13096
13097
13098
13099
13100
13101
13104
13105
13110
13114
13115
13119
13121
13127
13130
13134
13138
13140
13141
13147
13149
13151
13152
13154
13155
13157
13159
13161
13162
13170
13173
13176
13179
13181
13182
13184
13192
13193
13198
13200
13204
13205
13209
13212
13213
13223
13224
13228
13231
13235
13239
13242
13244
13245
13248
13253
13256
13258
13261
13265
13267
13270
13271
13272
13276
13278
13287
13290
13291
13297
13300
13301
13305
13306
13314
13315
13316
13321
13324
13325
13327
13328
13332
13333
13337
13339
13341
13342
13345
13348
13349
13352
13355
13356
13359
13360
13363
13365
13368
13369
13371
13372
13374
13384
13385
13386
13388
13390
13393
13395
13396
13398
13399
13402
13404
13407
13408
13411
13413
13417
13421
13422
13423
13425
13426
13428
13429
13434
13437
13442
13444
13445
13452
13455
13458
13464
13465
13469
13471
13472
13473
13480
13482
13484
13485
13486
13494
13495
13501
13504
13506
13508
13510
13511
13512
13513
13515
13519
13523
13525
13529
13533
13536
13537
13538
13540
13542
13546
13548
13549
13551
13553
13555
13556
13557
13568
13569
13572
13573
13574
13575
13580
13582
13583
13586
13588
13594
13598
13603
13605
13607
13613
13619
13621
13622
13623
13628
13629
13630
13638
13643
13644
13646
13650
13651
13652
13653
13654
13656
13658
13659
13660
13662
13663
13667
13668
13671
13673
13675
13677
13681
13683
13685
13687
13688
13689
13695
13698
13699
13701
13704
13705
13714
13717
13718
13720
13721
13723
13727
13730
13734
13735
13737
13740
13741
13743
13744
13745
13746
13747
13749
13750
13752
13758
13760
13761
13762
13768
13769
13770
13771
13773
13777
13779
13781
13784
13786
13788
13790
13791
13792
13794
13796
13801
13804
13806
13807
13808
13816
13817
13818
13824
13825
13826
13827
13829
13830
13831
13835
13836
13838
13840
13843
13845
13846
13849
13850
13853
13854
13858
13863
13864
13866
13869
13870
13872
13881
13883
13884
13886
13888
13895
13896
13901
13902
13904
13916
13917
13919
13920
13921
13928
13930
13931
13933
13935
13936
13939
13940
13941
13942
13943
13945
13948
13952
13953
13954
13963
13964
13965
13968
13970
13974
13975
13978
13981
13985
13990
13992
13994
13996
13997
14005
14006
14011
14012
14013
14014
14016
14021
14022
14023
14026
14028
14031
14033
14036
14037
14038
14042
14043
14045
14046
14047
14067
14070
14072
14073
14074
14076
14077
14078
14081
14085
14086
14088
14090
14093
14097
14099
14108
14109
14112
14113
14115
14119
14120
14125
14126
14127
14128
14131
14134
14137
14138
14141
14142
14156
14159
14162
14164
14169
14171
14173
14176
14177
14181
14183
14186
14187
14189
14190
14191
14192
14195
14196
14197
14200
14201
14202
14203
14205
14213
14217
14221
14222
14223
14225
14226
14228
14232
14234
14237
14238
14239
14242
14244
14249
14251
14253
14254
14259
14260
14264
14269
14270
14274
14277
14280
14284
14288
14290
14294
14297
14298
14305
14310
14311
14313
14314
14319
14322
14326
14327
14328
14330
14332
14333
14338
14341
14343
14344
14348
14350
14351
14352
14353
14355
14357
14358
14359
14364
14365
14368
14373
14380
14381
14383
14389
14390
14391
14395
14396
14400
14401
14404
14406
14407
14408
14409
14412
14416
14417
14418
14419
14421
14422
14424
14432
14433
14435
14440
14442
14445
14447
14449
14450
14451
14453
14455
14458
14459
14460
14464
14465
14473
14476
14479
14480
14488
14489
14492
14493
14494
14495
14497
14499
14501
14503
14510
14514
14515
14520
14529
14534
14540
14541
14542
14547
14548
14549
14550
14551
14557
14562
14563
14565
14567
14570
14572
14575
14578
14580
14581
14582
14584
14586
14587
14593
14594
14596
14599
14600
14601
14602
14603
14606
14608
14609
14615
14616
14618
14621
14622
14624
14625
14627
14631
14634
14637
14639
14645
14649
14651
14652
14653
14654
14656
14658
14659
14660
14663
14667
14669
14676
14678
14680
14683
14684
14685
14688
14691
14693
14695
14698
14699
14700
14702
14704
14705
14707
14710
14711
14713
14715
14716
14721
14726
14729
14735
14740
14742
14746
14751
14753
14754
14764
14765
14766
14770
14772
14773
14782
14784
14785
14789
14792
14793
14794
14795
14796
14799
14800
14801
14803
14805
14806
14808
14809
14810
14813
14815
14820
14821
14822
14824
14825
14826
14827
14828
14829
14830
14831
14833
14835
14837
14838
14839
14840
14842
14843
14845
14846
14848
14849
14853
14854
14859
14863
14864
14872
14874
14876
14877
14879
14884
14885
14886
14888
14889
14890
14892
14895
14896
14897
14900
14903
14908
14909
14911
14914
14918
14933
14941
14942
14943
14945
14948
14951
14953
14954
14956
14957
14959
14962
14963
14965
14967
14974
14976
14978
14979
14982
14983
14987
14990
14991
14995
14998
14999
15000
15003
15004
15006
15007
15009
15010
15011
15012
15015
15019
15020
15023
15025
15026
15027
15029
15030
15031
15032
15034
15036
15037
15042
15043
15045
15046
15047
15048
15050
15052
15053
15054
15055
15056
15057
15059
15060
15061
15062
15063
15064
15066
15068
15070
15072
15073
15075
15080
15082
15083
15084
15085
15086
15088
15092
15094
15096
15097
15098
15099
15102
15105
15107
15108
15109
15110
15111
15113
15115
15116
15117
15120
15123
15126
15128
15131
15133
15135
15143
15145
15146
15148
15149
15150
15151
15153
15156
15158
15161
15162
15164
15167
15168
15170
15176
15178
15179
15182
15183
15184
15185
15187
15188
15190
15192
15194
15195
15196
15197
15198
15200
15202
15205
15206
15207
15209
15211
15212
15215
15216
15217
15218
15220
15221
15223
15225
15226
15232
15236
15237
15240
15241
15244
15245
15247
15248
15249
15251
15254
15257
15263
15265
15267
15268
15269
15271
15273
15275
15276
15277
15278
15280
15281
15287
15288
15290
15291
15294
15296
15298
15299
15301
15303
15305
15307
15308
15310
15311
15312
15313
15321
15326
15328
15330
15333
15335
15341
15343
15344
15346
15348
15352
15353
15354
15355
15359
15361
15363
15366
15367
15368
15369
15372
15373
15374
15375
15376
15378
15379
15380
15381
15384
15385
15388
15390
15392
15395
15396
15397
15398
15402
15404
15405
15407
15408
15409
15410
15411
15413
15415
15417
15418
15420
15422
15423
15424
15425
15426
15427
15429
15431
15432
15433
15436
15437
15438
15440
15441
15442
15444
15445
15446
15448
15449
15451
15452
15453
15454
15456
15457
15458
15462
15464
15465
15466
15468
15470
15471
15474
15477
15478
15480
15483
15484
15486
15487
15489
15491
15494
15498
15502
15503
15504
15505
15506
15510
15511
15512
15515
15518
15519
15520
15522
15523
15524
15527
15528
15529
15532
15536
15537
15538
15539
15543
15545
15547
15549
15550
15551
15553
15558
15559
15561
15564
15566
15567
15568
15570
15571
15574
15580
15582
15583
15584
15586
15587
15589
15592
15593
15596
15597
15601
15602
15605
15608
15611
15613
15614
15616
15619
15621
15622
15623
15627
15628
15630
15631
15632
15635
15636
15638
15642
15644
15645
15646
15650
15652
15653
15655
15656
15659
15663
15664
15666
15668
15670
15676
15678
15679
15680
15682
15683
15684
15685
15688
15689
15691
15692
15693
15695
15696
15698
15700
15702
15703
15706
15707
15709
15711
15713
15715
15721
15722
15726
15727
15728
15729
15730
15731
15732
15739
15740
15743
15745
15746
15749
15750
15752
15754
15758
15760
15762
15763
15765
15766
15767
15768
15769
15770
15771
15772
15773
15775
15776
15777
15778
15779
15780
15783
15784
15785
15788
15790
15792
15793
15799
15801
15802
15803
15804
15805
15806
15807
15809
15810
15812
15813
15814
15817
15819
15821
15826
15827
15829
15830
15833
15834
15839
15840
15842
15844
15845
15847
15849
15850
15854
15855
15856
15857
15858
15860
15863
15865
15867
15868
15870
15871
15876
15878
15879
15886
15888
15889
15890
15892
15893
15894
15897
15898
15899
15900
15904
15906
15908
15910
15915
15918
15923
15925
15929
15930
15932
15936
15937
15938
15940
15942
15943
15946
15947
15948
15949
15950
15951
15952
15954
15955
15956
15957
15958
15960
15962
15965
15966
15970
15971
15978
15981
15983
15986
15987
15988
15990
15991
15995
15996
15999
16002
16004
16011
16012
16013
16014
16015
16017
16018
16019
16020
16022
16023
16026
16027
16029
16030
16031
16033
16037
16044
16047
16048
16050
16051
16052
16053
16055
16056
16057
16059
16060
16061
16062
16065
16069
16070
16071
16072
16073
16074
16075
16076
16077
16078
16081
16083
16084
16085
16086
16087
16088
16090
16094
16095
16096
16098
16099
16100
16101
16102
16104
16105
16106
16108
16109
16112
16114
16116
16118
16119
16120
16121
16122
16124
16125
16130
16133
16134
16138
16139
16141
16143
16145
16149
16151
16155
16157
16159
16161
16162
16163
16164
16165
16166
16167
16169
16170
16172
16175
16176
16177
16184
16187
16188
16189
16191
16192
16193
16195
16197
16199
16200
16201
16203
16205
16206
16207
16208
16210
16211
16213
16216
16217
16220
16223
16225
16227
16231
16232
16234
16237
16238
16239
16244
16246
16247
16249
16250
16253
16255
16256
16257
16258
16259
16260
16261
16263
16265
16266
16267
16268
16269
16270
16271
16273
16274
16275
16276
16279
16281
16282
16284
16287
16288
16290
16291
16292
16293
16295
16297
16299
16302
16304
16305
16308
16309
16311
16316
16317
16320
16323
16324
16330
16332
16333
16334
16336
16337
16338
16339
16340
16341
16342
16344
16346
16348
16349
16353
16354
16356
16357
16359
16360
16361
16362
16363
16364
16366
16367
16368
16371
16372
16375
16378
16381
16382
16384
16385
16387
16388
16391
16392
16396
16398
16399
16401
16403
16404
16406
16409
16411
16412
16413
16414
16415
16418
16419
16421
16422
16425
16427
16428
16429
16431
16432
16435
16436
16437
16440
16441
16443
16446
16447
16451
16454
16458
16459
16461
16463
16467
16468
16470
16472
16473
16474
16475
16477
16479
16480
16481
16483
16484
16485
16487
16488
16489
16492
16494
16497
16498
16499
16505
16507
16508
16511
16512
16513
16514
16517
16519
16522
16523
16525
16528
16530
16532
16533
16535
16541
16542
16543
16544
16546
16548
16550
16554
16556
16557
16558
16559
16562
16564
16565
16566
16567
16570
16572
16574
16575
16578
16580
16581
16582
16585
16586
16588
16590
16592
16597
16598
16606
16608
16609
16614
16616
16617
16618
16621
16622
16624
16628
16630
16631
16633
16635
16638
16640
16642
16645
16646
16647
16648
16650
16652
16654
16655
16657
16658
16661
16662
16663
16666
16668
16669
16673
16675
16678
16680
16681
16682
16683
16684
16686
16687
16688
16689
16692
16696
16697
16698
16699
16701
16702
16707
16708
16711
16712
16713
16715
16716
16717
16718
16720
16722
16724
16725
16729
16732
16733
16735
16736
16737
16739
16740
16741
16742
16743
16745
16746
16747
16748
16750
16752
16753
16754
16755
16756
16762
16763
16764
16766
16768
16769
16770
16771
16773
16775
16786
16789
16791
16792
16798
16799
16801
16802
16804
16805
16806
16807
16808
16810
16811
16812
16814
16815
16816
16823
16825
16826
16828
16829
16832
16833
16835
16836
16838
16840
16841
16842
16845
16847
16849
16850
16851
16853
16857
16858
16861
16863
16864
16866
16868
16869
16871
16872
16880
16882
16886
16887
16888
16890
16891
16892
16894
16895
16896
16900
16902
16904
16905
16906
16907
16911
16912
16913
16914
16915
16918
16919
16923
16926
16927
16928
16931
16932
16933
16935
16939
16941
16942
16945
16946
16950
16952
16954
16955
16956
16957
16958
16959
16961
16962
16964
16967
16969
16972
16973
16976
16977
16978
16980
16984
16985
16986
16990
16991
16992
16993
16995
16999
17001
17002
17003
17004
17005
17006
17007
17009
17013
17015
17016
17018
17019
17022
17023
17024
17025
17028
17029
17030
17031
17032
17033
17034
17036
17037
17038
17040
17041
17042
17044
17046
17047
17048
17049
17050
17051
17052
17053
17054
17057
17064
17066
17067
17068
17069
17071
17072
17073
17074
17076
17079
17081
17085
17086
17088
17089
17090
17091
17092
17093
17100
17101
17105
17107
17108
17109
17110
17111
17116
17117
17121
17122
17123
17125
17127
17129
17132
17134
17139
17140
17141
17142
17146
17147
17148
17149
17150
17151
17159
17162
17163
17164
17165
17168
17171
17173
17174
17177
17180
17182
17183
17184
17185
17186
17187
17188
17189
17190
17191
17192
17193
17195
17197
17198
17200
17201
17202
17203
17204
17207
17208
17209
17211
17212
17214
17215
17216
17217
17218
17219
17224
17227
17228
17230
17231
17234
17236
17238
17239
17240
17242
17244
17246
17247
17248
17249
17251
17252
17257
17261
17262
17264
17265
17268
17269
17270
17271
17273
17274
17276
17277
17278
17280
17283
17284
17286
17287
17289
17290
17292
17294
17295
17296
17299
17301
17302
17306
17307
17308
17318
17321
17322
17326
17327
17329
17330
17335
17340
17341
17342
17343
17345
17349
17351
17353
17354
17359
17361
17362
17363
17365
17366
17368
17369
17370
17371
17372
17373
17374
17376
17377
17378
17379
17380
17381
17385
17386
17387
17388
17390
17391
17393
17394
17395
17396
17397
17398
17400
17401
17402
17403
17404
17405
17406
17408
17409
17410
17411
17413
17414
17415
17416
17417
17419
17424
17425
17427
17428
17431
17432
17433
17436
17437
17440
17442
17449
17450
17452
17453
17454
17455
17459
17463
17464
17467
17468
17470
17471
17472
17473
17475
17478
17479
17480
17481
17482
17483
17484
17485
17487
17488
17490
17491
17494
17495
17498
17503
17505
17506
17507
17508
17509
17510
17511
17513
17515
17517
17518
17521
17527
17530
17534
17537
17538
17540
17541
17542
17545
17546
17547
17548
17551
17557
17558
17560
17561
17563
17564
17566
17568
17570
17571
17572
17573
17576
17577
17579
17580
17583
17584
17585
17587
17589
17590
17594
17596
17598
17599
17600
17603
17604
17605
17607
17609
17610
17612
17614
17616
17619
17622
17625
17626
17627
17630
17631
17632
17636
17638
17640
17642
17645
17647
17648
17649
17650
17652
17653
17654
17657
17659
17663
17665
17666
17667
17668
17669
17671
17672
17673
17675
17677
17678
17679
17683
17685
17686
17687
17691
17693
17697
17699
17700
17701
17702
17704
17706
17709
17710
17711
17712
17713
17714
17715
17721
17722
17723
17724
17725
17726
17727
17728
17729
17733
17734
17735
17737
17738
17739
17740
17741
17744
17747
17752
17753
17757
17760
17762
17763
17764
17765
17767
17771
17772
17773
17774
17776
17777
17779
17780
17782
17783
17788
17789
17793
17795
17805
17809
17812
17814
17815
17818
17820
17821
17822
17823
17824
17828
17829
17831
17834
17835
17836
17841
17846
17848
17849
17850
17855
17856
17857
17858
17859
17860
17862
17865
17868
17869
17870
17879
17880
17886
17887
17890
17891
17895
17896
17897
17898
17900
17904
17905
17908
17909
17915
17918
17919
17922
17926
17931
17932
17933
17937
17938
17939
17940
17942
17943
17945
17946
17947
17950
17951
17952
17953
17958
17960
17961
17963
17965
17969
17970
17971
17973
17976
17978
17979
17985
17986
17989
17990
17991
17994
17995
17996
17997
17998
18002
18007
18008
18009
18010
18013
18014
18015
18016
18017
18018
18020
18023
18024
18025
18027
18028
18030
18032
18036
18037
18038
18043
18045
18046
18048
18052
18053
18054
18056
18057
18059
18060
18064
18065
18066
18067
18068
18069
18070
18072
18073
18074
18077
18079
18082
18083
18084
18085
18087
18088
18090
18091
18092
18094
18096
18097
18100
18101
18103
18104
18106
18110
18111
18112
18115
18122
18123
18124
18125
18126
18127
18131
18134
18135
18138
18139
18140
18142
18145
18146
18147
18148
18149
18150
18151
18153
18154
18155
18157
18158
18159
18160
18161
18163
18165
18166
18167
18168
18169
18170
18171
18174
18175
18177
18178
18179
18181
18182
18183
18184
18187
18188
18189
18190
18193
18194
18196
18197
18198
18200
18202
18204
18205
18206
18213
18219
18221
18222
18223
18226
18227
18228
18230
18234
18235
18236
18237
18239
18241
18243
18249
18251
18252
18253
18254
18255
18257
18258
18259
18261
18262
18264
18265
18266
18268
18269
18270
18271
18272
18277
18278
18280
18281
18282
18284
18285
18287
18288
18289
18290
18291
18293
18295
18299
18300
18301
18302
18303
18304
18305
18307
18309
18310
18311
18312
18314
18317
18321
18323
18325
18326
18327
18328
18330
18333
18337
18338
18339
18341
18342
18344
18345
18347
18348
18350
18353
18354
18356
18360
18362
18365
18366
18367
18368
18369
18370
18372
18373
18375
18376
18377
18378
18379
18382
18383
18384
18385
18386
18388
18389
18390
18391
18392
18393
18394
18396
18397
18398
18401
18402
18404
18405
18407
18408
18410
18411
18412
18414
18416
18421
18423
18425
18426
18427
18428
18430
18431
18437
18438
18439
18440
18441
18442
18444
18445
18446
18447
18448
18450
18452
18453
18454
18456
18458
18459
18461
18465
18467
18468
18472
18473
18475
18476
18477
18479
18481
18483
18485
18486
18488
18489
18490
18494
18495
18497
18498
18501
18502
18503
18505
18506
18507
18508
18510
18511
18512
18513
18514
18517
18518
18523
18525
18527
18530
18533
18534
18535
18536
18537
18540
18543
18544
18545
18550
18552
18554
18555
18556
18557
18559
18561
18562
18563
18567
18569
18574
18575
18579
18583
18585
18586
18588
18589
18590
18591
18594
18595
18596
18597
18598
18599
18603
18604
18607
18613
18615
18616
18619
18620
18621
18622
18627
18628
18631
18632
18634
18637
18639
18640
18642
18643
18644
18645
18649
18650
18652
18653
18654
18655
18656
18658
18662
18663
18664
18665
18669
18670
18671
18674
18676
18677
18679
18680
18682
18685
18687
18690
18692
18693
18694
18695
18698
18700
18703
18706
18709
18712
18714
18715
18716
18717
18718
18719
18720
18724
18725
18726
18728
18729
18731
18732
18733
18737
18740
18742
18744
18745
18746
18747
18748
18749
18752
18753
18754
18756
18759
18760
18761
18763
18764
18765
18766
18767
18769
18770
18775
18777
18778
18780
18781
18782
18783
18784
18785
18786
18787
18789
18791
18794
18796
18797
18799
18803
18804
18805
18806
18808
18809
18812
18813
18814
18815
18816
18817
18821
18824
18826
18827
18829
18831
18832
18834
18844
18845
18847
18848
18850
18854
18855
18858
18859
18860
18861
18862
18865
18866
18867
18868
18869
18871
18873
18876
18878
18879
18882
18885
18886
18887
18888
18889
18891
18894
18895
18899
18900
18901
18905
18909
18911
18912
18918
18922
18923
18924
18926
18928
18929
18930
18934
18937
18940
18942
18943
18946
18947
18949
18951
18953
18955
18958
18959
18960
18963
18964
18967
18968
18969
18971
18972
18973
18975
18977
18978
18979
18983
18985
18989
18990
18992
18993
18994
18997
18998
19000
19001
19002
19005
19006
19007
19008
19012
19013
19015
19019
19024
19026
19032
19034
19038
19041
19044
19046
19047
19048
19052
19053
19059
19062
19063
19069
19070
19072
19073
19074
19075
19076
19078
19079
19084
19086
19088
19089
19094
19096
19097
19098
19099
19101
19102
19103
19105
19106
19109
19110
19111
19115
19116
19118
19119
19121
19122
19125
19126
19127
19128
19130
19131
19132
19133
19135
19136
19137
19138
19141
19143
19145
19146
19147
19149
19150
19154
19156
19158
19159
19161
19162
19163
19166
19170
19172
19174
19175
19176
19177
19178
19180
19181
19182
19183
19185
19188
19190
19192
19193
19195
19197
19200
19204
19206
19207
19209
19210
19211
19212
19214
19215
19217
19219
19220
19221
19225
19227
19229
19232
19233
19234
19235
19236
19237
19238
19240
19241
19242
19243
19245
19251
19252
19253
19254
19255
19256
19258
19261
19262
19263
19265
19266
19268
19269
19270
19271
19272
19273
19274
19277
19280
19281
19283
19286
19287
19289
19290
19292
19295
19297
19298
19299
19300
19301
19303
19304
19305
19306
19308
19310
19311
19314
19315
19316
19317
19318
19320
19321
19323
19328
19329
19331
19332
19333
19336
19341
19342
19344
19347
19348
19349
19351
19353
19354
19356
19357
19361
19365
19366
19370
19376
19377
19378
19379
19380
19383
19384
19386
19387
19390
19395
19397
19399
19400
19402
19404
19407
19409
19410
19411
19412
19415
19416
19420
19421
19422
19426
19429
19430
19431
19434
19435
19436
19442
19446
19448
19453
19455
19456
19459
19462
19463
19465
19466
19468
19469
19470
19472
19477
19478
19480
19481
19483
19486
19488
19489
19498
19499
19500
19503
19504
19505
19506
19507
19508
19513
19514
19515
19518
19522
19524
19525
19528
19529
19531
19532
19533
19537
19538
19539
19541
19542
19545
19546
19550
19551
19554
19557
19560
19562
19564
19573
19576
19578
19579
19581
19582
19584
19586
19587
19588
19589
19591
19593
19594
19595
19596
19600
19601
19604
19605
19607
19609
19610
19611
19612
19613
19616
19618
19619
19620
19621
19624
19627
19631
19633
19634
19636
19638
19640
19642
19643
19645
19646
19648
19651
19652
19653
19654
19657
19658
19659
19660
19663
19664
19667
19668
19669
19673
19674
19679
19682
19683
19691
19692
19696
19697
19698
19699
19701
19703
19704
19707
19708
19710
19711
19713
19714
19716
19719
19720
19721
19722
19723
19726
19727
19729
19731
19732
19733
19735
19738
19740
19741
19742
19744
19746
19748
19749
19750
19751
19753
19754
19758
19760
19763
19765
19766
19769
19770
19771
19775
19776
19777
19778
19781
19782
19784
19785
19786
19788
19790
19792
19793
19796
19799
19801
19802
19807
19808
19811
19815
19816
19817
19818
19819
19822
19823
19825
19826
19828
19830
19831
19833
19836
19839
19840
19842
19844
19845
19848
19850
19853
19854
19855
19856
19860
19861
19863
19865
19867
19868
19870
19874
19875
19876
19877
19878
19879
19881
19882
19883
19884
19885
19886
19887
19892
19893
19894
19895
19899
19900
19902
19903
19905
19906
19908
19909
19910
19912
19913
19914
19915
19916
19920
19921
19922
19923
19925
19927
19928
19929
19930
19931
19933
19934
19937
19943
19945
19947
19948
19956
19958
19963
19966
19969
19973
19974
19975
19976
19978
19980
19981
19982
19983
19987
19989
19990
19991
19992
19995
19996
19998
19999
20004
20007
20011
20012
20014
20020
20024
20027
20032
20033
20034
20035
20039
20044
20047
20048
20049
20052
20053
20054
20058
20076
20080
20083
20086
20087
20089
20091
20092
20095
20102
20103
20116
20121
20124
20129
20132
20134
20140
20145
20148
20150
20154
20160
20161
20162
20163
20165
20166
20169
20170
20174
20179
20182
20184
20194
20195
20196
20200
20204
20206
20210
20211
20212
20216
20218
20223
20226
20227
20232
20236
20242
20245
20249
20250
20253
20261
20262
20265
20276
20283
20284
20286
20288
20299
20300
20301
20308
20309
20313
20319
20321
20322
20327
20330
20339
20342
20348
20350
20354
20356
20357
20359
20362
20363
20364
20369
20372
20377
20378
20380
20382
20383
20387
20391
20392
20393
20395
20396
20405
20407
20409
20412
20420
20421
20422
20423
20427
20431
20434
20436
20439
20441
20447
20448
20455
20457
20458
20459
20462
20463
20468
20475
20476
20482
20485
20486
20487
20490
20492
20495
20498
20499
20501
20508
20511
20512
20516
20518
20519
20527
20531
20536
20539
20540
20542
20545
20546
20547
20549
20553
20554
20556
20558
20559
20561
20566
20568
20570
20574
20576
20577
20580
20591
20592
20593
20600
20603
20605
20608
20615
20618
20623
20625
20626
20628
20641
20644
20645
20646
20649
20651
20664
20674
20676
20678
20682
20684
20686
20689
20690
20697
20710
20712
20717
20719
20723
20724
20725
20729
20730
20732
20733
20738
20741
20746
20748
20751
20754
20756
20759
20763
20765
20772
20774
20779
20780
20783
20787
20789
20793
20794
20800
20802
20805
20808
20812
20814
20818
20830
20833
20839
20840
20842
20843
20848
20849
20855
20857
20858
20865
20869
20875
20877
20878
20881
20882
20884
20892
20897
20906
20908
20909
20911
20912
20914
20916
20936
20937
20940
20942
20946
20959
20960
20961
20964
20969
20979
20981
20982
20984
20986
20987
20994
20995
20996
20999
21001
21002
21009
21011
21013
21015
21021
21022
21023
21024
21025
21031
21033
21034
21035
21038
21044
21048
21049
21051
21053
21056
21057
21058
21059
21061
21065
21073
21083
21086
21088
21092
21093
21097
21098
21099
21100
21105
21107
21114
21117
21119
21120
21121
21122
21126
21130
21134
21138
21139
21142
21144
21145
21146
21148
21149
21154
21155
21156
21158
21168
21170
21173
21174
21179
21180
21181
21185
21187
21195
21196
21197
21199
21202
21208
21210
21214
21217
21221
21224
21225
21227
21228
21230
21235
21236
21239
21241
21242
21243
21250
21252
21260
21261
21262
21268
21279
21281
21286
21291
21292
21293
21294
21300
21301
21303
21308
21312
21315
21316
21317
21318
21321
21322
21325
21328
21335
21347
21348
21350
21353
21354
21355
21356
21363
21365
21366
21373
21376
21377
21380
21381
21384
21386
21392
21395
21398
21400
21410
21411
21413
21414
21415
21417
21421
21422
21425
21426
21429
21431
21433
21435
21436
21437
21440
21445
21446
21447
21449
21453
21455
21457
21459
21460
21462
21470
21481
21482
21489
21491
21494
21498
21501
21503
21515
21516
21524
21526
21531
21536
21537
21539
21545
21546
21551
21552
21553
21555
21556
21559
21563
21565
21566
21567
21569
21576
21577
21579
21584
21585
21589
21590
21593
21594
21600
21601
21606
21608
21611
21619
21628
21634
21641
21647
21649
21651
21652
21653
21658
21659
21665
21666
21672
21676
21690
21691
21696
21697
21699
21701
21703
21704
21709
21710
21711
21717
21720
21726
21732
21733
21737
21742
21743
21744
21745
21751
21755
21757
21758
21759
21760
21761
21762
21764
21768
21769
21775
21779
21784
21785
21787
21788
21790
21792
21793
21794
21795
21796
21804
21816
21820
21822
21824
21826
21830
21831
21834
21836
21837
21839
21841
21843
21846
21856
21857
21860
21861
21863
21868
21870
21872
21877
21879
21882
21883
21885
21886
21887
21890
21892
21900
21902
21903
21904
21910
21919
21922
21924
21928
21933
21934
21937
21938
21944
21950
21956
21958
21960
21961
21963
21966
21967
21976
21982
21985
21990
21992
21993
22002
22003
22007
22009
22010
22012
22014
22021
22028
22030
22031
22034
22040
22041
22045
22049
22051
22052
22055
22056
22059
22060
22061
22066
22070
22071
22073
22075
22076
22077
22078
22080
22081
22082
22085
22088
22099
22105
22108
22113
22114
22124
22125
22129
22130
22131
22132
22136
22138
22140
22142
22144
22149
22151
22158
22159
22162
22164
22166
22169
22172
22174
22176
22177
22180
22182
22183
22192
22196
22199
22200
22207
22209
22211
22214
22216
22217
22221
22223
22224
22232
22233
22235
22238
22240
22247
22255
22260
22261
22262
22264
22266
22268
22277
22282
22283
22285
22289
22291
22296
22297
22299
22301
22302
22304
22308
22309
22312
22319
22320
22322
22324
22337
22340
22344
22347
22349
22350
22354
22355
22356
22358
22360
22361
22362
22364
22368
22371
22376
22381
22383
22385
22386
22387
22390
22393
22396
22398
22403
22408
22411
22412
22414
22417
22420
22421
22422
22424
22425
22426
22427
22432
22433
22444
22446
22448
22458
22461
22462
22463
22465
22469
22475
22476
22477
22478
22481
22483
22484
22488
22490
22493
22495
22496
22500
22501
22505
22506
22507
22509
22511
22515
22517
22519
22521
22522
22528
22530
22531
22534
22535
22540
22541
22543
22546
22548
22549
22554
22555
22557
22558
22563
22565
22567
22569
22570
22574
22577
22578
22582
22584
22586
22591
22593
22604
22607
22610
22613
22615
22619
22622
22625
22632
22633
22637
22638
22640
22642
22644
22645
22646
22648
22651
22654
22660
22663
22671
22675
22681
22682
22686
22691
22692
22697
22700
22702
22704
22707
22708
22715
22719
22725
22726
22728
22733
22740
22747
22748
22749
22756
22759
22761
22763
22765
22766
22768
22771
22779
22780
22781
22790
22792
22798
22799
22801
22802
22805
22807
22810
22814
22816
22823
22830
22839
22840
22842
22843
22844
22850
22853
22859
22867
22868
22870
22872
22878
22879
22881
22883
22885
22886
22889
22893
22896
22900
22902
22903
22904
22906
22908
22912
22914
22917
22925
22928
22934
22935
22938
22939
22940
22942
22945
22948
22951
22952
22954
22957
22959
22964
22968
22973
22982
22983
22984
22985
22987
22988
22993
22997
22998
22999
23003
23013
23016
23019
23021
23030
23033
23034
23052
23053
23054
23056
23069
23071
23072
23073
23077
23079
23082
23088
23089
23096
23097
23110
23113
23114
23115
23118
23119
23121
23129
23134
23135
23137
23138
23139
23140
23142
23144
23150
23153
23155
23159
23168
23171
23172
23174
23188
23196
23197
23198
23203
23206
23209
23210
23217
23224
23233
23236
23238
23239
23242
23243
23252
23254
23255
23256
23257
23260
23262
23265
23268
23275
23278
23280
23286
23290
23294
23297
23304
23306
23312
23316
23317
23321
23323
23327
23330
23334
23336
23341
23343
23344
23346
23352
23353
23357
23360
23361
23363
23367
23372
23374
23376
23378
23381
23383
23385
23387
23389
23391
23393
23394
23399
23401
23402
23403
23404
23408
23411
23417
23418
23424
23429
23431
23434
23435
23436
23438
23450
23452
23453
23459
23463
23465
23466
23469
23475
23480
23482
23483
23484
23488
23491
23492
23493
23496
23497
23501
23502
23503
23509
23511
23519
23520
23522
23526
23530
23533
23536
23537
23545
23547
23548
23550
23559
23565
23566
23567
23572
23573
23574
23584
23585
23587
23592
23598
23604
23607
23608
23609
23612
23614
23622
23623
23624
23627
23628
23629
23630
23633
23635
23643
23657
23660
23663
23670
23672
23683
23684
23687
23697
23698
23699
23706
23713
23715
23719
23720
23721
23722
23723
23724
23726
23734
23738
23740
23741
23744
23748
23751
23753
23754
23755
23760
23768
23770
23773
23774
23778
23782
23784
23786
23790
23791
23793
23794
23797
23798
23807
23811
23812
23813
23814
23819
23826
23827
23832
23836
23844
23845
23855
23857
23866
23867
23875
23877
23883
23884
23886
23888
23890
23898
23901
23905
23908
23911
23919
23924
23925
23929
23931
23934
23951
23952
23960
23962
23967
23968
23969
23971
23973
23975
23982
23991
23992
23993
23994
23998
24005
24006
24011
24012
24013
24017
24031
24034
24041
24042
24043
24052
24057
24062
24064
24070
24071
24076
24081
24084
24087
24092
24093
24102
24104
24105
24111
24112
24117
24118
24119
24121
24122
24125
24127
24131
24132
24133
24135
24136
24138
24140
24143
24145
24146
24147
24148
24150
24154
24157
24159
24160
24163
24165
24167
24172
24173
24175
24185
24187
24193
24197
24198
24199
24209
24212
24214
24229
24232
24236
24238
24240
24241
24244
24253
24256
24264
24266
24269
24272
24273
24276
24279
24281
24282
24283
24285
24286
24288
24292
24294
24295
24303
24305
24311
24314
24317
24320
24324
24329
24331
24332
24333
24337
24338
24340
24341
24351
24356
24359
24360
24364
24365
24366
24367
24368
24377
24378
24382
24386
24387
24388
24399
24408
24409
24411
24413
24414
24417
24420
24424
24426
24427
24430
24431
24435
24437
24447
24450
24458
24460
24462
24471
24473
24475
24478
24479
24481
24486
24491
24495
24496
24500
24502
24503
24505
24506
24507
24508
24518
24519
24522
24524
24537
24538
24541
24545
24546
24553
24554
24555
24562
24563
24567
24570
24571
24572
24577
24578
24582
24585
24587
24590
24591
24592
24594
24596
24597
24601
24606
24609
24614
24615
24616
24622
24623
24625
24629
24632
24638
24641
24646
24649
24650
24652
24654
24659
24660
24663
24673
24676
24677
24680
24683
24686
24687
24691
24693
24697
24701
24704
24705
24707
24708
24710
24717
24718
24720
24729
24735
24739
24744
24748
24752
24753
24755
24756
24759
24761
24762
24765
24766
24768
24771
24773
24774
24776
24780
24784
24793
24802
24811
24812
24814
24816
24817
24819
24820
24825
24826
24834
24838
24846
24852
24856
24866
24867
24872
24873
24879
24882
24890
24891
24892
24895
24900
24901
24906
24907
24910
24914
24919
24923
24924
24930
24931
24937
24940
24941
24942
24943
24947
24951
24952
24959
24961
24963
24972
24978
24982
24983
24989
24991
24992
24996
25001
25010
25013
25016
25021
25022
25023
25026
25031
25033
25034
25036
25038
25040
25044
25048
25050
25051
25052
25054
25055
25061
25063
25067
25069
25070
25073
25075
25077
25082
25086
25090
25093
25099
25102
25106
25107
25108
25109
25112
25114
25115
25116
25117
25118
25119
25120
25121
25125
25129
25136
25137
25141
25143
25144
25146
25148
25149
25150
25151
25154
25155
25157
25160
25164
25165
25168
25169
25172
25176
25179
25181
25184
25187
25191
25192
25197
25199
25200
25201
25202
25205
25207
25213
25216
25217
25218
25221
25223
25231
25234
25235
25236
25237
25239
25243
25248
25249
25254
25256
25258
25260
25262
25263
25264
25265
25268
25272
25277
25279
25280
25284
25285
25289
25290
25292
25296
25304
25305
25308
25309
25310
25312
25314
25316
25317
25318
25319
25321
25322
25324
25326
25327
25329
25332
25333
25334
25335
25336
25337
25341
25345
25346
25347
25350
25353
25356
25358
25359
25362
25370
25375
25376
25378
25379
25380
25382
25387
25392
25394
25398
25400
25413
25415
25418
25419
25421
25422
25423
25430
25431
25435
25441
25443
25450
25455
25456
25457
25458
25460
25461
25463
25467
25468
25471
25473
25474
25478
25480
25481
25483
25485
25486
25487
25489
25490
25497
25504
25505
25508
25509
25511
25513
25514
25515
25516
25519
25520
25528
25529
25530
25531
25532
25533
25537
25540
25543
25544
25548
25550
25552
25553
25554
25560
25561
25563
25567
25569
25570
25571
25574
25575
25577
25580
25583
25584
25590
25591
25595
25597
25600
25604
25605
25606
25609
25611
25612
25613
25616
25617
25620
25621
25622
25623
25625
25629
25631
25634
25636
25639
25640
25641
25645
25649
25657
25658
25660
25661
25666
25669
25671
25672
25677
25678
25681
25684
25686
25688
25689
25694
25696
25703
25705
25706
25708
25716
25717
25719
25722
25724
25725
25727
25732
25733
25735
25738
25743
25751
25753
25756
25757
25758
25759
25760
25761
25762
25764
25766
25767
25768
25777
25778
25785
25786
25787
25788
25793
25795
25802
25806
25808
25809
25811
25815
25816
25817
25818
25820
25821
25825
25827
25828
25829
25831
25832
25833
25834
25836
25840
25848
25849
25856
25861
25863
25864
25866
25870
25874
25880
25881
25883
25885
25886
25897
25899
25901
25909
25914
25915
25919
25920
25921
25923
25927
25929
25930
25932
25936
25937
25940
25942
25943
25945
25946
25949
25950
25953
25955
25956
25957
25967
25970
25972
25975
25976
25978
25981
25983
25985
25986
25989
25991
25994
25995
25996
25997
25999
26000
26002
26003
26010
26012
26013
26016
26017
26020
26023
26029
26034
26037
26040
26042
26044
26046
26048
26049
26053
26055
26057
26059
26061
26064
26065
26067
26068
26070
26072
26073
26074
26076
26077
26079
26083
26087
26088
26091
26092
26098
26100
26101
26102
26103
26104
26106
26108
26109
26113
26114
26117
26119
26121
26124
26128
26135
26136
26137
26138
26142
26144
26145
26146
26149
26150
26156
26157
26160
26162
26167
26170
26171
26172
26177
26179
26181
26187
26189
26190
26191
26193
26194
26196
26198
26199
26202
26208
26210
26212
26214
26215
26216
26217
26218
26219
26224
26227
26229
26231
26232
26233
26235
26236
26238
26239
26244
26247
26248
26249
26253
26254
26255
26262
26264
26265
26267
26268
26269
26270
26271
26275
26277
26280
26281
26283
26284
26286
26287
26288
26289
26296
26298
26299
26300
26301
26302
26306
26309
26310
26311
26313
26319
26322
26324
26329
26330
26331
26333
26334
26335
26337
26340
26342
26343
26344
26346
26347
26348
26350
26351
26353
26356
26358
26360
26364
26367
26370
26371
26372
26378
26379
26380
26383
26385
26391
26392
26393
26396
26399
26401
26404
26405
26407
26408
26409
26411
26413
26415
26416
26417
26419
26421
26428
26429
26438
26439
26440
26441
26445
26446
26447
26448
26450
26451
26452
26453
26454
26456
26459
26464
26465
26466
26468
26473
26474
26476
26477
26481
26482
26484
26485
26489
26490
26494
26496
26499
26500
26503
26505
26506
26507
26510
26511
26513
26519
26523
26528
26530
26532
26533
26535
26538
26539
26542
26543
26544
26548
26555
26556
26565
26566
26567
26570
26575
26576
26577
26578
26581
26583
26591
26592
26596
26598
26599
26601
26602
26605
26608
26609
26610
26614
26615
26617
26619
26621
26622
26623
26624
26625
26626
26628
26630
26633
26635
26636
26638
26641
26645
26646
26647
26648
26654
26656
26658
26663
26665
26668
26669
26670
26672
26677
26678
26679
26680
26682
26683
26686
26687
26688
26689
26690
26692
26693
26697
26698
26702
26704
26706
26707
26709
26710
26711
26713
26714
26728
26730
26731
26733
26735
26736
26737
26738
26739
26740
26741
26743
26744
26747
26749
26752
26756
26757
26761
26762
26764
26769
26770
26773
26776
26778
26780
26783
26785
26786
26787
26790
26793
26795
26798
26801
26802
26804
26806
26810
26814
26815
26816
26822
26823
26830
26833
26834
26837
26844
26847
26852
26853
26858
26859
26860
26864
26865
26866
26871
26873
26874
26875
26876
26877
26879
26880
26881
26882
26884
26885
26886
26887
26888
26892
26893
26894
26896
26899
26900
26902
26904
26906
26907
26909
26910
26914
26917
26919
26920
26921
26922
26923
26925
26926
26927
26930
26933
26936
26939
26942
26943
26944
26946
26947
26948
26949
26954
26959
26960
26961
26964
26968
26969
26974
26977
26978
26979
26980
26981
26984
26986
26991
26993
26994
26995
26997
26999
27001
27003
27007
27009
27011
27012
27014
27016
27018
27021
27023
27024
27025
27026
27027
27028
27030
27031
27032
27034
27035
27036
27043
27045
27046
27047
27048
27049
27052
27054
27055
27056
27059
27061
27063
27069
27070
27071
27072
27074
27075
27076
27077
27078
27079
27082
27083
27084
27088
27094
27095
27096
27100
27103
27104
27108
27110
27111
27115
27118
27119
27120
27122
27123
27124
27125
27126
27130
27132
27133
27137
27138
27139
27140
27143
27147
27148
27150
27155
27156
27157
27159
27164
27169
27170
27171
27172
27174
27175
27180
27183
27186
27189
27193
27195
27198
27202
27203
27206
27208
27210
27212
27214
27217
27218
27219
27220
27221
27222
27224
27225
27226
27228
27229
27232
27237
27238
27239
27244
27246
27249
27250
27252
27253
27254
27258
27259
27260
27264
27267
27268
27271
27273
27274
27277
27281
27283
27285
27288
27289
27292
27293
27299
27302
27305
27308
27314
27315
27317
27319
27321
27322
27323
27324
27325
27327
27328
27329
27330
27331
27332
27333
27334
27335
27337
27339
27340
27342
27343
27345
27346
27347
27353
27354
27355
27356
27358
27360
27361
27366
27369
27374
27376
27377
27379
27380
27382
27384
27386
27388
27389
27390
27394
27395
27397
27398
27400
27404
27406
27410
27411
27415
27416
27418
27419
27420
27421
27422
27423
27425
27427
27429
27431
27433
27434
27435
27440
27442
27444
27447
27449
27450
27452
27453
27456
27457
27461
27463
27467
27468
27470
27471
27472
27475
27485
27492
27493
27494
27495
27497
27504
27505
27506
27508
27512
27515
27516
27517
27519
27520
27524
27527
27528
27529
27533
27534
27537
27541
27542
27544
27550
27551
27552
27555
27557
27558
27562
27565
27567
27570
27571
27574
27576
27577
27578
27579
27581
27584
27585
27587
27589
27590
27592
27593
27595
27596
27597
27598
27599
27600
27603
27604
27605
27606
27607
27609
27610
27613
27614
27615
27617
27618
27622
27624
27625
27626
27629
27630
27631
27634
27635
27638
27641
27642
27643
27644
27645
27646
27647
27649
27650
27654
27662
27664
27666
27667
27672
27673
27674
27679
27682
27685
27686
27687
27688
27689
27692
27693
27695
27702
27705
27706
27708
27713
27714
27716
27717
27718
27719
27720
27723
27725
27729
27732
27733
27735
27736
27738
27739
27740
27741
27744
27747
27749
27752
27753
27755
27757
27766
27767
27768
27769
27772
27774
27777
27778
27780
27781
27782
27790
27791
27792
27800
27803
27804
27806
27808
27815
27816
27818
27820
27822
27824
27829
27830
27831
27833
27834
27838
27839
27841
27846
27847
27848
27849
27850
27851
27854
27857
27858
27861
27867
27868
27870
27872
27873
27874
27876
27879
27882
27883
27884
27890
27896
27897
27899
27900
27901
27902
27904
27907
27911
27913
27916
27919
27922
27927
27929
27930
27931
27933
27935
27939
27940
27941
27945
27947
27951
27953
27955
27956
27962
27975
27977
27980
27984
27986
27989
27990
27991
27993
27994
27995
27996
27997
28000
28002
28004
28005
28006
28007
28008
28012
28014
28016
28020
28021
28023
28027
28030
28031
28032
28041
28045
28046
28047
28049
28051
28052
28059
28060
28063
28064
28065
28067
28068
28070
28072
28074
28075
28076
28077
28078
28081
28085
28088
28089
28090
28091
28093
28101
28102
28104
28105
28106
28107
28108
28114
28115
28116
28119
28121
28128
28130
28132
28133
28135
28137
28139
28145
28146
28147
28148
28151
28153
28155
28161
28163
28168
28169
28170
28171
28173
28174
28177
28178
28182
28183
28187
28188
28190
28195
28206
28207
28213
28214
28216
28220
28226
28227
28229
28233
28235
28238
28239
28241
28243
28246
28247
28249
28253
28255
28258
28259
28261
28262
28264
28271
28272
28273
28275
28277
28278
28279
28284
28291
28299
28300
28302
28304
28305
28307
28309
28312
28313
28315
28316
28322
28323
28325
28329
28330
28331
28334
28337
28338
28341
28343
28347
28349
28351
28352
28357
28359
28360
28361
28363
28370
28372
28375
28377
28384
28385
28386
28388
28389
28390
28393
28394
28395
28396
28398
28399
28402
28403
28406
28408
28411
28412
28414
28415
28416
28418
28421
28426
28428
28432
28433
28434
28435
28438
28447
28448
28449
28452
28454
28455
28461
28464
28467
28469
28471
28476
28477
28480
28481
28485
28486
28488
28490
28492
28494
28499
28500
28504
28506
28509
28511
28512
28515
28516
28517
28522
28523
28525
28526
28527
28529
28530
28533
28534
28537
28540
28544
28546
28547
28550
28552
28553
28556
28557
28558
28560
28561
28562
28566
28567
28569
28572
28573
28574
28581
28582
28583
28584
28585
28587
28589
28590
28592
28593
28595
28603
28604
28605
28606
28607
28613
28615
28618
28625
28626
28628
28630
28631
28636
28640
28642
28643
28645
28646
28647
28648
28650
28651
28653
28658
28661
28662
28665
28666
28668
28670
28671
28672
28674
28675
28676
28678
28679
28682
28683
28686
28687
28688
28689
28690
28692
28695
28696
28698
28701
28704
28705
28706
28708
28709
28711
28712
28714
28716
28717
28719
28721
28723
28724
28725
28732
28733
28734
28738
28742
28743
28746
28749
28750
28754
28755
28757
28763
28764
28767
28768
28769
28770
28771
28772
28774
28776
28778
28779
28782
28784
28787
28788
28791
28793
28800
28802
28803
28804
28807
28810
28813
28815
28819
28820
28822
28823
28825
28826
28827
28829
28830
28832
28833
28838
28839
28840
28845
28846
28851
28852
28854
28855
28856
28864
28866
28870
28871
28873
28874
28875
28877
28881
28883
28886
28887
28889
28891
28892
28894
28898
28901
28903
28904
28906
28908
28909
28911
28914
28915
28916
28917
28918
28921
28922
28924
28925
28928
28929
28930
28931
28932
28938
28940
28941
28944
28946
28947
28950
28951
28952
28963
28966
28967
28970
28971
28978
28982
28984
28985
28987
28988
28989
28990
28994
28996
29001
29003
29006
29007
29008
29015
29016
29020
29021
29023
29025
29026
29031
29035
29038
29040
29043
29044
29048
29049
29050
29058
29059
29061
29063
29064
29065
29067
29069
29070
29071
29072
29073
29074
29075
29076
29077
29078
29079
29081
29082
29083
29087
29088
29090
29093
29094
29095
29097
29098
29099
29100
29107
29108
29111
29113
29115
29116
29117
29118
29120
29121
29123
29125
29127
29128
29132
29133
29135
29137
29139
29142
29143
29144
29145
29152
29154
29155
29156
29160
29161
29163
29164
29171
29172
29173
29174
29175
29176
29179
29180
29182
29183
29189
29195
29197
29200
29202
29206
29210
29211
29215
29218
29219
29220
29223
29226
29227
29230
29245
29247
29252
29253
29255
29256
29257
29258
29259
29260
29261
29263
29267
29270
29271
29272
29274
29275
29276
29277
29279
29280
29282
29283
29284
29285
29286
29291
29292
29295
29304
29311
29314
29320
29321
29323
29327
29333
29334
29336
29343
29344
29345
29347
29354
29355
29356
29358
29361
29363
29364
29365
29366
29367
29370
29374
29375
29376
29377
29378
29379
29382
29383
29384
29385
29386
29390
29394
29396
29397
29399
29401
29408
29411
29412
29414
29416
29417
29419
29423
29425
29428
29430
29432
29442
29444
29449
29452
29453
29454
29456
29457
29459
29462
29464
29468
29469
29470
29471
29472
29482
29484
29485
29487
29491
29494
29497
29498
29500
29503
29504
29505
29507
29509
29511
29519
29520
29526
29533
29536
29537
29540
29541
29543
29544
29545
29546
29547
29555
29556
29557
29558
29559
29561
29562
29566
29568
29569
29570
29571
29572
29575
29576
29578
29580
29582
29583
29585
29588
29589
29590
29592
29593
29594
29597
29598
29603
29604
29605
29606
29609
29611
29612
29615
29616
29617
29618
29620
29622
29623
29626
29627
29628
29630
29633
29634
29635
29636
29645
29650
29651
29652
29655
29656
29661
29664
29666
29668
29672
29673
29680
29682
29686
29690
29692
29694
29695
29696
29701
29703
29704
29706
29708
29709
29710
29711
29712
29713
29714
29716
29718
29719
29720
29721
29722
29723
29731
29733
29736
29739
29740
29743
29748
29752
29756
29757
29761
29762
29766
29769
29773
29778
29779
29783
29789
29790
29795
29797
29799
29801
29806
29807
29809
29812
29815
29817
29819
29820
29823
29825
29827
29828
29829
29830
29836
29837
29844
29847
29849
29852
29853
29854
29858
29860
29863
29865
29867
29869
29870
29873
29881
29882
29885
29889
29891
29893
29894
29896
29901
29902
29903
29905
29909
29920
29921
29924
29927
29929
29930
29932
29935
29937
29939
29941
29949
29950
29953
29954
29956
29957
29958
29959
29962
29964
29967
29969
29971
29977
29984
29986
29989
29994
29997
29998
29999
30000
30004
30009
30010
30013
30017
30020
30030
30037
30043
30050
30062
30068
30069
30072
30084
30090
30091
30097
30098
30106
30109
30111
30114
30116
30124
30125
30130
30142
30143
30145
30149
30162
30173
30177
30193
30197
30206
30209
30213
30214
30217
30218
30220
30226
30227
30228
30241
30243
30244
30245
30249
30250
30261
30271
30276
30291
30296
30299
30300
30301
30315
30318
30320
30327
30330
30334
30336
30341
30344
30352
30367
30368
30369
30370
30371
30372
30373
30374
30379
30383
30387
30391
30401
30402
30409
30412
30418
30425
30437
30439
30440
30443
30448
30449
30457
30460
30462
30465
30472
30485
30494
30500
30501
30508
30512
30514
30530
30532
30539
30543
30547
30551
30558
30561
30562
30567
30577
30578
30581
30588
30594
30598
30601
30612
30615
30632
30640
30646
30649
30650
30653
30654
30656
30660
30661
30665
30669
30673
30676
30678
30681
30685
30689
30693
30697
30704
30709
30714
30718
30719
30728
30730
30734
30735
30736
30743
30745
30746
30755
30758
30761
30765
30767
30773
30776
30781
30782
30784
30785
30787
30788
30789
30791
30793
30794
30797
30803
30809
30810
30816
30818
30825
30832
30836
30846
30852
30859
30861
30863
30864
30865
30873
30875
30876
30885
30890
30893
30898
30910
30913
30918
30919
30921
30931
30933
30937
30950
30951
30953
30957
30960
30967
30972
30974
30987
30989
30998
31001
31002
31004
31011
31013
31014
31019
31021
31024
31030
31043
31048
31055
31065
31068
31070
31071
31072
31074
31078
31081
31084
31091
31096
31101
31103
31105
31109
31111
31112
31114
31116
31121
31124
31130
31133
31135
31138
31142
31145
31146
31160
31162
31164
31165
31168
31170
31175
31179
31180
31190
31191
31195
31197
31198
31202
31204
31208
31217
31218
31219
31222
31228
31233
31237
31241
31244
31248
31249
31254
31262
31265
31278
31280
31281
31291
31292
31295
31296
31297
31298
31300
31302
31308
31314
31315
31329
31332
31338
31344
31345
31347
31359
31362
31371
31375
31381
31395
31396
31400
31406
31413
31414
31418
31429
31436
31437
31438
31456
31459
31465
31471
31479
31481
31483
31486
31487
31488
31500
31501
31507
31508
31509
31518
31529
31530
31535
31538
31539
31541
31549
31561
31562
31563
31570
31571
31575
31577
31579
31588
31589
31592
31593
31602
31603
31609
31618
31620
31626
31628
31630
31636
31638
31639
31640
31641
31642
31649
31653
31654
31658
31660
31664
31668
31673
31676
31677
31678
31689
31696
31697
31708
31710
31711
31715
31716
31725
31739
31740
31744
31747
31750
31755
31761
31764
31766
31770
31772
31775
31776
31777
31784
31785
31791
31804
31807
31809
31813
31816
31826
31828
31829
31834
31836
31837
31839
31842
31844
31857
31863
31880
31883
31885
31887
31896
31898
31907
31912
31914
31919
31921
31926
31933
31935
31937
31941
31942
31945
31946
31948
31952
31953
31954
31956
31957
31961
31968
31973
31981
31983
31985
31986
31988
31990
31991
31993
31994
32000
32004
32008
32017
32018
32019
32026
32036
32038
32041
32046
32048
32058
32060
32065
32067
32069
32073
32074
32075
32080
32086
32087
32092
32099
32100
32102
32104
32105
32111
32127
32130
32131
32148
32160
32169
32175
32176
32183
32184
32186
32187
32190
32191
32196
32205
32215
32219
32222
32224
32228
32233
32235
32241
32242
32245
32246
32247
32248
32250
32255
32256
32257
32260
32264
32266
32273
32275
32281
32282
32284
32285
32296
32302
32303
32304
32306
32307
32312
32315
32325
32326
32332
32337
32342
32347
32349
32354
32362
32367
32369
32383
32385
32389
32393
32394
32395
32396
32398
32403
32412
32423
32431
32432
32434
32435
32436
32443
32449
32452
32453
32458
32459
32461
32462
32465
32473
32474
32475
32477
32478
32483
32494
32495
32498
32499
32501
32503
32506
32510
32517
32518
32522
32523
32534
32559
32561
32562
32564
32565
32585
32587
32588
32589
32598
32602
32605
32609
32610
32611
32612
32615
32627
32633
32636
32637
32642
32650
32652
32653
32659
32660
32675
32677
32682
32683
32685
32689
32693
32696
32705
32709
32713
32714
32719
32733
32735
32743
32753
32757
32760
32763
32769
32770
32773
32774
32775
32777
32778
32782
32784
32786
32787
32788
32789
32802
32808
32813
32816
32821
32827
32828
32833
32849
32850
32860
32862
32863
32866
32869
32884
32902
32903
32906
32910
32915
32916
32926
32927
32929
32932
32948
32949
32951
32954
32960
32968
32970
32971
32972
32973
32981
32982
32983
32989
32991
32996
32997
32998
33006
33009
33012
33028
33030
33035
33036
33039
33041
33044
33046
33050
33053
33055
33056
33058
33059
33063
33064
33065
33071
33072
33079
33081
33084
33087
33097
33102
33105
33107
33120
33126
33127
33129
33131
33133
33137
33142
33151
33163
33165
33168
33176
33184
33186
33188
33195
33196
33197
33198
33201
33205
33207
33210
33211
33212
33213
33218
33220
33223
33229
33235
33238
33247
33249
33258
33260
33268
33275
33277
33278
33282
33288
33291
33292
33296
33301
33306
33316
33320
33323
33324
33334
33337
33341
33350
33357
33363
33365
33366
33370
33371
33375
33376
33378
33380
33381
33384
33386
33388
33395
33398
33404
33408
33411
33412
33426
33433
33434
33437
33438
33440
33441
33445
33452
33453
33461
33464
33473
33481
33493
33497
33498
33504
33506
33513
33518
33519
33525
33526
33529
33531
33532
33548
33552
33553
33560
33565
33572
33577
33584
33585
33592
33605
33608
33611
33616
33617
33626
33629
33638
33640
33647
33649
33650
33656
33659
33667
33669
33682
33688
33691
33695
33697
33703
33704
33705
33710
33712
33716
33717
33718
33720
33730
33736
33738
33741
33752
33767
33769
33770
33772
33773
33779
33780
33781
33789
33802
33806
33809
33810
33815
33819
33822
33824
33832
33833
33834
33842
33843
33844
33846
33847
33867
33875
33878
33879
33886
33888
33892
33895
33897
33904
33915
33926
33927
33929
33931
33933
33936
33939
33941
33946
33947
33949
33950
33951
33952
33954
33955
33962
33964
33967
33969
33972
33975
33981
33988
33989
33992
33994
34003
34004
34005
34013
34016
34018
34031
34039
34040
34044
34045
34056
34059
34063
34071
34074
34076
34077
34087
34088
34089
34091
34094
34098
34104
34105
34123
34125
34127
34136
34138
34145
34147
34160
34161
34172
34176
34179
34185
34192
34195
34197
34203
34208
34210
34216
34224
34226
34228
34232
34244
34246
34247
34249
34251
34252
34255
34263
34265
34269
34271
34272
34274
34280
34283
34286
34289
34291
34295
34299
34302
34306
34314
34316
34319
34321
34326
34327
34339
34345
34350
34352
34353
34359
34360
34362
34365
34373
34375
34378
34380
34385
34386
34394
34395
34397
34406
34407
34408
34409
34413
34420
34421
34424
34425
34428
34434
34435
34453
34461
34465
34473
34483
34488
34493
34494
34496
34499
34502
34505
34506
34512
34517
34521
34526
34527
34535
34543
34550
34551
34552
34554
34557
34561
34562
34568
34572
34577
34579
34591
34592
34593
34595
34599
34602
34611
34616
34618
34621
34622
34628
34631
34637
34639
34640
34641
34643
34647
34648
34650
34655
34663
34668
34670
34674
34676
34680
34681
34683
34688
34690
34691
34694
34701
34702
34711
34718
34719
34724
34726
34727
34729
34733
34735
34743
34748
34752
34759
34770
34776
34779
34780
34782
34787
34791
34793
34812
34815
34816
34826
34833
34838
34839
34847
34860
34864
34869
34870
34873
34883
34891
34893
34895
34896
34905
34910
34919
34920
34923
34924
34927
34928
34929
34930
34932
34936
34942
34952
34960
34966
34968
34970
34974
34978
34980
34984
34993
34998
35001
35004
35005
35010
35013
35014
35027
35028
35042
35043
35045
35046
35063
35066
35067
35069
35070
35075
35077
35078
35080
35081
35083
35085
35092
35093
35101
35103
35109
35114
35126
35137
35139
35142
35143
35145
35151
35152
35155
35156
35160
35165
35166
35167
35170
35175
35181
35183
35184
35194
35197
35210
35212
35220
35223
35230
35239
35249
35250
35253
35257
35258
35262
35265
35270
35274
35275
35276
35281
35285
35290
35291
35298
35301
35309
35311
35312
35313
35319
35327
35328
35335
35336
35346
35347
35352
35362
35364
35365
35366
35367
35368
35369
35379
35382
35392
35396
35404
35409
35419
35424
35430
35432
35434
35438
35441
35448
35449
35454
35464
35471
35476
35477
35492
35498
35502
35505
35508
35509
35514
35516
35517
35520
35526
35535
35537
35541
35543
35552
35556
35567
35568
35569
35573
35574
35576
35577
35579
35581
35595
35597
35600
35601
35605
35606
35613
35619
35621
35624
35626
35628
35635
35651
35655
35656
35657
35671
35674
35676
35677
35678
35680
35681
35682
35683
35701
35705
35708
35709
35711
35715
35718
35719
35723
35724
35725
35729
35731
35741
35742
35744
35746
35756
35757
35759
35760
35766
35768
35773
35791
35807
35809
35811
35813
35814
35819
35821
35831
35832
35837
35838
35839
35840
35841
35848
35855
35859
35877
35881
35889
35890
35895
35896
35899
35902
35903
35908
35909
35912
35933
35940
35944
35947
35953
35957
35959
35961
35964
35969
35973
35981
35985
35986
35989
35990
35999
36002
36006
36008
36013
36014
36021
36030
36033
36034
36037
36046
36047
36050
36052
36068
36077
36088
36091
36092
36093
36107
36110
36112
36117
36119
36122
36129
36130
36132
36134
36136
36137
36140
36146
36149
36150
36156
36159
36164
36166
36176
36187
36197
36200
36201
36207
36214
36216
36219
36227
36228
36235
36236
36240
36247
36252
36257
36259
36261
36264
36265
36267
36273
36274
36280
36284
36291
36292
36293
36294
36295
36314
36316
36327
36329
36331
36332
36334
36335
36336
36342
36349
36356
36360
36363
36368
36369
36372
36376
36377
36383
36399
36405
36409
36413
36414
36415
36416
36419
36423
36425
36426
36427
36429
36433
36435
36438
36439
36447
36449
36450
36451
36458
36460
36462
36471
36476
36481
36489
36491
36493
36494
36504
36511
36513
36515
36519
36521
36531
36535
36536
36539
36540
36548
36551
36560
36564
36574
36575
36583
36585
36587
36594
36596
36605
36606
36607
36611
36620
36623
36632
36634
36636
36639
36640
36642
36643
36644
36651
36653
36654
36655
36657
36659
36663
36665
36687
36690
36697
36703
36706
36707
36710
36712
36715
36716
36722
36725
36733
36739
36740
36743
36745
36749
36750
36751
36752
36754
36756
36757
36759
36767
36769
36772
36782
36784
36790
36791
36793
36798
36800
36802
36803
36807
36810
36815
36817
36819
36823
36826
36828
36829
36831
36832
36834
36838
36840
36849
36852
36856
36858
36863
36866
36869
36873
36884
36885
36891
36893
36895
36899
36900
36903
36905
36912
36913
36917
36918
36921
36924
36925
36927
36939
36943
36952
36963
36965
36967
36977
36979
36980
36982
36992
36993
37004
37010
37011
37014
37015
37019
37027
37032
37036
37038
37045
37047
37048
37049
37050
37054
37057
37059
37060
37062
37069
37073
37075
37078
37080
37088
37091
37098
37101
37104
37106
37115
37125
37130
37131
37138
37142
37145
37150
37155
37166
37167
37171
37174
37175
37176
37177
37179
37180
37184
37187
37189
37195
37196
37202
37204
37205
37211
37218
37220
37224
37229
37230
37233
37234
37239
37258
37259
37263
37265
37271
37277
37286
37288
37289
37291
37292
37293
37296
37301
37312
37313
37317
37329
37331
37332
37335
37336
37339
37349
37353
37362
37369
37379
37380
37384
37386
37395
37399
37400
37404
37405
37408
37410
37415
37421
37422
37435
37437
37439
37440
37441
37446
37448
37449
37470
37478
37480
37482
37487
37488
37489
37494
37498
37501
37504
37507
37508
37517
37527
37529
37536
37537
37548
37551
37553
37555
37560
37563
37564
37565
37567
37569
37570
37572
37579
37581
37586
37590
37591
37592
37593
37595
37596
37600
37604
37609
37613
37617
37620
37622
37626
37628
37630
37637
37638
37639
37641
37653
37655
37657
37658
37662
37664
37667
37671
37672
37675
37679
37683
37690
37693
37700
37704
37718
37719
37721
37723
37725
37729
37736
37739
37747
37752
37754
37758
37760
37774
37777
37779
37781
37782
37787
37790
37794
37797
37798
37804
37813
37836
37838
37839
37841
37842
37844
37847
37859
37867
37871
37873
37874
37879
37880
37883
37886
37892
37900
37901
37906
37908
37910
37913
37914
37916
37919
37921
37923
37928
37930
37934
37952
37955
37959
37978
37983
37988
38004
38005
38006
38008
38009
38010
38014
38017
38018
38020
38021
38022
38026
38027
38030
38036
38037
38038
38039
38044
38048
38050
38060
38061
38067
38072
38077
38079
38082
38092
38094
38096
38101
38107
38111
38117
38123
38124
38133
38137
38138
38143
38144
38151
38158
38160
38166
38174
38178
38180
38183
38211
38215
38221
38223
38226
38227
38229
38233
38238
38245
38250
38254
38255
38260
38267
38268
38271
38272
38279
38288
38289
38296
38297
38301
38306
38307
38314
38317
38322
38330
38331
38334
38351
38359
38364
38369
38373
38377
38378
38379
38384
38394
38400
38404
38408
38414
38418
38419
38422
38425
38432
38434
38456
38462
38465
38467
38471
38474
38482
38492
38493
38494
38507
38511
38513
38514
38524
38542
38556
38557
38558
38559
38562
38563
38567
38573
38581
38584
38593
38594
38598
38599
38603
38608
38609
38613
38620
38627
38628
38629
38631
38634
38638
38641
38646
38651
38653
38666
38669
38671
38673
38684
38685
38686
38688
38703
38708
38710
38725
38727
38739
38747
38752
38761
38764
38768
38769
38789
38797
38804
38805
38811
38823
38829
38831
38836
38840
38842
38844
38845
38847
38848
38850
38854
38858
38864
38867
38869
38873
38874
38884
38886
38888
38891
38892
38895
38903
38905
38908
38913
38914
38916
38924
38927
38930
38931
38935
38937
38939
38944
38948
38953
38956
38957
38958
38963
38967
38974
38981
38987
38988
39000
39001
39002
39011
39014
39019
39022
39030
39032
39041
39044
39047
39058
39061
39068
39069
39077
39079
39080
39084
39089
39098
39099
39105
39120
39121
39125
39152
39155
39158
39166
39168
39170
39179
39193
39211
39217
39222
39223
39224
39245
39246
39247
39257
39259
39260
39262
39264
39267
39275
39278
39283
39284
39286
39291
39297
39304
39305
39306
39311
39316
39321
39322
39325
39328
39329
39336
39344
39349
39352
39353
39355
39358
39361
39362
39363
39365
39380
39383
39384
39390
39398
39399
39404
39408
39416
39419
39423
39424
39433
39436
39437
39439
39441
39444
39446
39448
39464
39480
39483
39486
39488
39491
39495
39497
39500
39503
39504
39513
39522
39523
39525
39529
39532
39535
39541
39543
39545
39547
39555
39561
39564
39572
39575
39577
39582
39585
39589
39594
39595
39596
39616
39617
39618
39619
39620
39624
39628
39633
39634
39636
39643
39648
39657
39658
39669
39676
39677
39683
39686
39687
39696
39699
39700
39712
39714
39716
39718
39721
39727
39733
39735
39737
39741
39745
39746
39748
39751
39758
39760
39761
39762
39763
39764
39770
39776
39782
39785
39787
39788
39789
39797
39806
39816
39817
39821
39830
39841
39848
39851
39857
39859
39862
39864
39876
39880
39885
39888
39890
39895
39902
39904
39906
39913
39917
39918
39931
39934
39943
39945
39946
39948
39950
39952
39957
39964
39965
39968
39976
39977
39981
39982
39983
39998
39999
40008
40014
40024
40028
40043
40048
40050
40055
40066
40068
40072
40082
40084
40087
40089
40092
40112
40118
40122
40131
40133
40135
40151
40157
40159
40160
40164
40166
40167
40168
40169
40187
40190
40203
40208
40211
40214
40216
40218
40223
40224
40225
40226
40227
40236
40245
40246
40247
40249
40255
40256
40257
40263
40264
40266
40271
40273
40281
40283
40285
40298
40309
40312
40326
40327
40328
40340
40345
40351
40352
40355
40357
40359
40361
40363
40373
40376
40378
40379
40383
40394
40401
40407
40410
40417
40428
40429
40443
40444
40450
40454
40467
40473
40477
40485
40490
40491
40498
40503
40511
40516
40521
40523
40527
40535
40536
40537
40538
40542
40544
40548
40551
40564
40566
40581
40586
40587
40594
40597
40599
40608
40612
40620
40623
40626
40627
40628
40630
40635
40642
40654
40655
40657
40659
40660
40666
40667
40674
40676
40678
40683
40684
40692
40702
40722
40738
40739
40744
40750
40759
40760
40772
40782
40791
40797
40803
40806
40814
40822
40823
40830
40831
40837
40839
40840
40841
40845
40847
40848
40850
40855
40858
40864
40869
40876
40877
40880
40881
40883
40884
40885
40888
40894
40902
40908
40909
40911
40915
40920
40921
40922
40923
40933
40939
40943
40954
40958
40959
40963
40980
40982
40985
40988
40989
40991
41005
41006
41007
41009
41015
41016
41017
41018
41032
41038
41039
41046
41047
41057
41058
41075
41078
41089
41096
41100
41109
41110
41114
41124
41128
41130
41135
41140
41144
41145
41150
41154
41156
41162
41167
41168
41169
41172
41176
41192
41200
41205
41207
41209
41212
41218
41222
41232
41234
41235
41236
41254
41260
41261
41265
41266
41272
41285
41286
41288
41292
41293
41297
41299
41314
41315
41317
41318
41321
41334
41335
41344
41352
41361
41365
41367
41368
41370
41374
41377
41381
41386
41387
41392
41396
41400
41403
41404
41408
41415
41418
41427
41436
41444
41448
41454
41459
41461
41463
41474
41478
41479
41483
41495
41497
41498
41504
41505
41513
41516
41522
41525
41527
41529
41537
41544
41550
41562
41568
41574
41584
41586
41589
41593
41594
41601
41610
41613
41616
41618
41620
41626
41629
41631
41635
41657
41659
41660
41666
41674
41677
41682
41684
41688
41691
41694
41698
41703
41710
41722
41727
41730
41746
41751
41757
41762
41767
41769
41783
41784
41786
41787
41789
41794
41800
41808
41818
41824
41825
41829
41831
41832
41833
41838
41840
41850
41851
41864
41865
41866
41871
41873
41874
41884
41901
41921
41922
41926
41933
41935
41937
41942
41956
41957
41960
41963
41973
41978
41995
41998
42003
42006
42017
42031
42034
42038
42039
42040
42043
42045
42046
42061
42075
42078
42079
42082
42096
42103
42106
42110
42134
42135
42145
42156
42161
42171
42172
42179
42185
42187
42192
42203
42215
42216
42229
42231
42235
42242
42246
42247
42252
42261
42262
42267
42272
42273
42274
42276
42279
42282
42287
42299
42316
42317
42329
42331
42337
42345
42346
42347
42348
42355
42356
42369
42376
42383
42384
42386
42390
42391
42401
42402
42406
42408
42411
42413
42429
42432
42436
42437
42440
42444
42446
42449
42465
42478
42486
42493
42496
42500
42501
42506
42509
42519
42525
42527
42528
42531
42533
42537
42550
42566
42573
42574
42575
42579
42583
42587
42588
42594
42600
42614
42625
42636
42638
42642
42643
42644
42648
42652
42653
42656
42659
42664
42667
42668
42679
42681
42687
42688
42689
42706
42714
42716
42720
42743
42745
42747
42748
42751
42758
42761
42763
42766
42767
42773
42779
42781
42790
42796
42798
42799
42800
42806
42808
42809
42810
42813
42816
42817
42827
42837
42843
42861
42863
42866
42868
42869
42870
42871
42872
42875
42877
42884
42886
42887
42896
42899
42905
42907
42908
42915
42917
42919
42924
42929
42932
42940
42944
42945
42950
42951
42952
42957
42958
42962
42964
42968
42975
42976
42977
42980
42988
42998
43002
43005
43009
43013
43014
43016
43022
43026
43031
43037
43041
43047
43064
43068
43091
43094
43106
43107
43109
43112
43119
43125
43127
43131
43136
43138
43140
43141
43142
43146
43147
43148
43156
43159
43161
43164
43169
43172
43173
43182
43183
43184
43187
43190
43203
43220
43222
43224
43228
43237
43252
43255
43261
43268
43276
43278
43296
43305
43308
43309
43313
43331
43333
43340
43344
43352
43353
43354
43358
43360
43365
43370
43372
43377
43379
43380
43384
43385
43391
43396
43407
43412
43414
43419
43422
43426
43428
43430
43431
43442
43445
43447
43456
43459
43464
43478
43479
43483
43489
43494
43496
43500
43503
43507
43512
43514
43516
43520
43524
43526
43528
43537
43539
43541
43560
43562
43563
43568
43581
43585
43587
43594
43596
43597
43602
43624
43625
43627
43634
43647
43654
43655
43666
43668
43672
43681
43687
43693
43695
43698
43699
43701
43702
43718
43719
43720
43726
43733
43745
43747
43752
43765
43766
43768
43773
43774
43776
43787
43790
43791
43796
43800
43803
43808
43810
43811
43814
43822
43827
43841
43842
43845
43852
43854
43856
43858
43859
43864
43865
43867
43879
43881
43882
43885
43889
43894
43901
43908
43909
43919
43922
43923
43928
43929
43930
43932
43933
43934
43947
43954
43961
43967
43968
43974
43977
43980
43984
43985
43988
43989
44004
44006
44012
44013
44022
44027
44032
44037
44038
44041
44051
44053
44054
44073
44077
44082
44083
44088
44093
44099
44101
44103
44106
44107
44110
44117
44120
44127
44133
44135
44137
44141
44143
44148
44152
44171
44178
44191
44192
44197
44210
44214
44227
44228
44230
44234
44235
44244
44249
44262
44269
44270
44274
44285
44289
44292
44293
44301
44303
44306
44310
44314
44317
44318
44326
44342
44351
44365
44366
44368
44371
44375
44382
44388
44389
44395
44396
44413
44426
44429
44435
44436
44447
44451
44455
44456
44457
44476
44478
44483
44484
44489
44492
44518
44523
44525
44528
44533
44535
44547
44559
44564
44567
44569
44571
44582
44590
44594
44596
44627
44628
44631
44642
44649
44653
44662
44667
44668
44670
44676
44677
44681
44683
44684
44686
44698
44700
44705
44708
44709
44710
44718
44721
44728
44730
44734
44735
44744
44748
44759
44760
44761
44762
44768
44769
44770
44771
44785
44791
44792
44800
44801
44803
44807
44810
44812
44813
44817
44818
44822
44824
44854
44864
44870
44872
44886
44890
44898
44902
44905
44914
44920
44921
44927
44929
44933
44937
44942
44947
44950
44954
44958
44970
44971
44974
44975
44984
44986
44989
44990
44991
44995
44998
45003
45005
45007
45014
45016
45021
45024
45027
45029
45031
45032
45035
45036
45048
45067
45075
45093
45100
45104
45105
45112
45118
45119
45121
45124
45127
45136
45138
45149
45154
45161
45166
45167
45171
45180
45182
45185
45187
45189
45193
45195
45198
45202
45204
45205
45207
45212
45213
45221
45225
45228
45234
45241
45242
45245
45252
45254
45255
45256
45259
45260
45262
45265
45273
45276
45281
45282
45283
45287
45290
45300
45301
45302
45305
45307
45316
45336
45344
45347
45349
45359
45360
45366
45376
45390
45396
45399
45402
45403
45412
45427
45440
45442
45444
45446
45450
45461
45467
45482
45483
45486
45492
45493
45500
45510
45511
45513
45515
45524
45525
45526
45554
45558
45560
45588
45591
45602
45604
45609
45611
45618
45623
45627
45632
45634
45635
45640
45651
45652
45664
45667
45669
45670
45676
45679
45698
45700
45708
45719
45722
45724
45738
45744
45745
45746
45747
45755
45761
45769
45788
45792
45799
45813
45817
45820
45821
45823
45825
45827
45842
45844
45847
45855
45858
45859
45860
45861
45866
45869
45880
45883
45885
45886
45891
45892
45907
45908
45910
45911
45917
45920
45923
45936
45942
45945
45948
45956
45958
45972
45977
45985
45986
45988
45991
45994
45996
45999
46005
46014
46022
46025
46027
46029
46031
46037
46038
46044
46050
46080
46091
46095
46096
46118
46121
46127
46132
46138
46144
46154
46158
46165
46167
46175
46176
46180
46189
46201
46212
46213
46216
46224
46233
46235
46238
46240
46242
46245
46250
46255
46258
46262
46264
46276
46280
46283
46293
46297
46298
46303
46307
46311
46316
46317
46318
46327
46339
46342
46345
46355
46357
46362
46364
46370
46374
46381
46384
46394
46396
46398
46402
46403
46404
46406
46412
46416
46417
46423
46424
46426
46431
46438
46443
46447
46450
46453
46454
46455
46456
46457
46458
46474
46490
46491
46496
46497
46512
46516
46520
46521
46527
46532
46542
46543
46549
46553
46559
46562
46572
46579
46582
46585
46591
46597
46598
46600
46605
46617
46619
46627
46628
46641
46647
46656
46672
46675
46681
46694
46701
46704
46713
46714
46719
46721
46726
46727
46730
46735
46738
46743
46758
46759
46767
46768
46769
46770
46777
46779
46781
46786
46791
46793
46796
46802
46803
46805
46813
46823
46824
46828
46832
46841
46842
46843
46848
46851
46854
46856
46871
46880
46891
46892
46897
46904
46908
46913
46916
46920
46927
46930
46937
46947
46950
46952
46955
46962
46965
46986
46992
46994
47003
47014
47015
47016
47031
47035
47040
47048
47052
47054
47055
47056
47060
47061
47063
47066
47070
47072
47074
47079
47083
47085
47095
47096
47110
47113
47115
47120
47125
47129
47131
47132
47135
47136
47144
47147
47157
47165
47167
47170
47178
47182
47189
47195
47201
47212
47218
47225
47227
47231
47242
47246
47248
47259
47265
47273
47277
47286
47287
47297
47300
47303
47304
47308
47317
47319
47331
47336
47342
47357
47361
47363
47365
47370
47372
47374
47380
47386
47387
47389
47395
47400
47406
47412
47419
47422
47429
47432
47437
47439
47448
47452
47453
47455
47457
47458
47476
47477
47480
47485
47487
47491
47493
47495
47497
47499
47500
47502
47503
47505
47506
47510
47517
47518
47519
47544
47547
47548
47550
47552
47554
47555
47559
47562
47566
47567
47578
47579
47580
47582
47585
47586
47589
47593
47597
47598
47601
47610
47611
47640
47643
47644
47648
47658
47663
47667
47671
47683
47685
47699
47700
47704
47705
47710
47713
47716
47719
47742
47748
47760
47780
47786
47789
47794
47796
47807
47816
47842
47857
47859
47864
47866
47869
47870
47873
47877
47891
47894
47897
47901
47902
47906
47909
47917
47920
47928
47929
47936
47944
47967
47971
47973
47976
47978
47999
48002
48003
48015
48021
48022
48023
48026
48029
48032
48035
48037
48045
48046
48055
48063
48070
48073
48075
48077
48087
48088
48096
48100
48103
48105
48107
48108
48110
48112
48116
48142
48145
48146
48148
48149
48152
48155
48156
48157
48158
48160
48163
48169
48174
48175
48180
48181
48183
48197
48198
48204
48206
48210
48214
48224
48239
48241
48250
48259
48262
48266
48271
48278
48279
48291
48303
48304
48305
48308
48312
48315
48319
48320
48323
48325
48334
48347
48348
48352
48353
48356
48357
48364
48376
48381
48384
48390
48394
48402
48411
48412
48414
48416
48418
48423
48430
48444
48447
48455
48458
48479
48483
48487
48491
48499
48505
48510
48512
48514
48515
48516
48517
48528
48539
48540
48546
48547
48548
48550
48559
48563
48565
48569
48576
48585
48588
48589
48590
48594
48595
48596
48597
48607
48633
48645
48646
48647
48648
48650
48653
48656
48670
48673
48678
48680
48686
48687
48690
48692
48695
48699
48717
48721
48722
48736
48737
48752
48764
48765
48772
48777
48778
48782
48783
48784
48785
48790
48792
48799
48805
48813
48814
48818
48829
48840
48842
48849
48857
48859
48860
48861
48871
48881
48886
48889
48898
48904
48906
48909
48919
48923
48925
48927
48928
48948
48952
48956
48957
48961
48967
48971
48985
48988
48993
48994
48998
49008
49022
49024
49026
49028
49032
49033
49034
49039
49042
49045
49049
49054
49058
49059
49068
49079
49083
49088
49089
49090
49094
49095
49098
49105
49109
49112
49127
49128
49129
49139
49143
49145
49147
49150
49153
49154
49158
49161
49162
49163
49171
49177
49192
49197
49200
49201
49210
49217
49226
49230
49232
49248
49251
49260
49272
49274
49275
49284
49290
49296
49297
49300
49304
49309
49311
49318
49319
49320
49323
49336
49357
49361
49363
49371
49376
49385
49391
49394
49396
49402
49403
49410
49425
49434
49435
49437
49438
49459
49460
49471
49472
49474
49476
49488
49490
49494
49497
49498
49504
49505
49508
49518
49519
49523
49525
49532
49536
49540
49542
49546
49550
49551
49553
49554
49558
49559
49561
49565
49579
49581
49583
49589
49598
49605
49614
49621
49622
49625
49629
49643
49645
49648
49655
49663
49674
49681
49682
49691
49697
49711
49717
49719
49723
49732
49738
49747
49751
49752
49763
49766
49775
49781
49790
49792
49793
49809
49818
49821
49823
49834
49839
49843
49847
49860
49861
49867
49868
49870
49874
49877
49879
49882
49883
49888
49895
49897
49898
49905
49908
49909
49919
49922
49924
49930
49931
49937
49939
49941
49942
49945
49948
49949
49950
49953
49957
49961
49964
49968
49973
49976
49978
49979
49980
49982
49985
49987
49997
