1
4
19
21
34
57
79
102
123
168
171
204
210
220
230
231
232
250
262
263
265
270
272
280
297
303
312
322
325
352
353
355
370
374
389
403
412
420
423
425
451
457
471
496
519
531
542
549
552
566
591
617
627
655
721
730
759
766
771
809
823
824
836
838
840
844
886
893
895
926
929
930
947
959
961
962
1002
1004
1005
1007
1012
1013
1018
1019
1022
1023
1025
1026
1028
1039
1040
1046
1050
1052
1060
1062
1065
1067
1077
1083
1085
1086
1089
1090
1093
1094
1097
1104
1105
1107
1109
1112
1113
1115
1125
1131
1134
1135
1136
1139
1141
1143
1145
1146
1150
1153
1160
1161
1164
1165
1166
1174
1179
1188
1189
1191
1193
1198
1199
1200
1206
1211
1215
1216
1217
1222
1226
1228
1231
1241
1243
1244
1247
1250
1253
1258
1261
1262
1264
1269
1271
1274
1279
1281
1288
1297
1302
1306
1307
1308
1317
1318
1319
1325
1327
1328
1329
1330
1337
1338
1343
1347
1349
1350
1351
1357
1359
1360
1361
1363
1364
1367
1388
1389
1392
1394
1398
1405
1407
1408
1415
1420
1421
1422
1427
1429
1432
1436
1441
1442
1448
1449
1454
1457
1458
1459
1471
1476
1477
1479
1486
1489
1497
1498
1499
1500
1504
1505
1506
1507
1510
1513
1518
1519
1522
1523
1525
1529
1530
1532
1534
1535
1538
1539
1542
1543
1544
1547
1550
1552
1555
1556
1559
1560
1563
1565
1566
1568
1571
1574
1581
1583
1592
1593
1594
1596
1597
1599
1602
1603
1606
1608
1609
1610
1613
1616
1618
1620
1622
1626
1627
1629
1630
1631
1632
1635
1636
1646
1650
1651
1652
1654
1657
1662
1663
1664
1669
1670
1672
1681
1682
1683
1684
1685
1693
1694
1698
1700
1704
1706
1709
1713
1715
1716
1720
1721
1723
1726
1728
1730
1731
1733
1735
1736
1742
1745
1746
1753
1756
1759
1760
1762
1775
1777
1778
1779
1780
1781
1784
1785
1786
1789
1790
1791
1795
1796
1797
1798
1802
1805
1808
1809
1810
1811
1815
1817
1821
1823
1824
1829
1830
1832
1837
1840
1842
1844
1846
1848
1857
1860
1861
1864
1865
1866
1868
1870
1872
1874
1877
1881
1882
1887
1889
1890
1891
1892
1893
1896
1898
1902
1903
1905
1911
1913
1916
1917
1918
1919
1920
1921
1922
1923
1925
1926
1929
1930
1934
1935
1936
1937
1940
1941
1943
1947
1950
1953
1958
1961
1962
1967
1968
1970
1971
1972
1973
1976
1977
1978
1979
1982
1984
1986
1989
1996
1997
2002
2003
2004
2005
2008
2009
2010
2011
2013
2014
2017
2018
2022
2025
2027
2030
2031
2032
2034
2038
2039
2041
2043
2044
2045
2054
2056
2058
2064
2065
2070
2073
2074
2076
2081
2087
2088
2089
2095
2097
2098
2102
2104
2106
2107
2109
2114
2115
2118
2120
2121
2123
2124
2127
2134
2136
2137
2141
2142
2143
2146
2147
2149
2152
2154
2155
2157
2158
2161
2163
2165
2168
2170
2171
2173
2177
2179
2184
2185
2186
2188
2196
2197
2198
2200
2203
2204
2206
2210
2211
2212
2213
2215
2217
2218
2221
2223
2224
2227
2228
2229
2233
2234
2239
2240
2241
2242
2243
2247
2251
2252
2253
2255
2257
2261
2264
2266
2267
2270
2272
2273
2275
2276
2279
2281
2283
2286
2292
2297
2299
2300
2301
2306
2308
2309
2311
2313
2315
2317
2321
2322
2323
2325
2330
2332
2334
2336
2339
2341
2342
2344
2345
2352
2355
2357
2363
2366
2367
2370
2374
2376
2379
2380
2382
2384
2385
2387
2393
2396
2398
2399
2403
2406
2408
2409
2412
2413
2414
2420
2422
2424
2430
2432
2435
2436
2437
2439
2446
2451
2452
2456
2466
2468
2469
2471
2472
2473
2474
2477
2480
2483
2485
2493
2495
2497
2498
2503
2504
2505
2527
2554
2575
2577
2581
2582
2599
2600
2604
2616
2632
2644
2657
2658
2675
2680
2707
2710
2714
2715
2739
2760
2775
2788
2789
2792
2804
2819
2823
2825
2836
2848
2859
2883
2894
2895
2920
2921
2927
2936
2945
2951
2960
2969
2973
2976
2986
2999
3004
3016
3020
3023
3028
3033
3036
3053
3055
3058
3060
3061
3064
3066
3069
3073
3075
3077
3078
3079
3081
3083
3086
3087
3090
3091
3095
3105
3109
3114
3119
3127
3129
3130
3133
3136
3137
3138
3140
3141
3144
3147
3148
3155
3158
3159
3165
3169
3171
3179
3180
3181
3186
3189
3190
3191
3193
3200
3202
3208
3210
3215
3217
3221
3222
3223
3224
3230
3231
3233
3234
3236
3242
3245
3248
3249
3250
3256
3261
3262
3264
3267
3269
3270
3276
3280
3282
3284
3289
3306
3310
3312
3318
3321
3322
3334
3335
3336
3339
3340
3342
3343
3344
3346
3347
3365
3367
3369
3373
3378
3382
3385
3386
3389
3390
3391
3392
3397
3399
3400
3404
3408
3411
3414
3417
3420
3430
3432
3439
3441
3446
3448
3451
3461
3464
3467
3469
3473
3474
3478
3480
3481
3482
3483
3493
3494
3501
3502
3508
3509
3514
3518
3519
3520
3523
3525
3535
3537
3540
3542
3548
3554
3556
3557
3564
3565
3566
3572
3578
3589
3590
3591
3597
3604
3615
3616
3622
3631
3633
3635
3636
3645
3647
3649
3652
3653
3656
3661
3662
3663
3667
3670
3671
3676
3677
3679
3683
3687
3689
3693
3699
3705
3710
3721
3722
3728
3730
3735
3736
3749
3750
3753
3754
3755
3759
3762
3766
3768
3769
3771
3773
3775
3776
3778
3779
3783
3785
3786
3787
3792
3793
3797
3807
3814
3818
3820
3821
3827
3835
3836
3838
3842
3843
3844
3846
3847
3854
3857
3860
3861
3870
3871
3872
3875
3876
3879
3881
3890
3892
3895
3897
3905
3907
3909
3910
3911
3912
3913
3920
3928
3931
3932
3937
3938
3944
3947
3950
3952
3957
3959
3965
3971
3974
3981
3984
3986
3987
3989
3992
3995
4015
4017
4023
4031
4032
4055
4059
4092
4101
4150
4156
4175
4197
4198
4213
4231
4243
4252
4257
4286
4287
4318
4324
4330
4331
4344
4357
4381
4383
4398
4406
4414
4418
4440
4441
4445
4459
4470
4482
4485
4507
4508
4510
4511
4512
4517
4525
4527
4531
4535
4540
4542
4543
4546
4549
4551
4556
4559
4572
4584
4591
4592
4594
4596
4600
4605
4609
4618
4626
4630
4631
4649
4656
4663
4670
4671
4683
4685
4694
4701
4708
4714
4721
4729
4734
4744
4747
4774
4777
4778
4804
4808
4810
4813
4820
4821
4823
4825
4828
4837
4839
4849
4850
4871
4888
4890
4893
4894
4898
4901
4903
4913
4918
4919
4923
4926
4929
4970
4989
4993
4995
4999
5001
5002
5005
5007
5010
5015
5018
5019
5021
5028
5031
5042
5043
5050
5056
5059
5064
5072
5075
5078
5080
5095
5106
5111
5113
5115
5120
5121
5122
5127
5129
5133
5135
5139
5144
5151
5159
5163
5178
5180
5185
5191
5193
5196
5202
5211
5214
5215
5217
5220
5225
5227
5228
5236
5240
5249
5258
5259
5266
5270
5278
5279
5280
5281
5295
5297
5298
5299
5301
5305
5307
5312
5313
5316
5317
5319
5325
5333
5334
5342
5352
5353
5360
5368
5372
5377
5378
5394
5398
5400
5402
5405
5406
5421
5423
5430
5431
5434
5443
5444
5445
5446
5452
5455
5457
5460
5461
5462
5464
5467
5473
5478
5481
5484
5488
5489
5493
5503
5505
5506
5507
5509
5510
5511
5513
5514
5515
5517
5519
5520
5521
5522
5531
5535
5537
5538
5539
5543
5554
5555
5562
5564
5569
5570
5571
5574
5577
5578
5579
5580
5581
5582
5589
5593
5594
5598
5599
5602
5604
5606
5608
5612
5613
5617
5621
5627
5630
5631
5637
5638
5639
5641
5642
5644
5646
5647
5648
5650
5652
5656
5658
5659
5661
5667
5668
5670
5678
5681
5683
5684
5685
5687
5688
5691
5692
5693
5696
5699
5700
5702
5704
5707
5708
5710
5711
5712
5713
5714
5715
5721
5725
5731
5734
5735
5736
5740
5744
5746
5749
5750
5751
5752
5757
5762
5765
5766
5768
5772
5779
5780
5781
5786
5787
5789
5790
5794
5798
5808
5809
5811
5813
5817
5818
5822
5825
5835
5836
5837
5840
5843
5845
5847
5848
5849
5850
5852
5853
5854
5855
5856
5858
5861
5868
5870
5871
5873
5874
5875
5876
5880
5882
5884
5885
5890
5892
5897
5898
5905
5907
5908
5912
5916
5918
5922
5929
5931
5932
5937
5938
5940
5945
5952
5953
5955
5956
5958
5960
5962
5963
5969
5970
5974
5978
5984
5985
5988
5989
5993
5994
5995
5996
6003
6006
6014
6015
6017
6019
6027
6034
6035
6039
6045
6051
6056
6058
6061
6065
6069
6074
6078
6090
6091
6092
6094
6096
6098
6101
6102
6103
6104
6110
6112
6129
6130
6132
6144
6150
6154
6158
6164
6168
6175
6177
6179
6186
6190
6199
6205
6216
6218
6219
6220
6223
6228
6235
6236
6239
6243
6249
6252
6260
6270
6271
6275
6278
6289
6298
6300
6302
6305
6308
6312
6314
6325
6328
6329
6330
6333
6351
6357
6358
6364
6368
6369
6375
6381
6384
6389
6397
6401
6406
6411
6413
6416
6417
6423
6425
6428
6429
6431
6439
6444
6453
6455
6456
6466
6469
6474
6480
6484
6489
6492
6497
6503
6519
6526
6543
6544
6552
6557
6586
6596
6600
6613
6621
6627
6634
6655
6665
6678
6680
6743
6802
6839
6853
6861
6864
6868
6871
6882
6887
6892
6897
6910
6913
6940
6941
6949
6955
6957
6963
6966
6980
6988
7008
7011
7015
7021
7022
7024
7027
7032
7035
7038
7040
7043
7045
7046
7053
7055
7057
7058
7062
7067
7075
7078
7082
7083
7084
7085
7091
7093
7094
7095
7096
7097
7100
7101
7103
7108
7128
7129
7133
7139
7146
7148
7149
7153
7156
7161
7164
7171
7180
7181
7182
7186
7188
7189
7193
7197
7201
7204
7207
7211
7213
7221
7223
7226
7230
7241
7249
7253
7258
7263
7269
7270
7271
7272
7274
7275
7276
7278
7280
7285
7293
7300
7308
7310
7318
7326
7329
7330
7331
7332
7334
7339
7340
7342
7343
7344
7348
7349
7351
7354
7356
7361
7362
7363
7364
7375
7388
7390
7402
7404
7407
7409
7421
7422
7423
7428
7431
7433
7438
7443
7449
7454
7456
7460
7462
7466
7474
7477
7483
7492
7501
7504
7507
7508
7510
7512
7515
7519
7520
7522
7523
7528
7529
7536
7541
7544
7548
7549
7553
7556
7557
7561
7567
7570
7583
7585
7589
7593
7597
7598
7603
7605
7609
7613
7615
7616
7617
7619
7625
7632
7640
7642
7648
7649
7651
7658
7659
7669
7671
7685
7687
7692
7695
7700
7702
7706
7709
7712
7716
7726
7730
7735
7740
7747
7749
7761
7763
7767
7771
7773
7776
7778
7780
7782
7783
7785
7790
7793
7797
7799
7802
7804
7809
7810
7812
7814
7824
7826
7827
7828
7829
7835
7841
7843
7850
7854
7863
7875
7877
7879
7890
7891
7893
7903
7909
7910
7920
7927
7932
7933
7938
7940
7945
7955
7956
7957
7967
7974
7984
7989
7995
7999
8000
8007
8016
8018
8021
8022
8025
8026
8033
8034
8035
8040
8041
8045
8051
8056
8059
8060
8064
8066
8068
8071
8076
8078
8081
8090
8091
8093
8094
8097
8100
8105
8111
8116
8117
8120
8128
8131
8133
8140
8144
8148
8150
8158
8159
8162
8170
8177
8178
8181
8182
8183
8184
8185
8186
8190
8194
8195
8201
8204
8205
8206
8210
8217
8222
8224
8226
8227
8230
8231
8232
8235
8237
8240
8241
8243
8247
8249
8251
8252
8254
8255
8264
8266
8272
8276
8280
8284
8285
8287
8289
8295
8296
8298
8300
8301
8303
8314
8335
8338
8339
8340
8345
8350
8358
8360
8361
8362
8363
8364
8368
8369
8371
8373
8374
8378
8381
8387
8390
8391
8392
8394
8397
8398
8404
8407
8408
8415
8418
8420
8421
8423
8430
8432
8436
8437
8439
8442
8446
8447
8448
8452
8455
8458
8463
8468
8469
8474
8477
8478
8479
8481
8492
8493
8496
8499
8504
8527
8548
8555
8562
8563
8586
8594
8633
8636
8722
8762
8777
8798
8857
8869
8873
8877
8910
8916
8966
8968
8998
9003
9004
9030
9042
9054
9056
9063
9073
9085
9087
9094
9097
9100
9111
9114
9117
9118
9124
9128
9131
9132
9140
9147
9151
9153
9154
9157
9163
9166
9169
9174
9179
9185
9188
9189
9194
9198
9200
9204
9215
9216
9221
9224
9228
9231
9234
9236
9247
9249
9251
9252
9255
9278
9281
9286
9289
9295
9308
9310
9319
9324
9325
9336
9346
9357
9362
9364
9370
9374
9376
9377
9384
9392
9393
9394
9398
9404
9407
9409
9413
9426
9427
9431
9432
9434
9435
9436
9438
9442
9447
9450
9459
9463
9469
9472
9478
9508
9521
9524
9527
9532
9543
9544
9546
9549
9552
9553
9556
9558
9564
9565
9572
9575
9577
9580
9583
9585
9586
9587
9588
9611
9614
9618
9619
9620
9623
9627
9628
9629
9641
9643
9646
9648
9650
9653
9656
9662
9668
9669
9670
9672
9673
9675
9686
9697
9705
9710
9717
9718
9719
9726
9728
9731
9733
9739
9741
9743
9744
9747
9758
9760
9763
9770
9771
9775
9777
9782
9786
9789
9798
9800
9801
9803
9806
9810
9815
9817
9825
9830
9839
9846
9847
9849
9861
9863
9865
9867
9869
9870
9873
9874
9877
9880
9882
9883
9886
9889
9904
9909
9910
9913
9917
9921
9924
9927
9935
9939
9940
9944
9948
9949
9954
9956
9957
9960
9962
9966
9968
9979
9982
9987
9992
9993
9997
9998
10056
10099
10149
10169
10170
10278
10331
10356
10418
10429
10430
10440
10463
10479
10502
10513
10522
10530
10538
10540
10544
10545
10547
10564
10566
10578
10595
10602
10605
10617
10621
10632
10635
10636
10666
10670
10698
10706
10714
10728
10738
10745
10759
10768
10776
10777
10782
10786
10793
10797
10835
10839
10847
10857
10858
10866
10875
10887
10903
10918
10934
10936
10949
10952
10954
10956
10983
11009
11013
11017
11018
11021
11025
11026
11027
11031
11032
11034
11036
11040
11042
11048
11051
11054
11055
11058
11060
11063
11067
11070
11075
11079
11082
11096
11097
11101
11115
11116
11119
11124
11130
11136
11141
11145
11150
11152
11154
11158
11159
11163
11175
11184
11185
11193
11197
11201
11202
11204
11205
11208
11210
11213
11214
11215
11218
11219
11221
11222
11226
11227
11231
11232
11233
11235
11236
11241
11245
11246
11249
11256
11260
11265
11275
11283
11287
11290
11299
11302
11303
11304
11307
11309
11311
11321
11339
11347
11350
11351
11353
11354
11357
11358
11365
11367
11370
11375
11378
11379
11380
11384
11387
11388
11390
11402
11403
11410
11411
11412
11417
11433
11434
11437
11438
11439
11441
11444
11446
11450
11459
11460
11463
11465
11466
11470
11472
11475
11476
11478
11482
11483
11487
11488
11497
11498
11502
11506
11523
11525
11529
11536
11539
11543
11548
11563
11592
11593
11619
11622
11635
11641
11658
11674
11710
11712
11724
11728
11741
11747
11752
11760
11787
11790
11792
11799
11806
11809
11813
11830
11843
11845
11848
11877
11898
11906
11913
11945
11949
11965
11979
12016
12021
12039
12040
12051
12058
12073
12089
12097
12098
12119
12123
12143
12159
12170
12182
12183
12210
12228
12233
12273
12280
12312
12314
12335
12345
12359
12373
12391
12394
12434
12437
12484
12486
12507
12508
12509
12510
12512
12513
12514
12519
12528
12531
12549
12554
12557
12559
12560
12565
12567
12569
12573
12574
12578
12580
12581
12584
12594
12600
12601
12604
12608
12612
12624
12625
12626
12638
12641
12642
12648
12656
12658
12660
12671
12672
12685
12690
12692
12695
12711
12712
12715
12717
12720
12721
12725
12728
12729
12731
12735
12738
12744
12748
12753
12755
12756
12757
12759
12760
12762
12765
12767
12770
12780
12789
12792
12812
12813
12828
12831
12833
12839
12845
12846
12848
12849
12860
12868
12869
12871
12873
12875
12887
12888
12910
12912
12922
12926
12931
12937
12943
12944
12956
12957
12963
12964
12971
12974
12977
12979
12981
12985
12988
12999
13001
13008
13009
13012
13013
13019
13020
13022
13023
13028
13030
13033
13038
13039
13041
13044
13046
13048
13051
13056
13060
13065
13067
13070
13074
13078
13088
13089
13090
13091
13092
13096
13103
13105
13115
13118
13121
13122
13124
13126
13127
13142
13145
13147
13148
13149
13154
13155
13158
13159
13161
13172
13177
13180
13182
13184
13188
13191
13194
13196
13202
13207
13208
13209
13211
13214
13216
13219
13227
13228
13232
13233
13236
13241
13242
13243
13245
13246
13250
13251
13252
13254
13255
13258
13259
13261
13264
13269
13281
13291
13294
13300
13301
13302
13303
13308
13311
13317
13321
13322
13325
13326
13327
13329
13339
13340
13343
13344
13345
13346
13347
13348
13349
13351
13355
13356
13358
13359
13360
13362
13364
13365
13368
13370
13374
13378
13382
13383
13387
13394
13397
13398
13403
13405
13406
13408
13411
13417
13429
13430
13432
13434
13436
13438
13441
13443
13445
13448
13449
13451
13456
13457
13464
13467
13473
13475
13479
13481
13482
13484
13486
13487
13491
13494
13497
13499
13503
13512
13514
13516
13522
13523
13526
13528
13532
13536
13560
13570
13571
13576
13580
13589
13590
13595
13599
13600
13604
13605
13607
13611
13618
13619
13623
13634
13636
13639
13646
13651
13654
13661
13665
13667
13669
13680
13687
13690
13698
13718
13719
13721
13724
13725
13726
13734
13746
13747
13750
13752
13760
13765
13771
13778
13787
13789
13795
13796
13799
13803
13806
13807
13808
13810
13815
13817
13828
13830
13832
13834
13835
13837
13840
13844
13855
13865
13869
13872
13875
13880
13885
13888
13899
13904
13911
13912
13913
13916
13929
13933
13935
13946
13947
13956
13957
13961
13975
13979
13984
13985
13990
14001
14003
14007
14017
14019
14021
14030
14035
14040
14044
14051
14055
14078
14081
14086
14095
14115
14122
14150
14158
14161
14164
14191
14195
14198
14199
14210
14213
14216
14220
14225
14226
14228
14246
14278
14283
14289
14295
14298
14301
14302
14306
14307
14311
14315
14319
14320
14324
14327
14328
14334
14335
14344
14377
14378
14388
14393
14414
14423
14429
14434
14445
14453
14474
14481
14496
14500
14501
14504
14509
14511
14512
14513
14517
14526
14532
14534
14541
14550
14551
14554
14559
14565
14567
14570
14574
14581
14582
14584
14587
14597
14601
14603
14605
14606
14609
14610
14614
14619
14620
14621
14623
14627
14632
14635
14643
14644
14656
14657
14666
14668
14677
14687
14693
14694
14697
14700
14701
14706
14707
14711
14716
14718
14720
14727
14730
14731
14735
14746
14751
14756
14759
14761
14767
14768
14772
14776
14777
14778
14779
14785
14787
14789
14790
14792
14798
14803
14808
14809
14817
14828
14831
14838
14844
14845
14853
14868
14869
14873
14876
14883
14885
14887
14889
14896
14902
14906
14912
14916
14933
14938
14949
14952
14953
14955
14956
14957
14962
14967
14968
14974
14976
14982
14987
14989
14991
14992
14994
14995
15004
15008
15011
15012
15017
15018
15030
15037
15038
15042
15057
15060
15070
15101
15104
15121
15133
15134
15135
15140
15145
15150
15160
15161
15163
15172
15176
15178
15179
15182
15187
15192
15198
15199
15205
15208
15209
15212
15217
15227
15233
15235
15246
15247
15261
15262
15264
15265
15268
15277
15279
15280
15285
15286
15289
15294
15299
15300
15304
15313
15315
15319
15320
15323
15326
15329
15331
15335
15338
15340
15352
15355
15357
15363
15366
15374
15377
15384
15385
15386
15387
15388
15394
15395
15396
15399
15402
15408
15410
15414
15418
15427
15432
15438
15444
15448
15451
15452
15453
15454
15461
15462
15465
15467
15469
15473
15504
15509
15510
15519
15529
15530
15548
15552
15553
15561
15566
15591
15613
15616
15626
15628
15635
15640
15641
15648
15652
15653
15678
15698
15701
15712
15715
15750
15765
15768
15783
15785
15791
15794
15813
15826
15830
15834
15839
15846
15855
15863
15865
15881
15885
15887
15901
15904
15919
15925
15929
15955
15976
15983
15991
15997
16000
16001
16004
16005
16007
16013
16015
16016
16019
16020
16024
16026
16029
16034
16035
16045
16048
16049
16051
16054
16056
16057
16060
16061
16065
16069
16070
16078
16086
16088
16090
16092
16102
16103
16104
16107
16108
16112
16116
16117
16130
16131
16134
16137
16144
16145
16150
16151
16155
16163
16165
16167
16168
16169
16170
16172
16173
16174
16175
16176
16177
16180
16182
16191
16201
16204
16205
16206
16210
16211
16212
16213
16221
16223
16224
16225
16226
16229
16230
16233
16234
16237
16238
16239
16241
16242
16246
16248
16252
16253
16256
16262
16265
16267
16269
16270
16273
16274
16279
16281
16284
16292
16294
16297
16299
16304
16305
16308
16310
16311
16313
16317
16321
16327
16328
16332
16335
16336
16339
16342
16343
16345
16346
16347
16348
16349
16350
16357
16364
16366
16368
16370
16376
16378
16380
16384
16385
16388
16389
16390
16393
16396
16398
16401
16403
16411
16413
16417
16422
16423
16425
16426
16427
16428
16438
16441
16443
16444
16446
16448
16451
16453
16455
16456
16458
16459
16460
16461
16463
16466
16479
16480
16481
16485
16486
16487
16493
16494
16498
16502
16513
16514
16525
16529
16531
16539
16544
16549
16550
16554
16560
16565
16569
16577
16578
16581
16593
16597
16615
16617
16623
16626
16632
16643
16644
16645
16651
16653
16655
16660
16664
16665
16672
16675
16677
16679
16688
16692
16697
16698
16710
16711
16712
16715
16717
16733
16734
16738
16740
16742
16745
16747
16757
16759
16772
16775
16778
16785
16787
16796
16801
16804
16807
16812
16813
16817
16827
16829
16831
16832
16845
16850
16852
16854
16855
16862
16863
16865
16868
16874
16896
16902
16903
16905
16910
16915
16922
16923
16926
16933
16938
16939
16943
16945
16951
16953
16954
16958
16961
16963
16964
16969
16971
16995
16999
17008
17012
17014
17029
17041
17047
17051
17052
17053
17056
17057
17061
17082
17083
17088
17093
17101
17106
17108
17112
17123
17126
17127
17135
17142
17146
17151
17156
17159
17162
17163
17169
17172
17179
17187
17189
17193
17194
17201
17202
17204
17206
17214
17233
17238
17239
17242
17244
17245
17248
17252
17264
17268
17274
17276
17278
17280
17283
17290
17302
17306
17307
17310
17312
17333
17334
17335
17344
17349
17351
17356
17362
17371
17375
17376
17383
17384
17390
17397
17400
17402
17420
17430
17436
17440
17441
17450
17455
17460
17465
17466
17475
17482
17497
17500
17527
17530
17533
17539
17545
17576
17577
17586
17606
17617
17618
17627
17633
17644
17648
17650
17670
17679
17704
17710
17716
17719
17736
17742
17750
17768
17772
17775
17796
17798
17810
17829
17839
17846
17858
17860
17861
17883
17884
17888
17891
17893
17902
17921
17945
17948
17954
17964
17965
17980
17983
17991
17999
18000
18001
18020
18035
18039
18051
18052
18068
18077
18091
18105
18107
18116
18125
18134
18166
18170
18173
18180
18194
18206
18225
18228
18240
18242
18249
18266
18289
18291
18295
18317
18320
18324
18360
18363
18364
18381
18382
18388
18389
18392
18400
18417
18428
18430
18442
18448
18455
18478
18480
18489
18501
18507
18528
18529
18531
18534
18536
18545
18553
18558
18574
18577
18580
18589
18608
18611
18613
18614
18615
18624
18630
18639
18644
18646
18649
18652
18654
18662
18667
18668
18669
18673
18675
18685
18686
18687
18688
18690
18717
18718
18725
18726
18731
18736
18749
18752
18758
18759
18763
18772
18779
18784
18790
18792
18793
18810
18818
18822
18824
18833
18835
18842
18852
18854
18860
18872
18876
18883
18891
18898
18912
18913
18917
18919
18923
18924
18932
18934
18936
18940
18945
18946
18950
18955
18958
18964
18971
18980
18981
18984
18987
19005
19008
19013
19014
19021
19029
19030
19032
19039
19040
19043
19049
19052
19058
19059
19068
19073
19075
19078
19080
19090
19094
19096
19100
19103
19106
19110
19111
19115
19118
19119
19126
19136
19137
19138
19141
19158
19171
19173
19182
19186
19187
19199
19200
19204
19210
19211
19214
19215
19217
19234
19237
19241
19242
19243
19245
19257
19261
19262
19263
19264
19268
19270
19274
19276
19284
19285
19295
19298
19300
19302
19303
19305
19312
19313
19316
19319
19322
19324
19325
19327
19330
19331
19337
19344
19345
19350
19351
19352
19354
19362
19364
19372
19376
19383
19384
19398
19410
19411
19418
19423
19428
19429
19434
19435
19444
19450
19455
19461
19466
19468
19473
19476
19479
19483
19495
19497
19498
19532
19546
19561
19581
19591
19602
19612
19626
19630
19659
19662
19675
19681
19682
19726
19727
19729
19730
19739
19743
19745
19755
19759
19790
19794
19796
19830
19839
19867
19879
19910
19928
19941
19943
19961
19971
19982
20001
20002
20006
20007
20009
20010
20011
20012
20014
20016
20017
20018
20025
20026
20028
20031
20046
20050
20055
20060
20062
20063
20068
20069
20071
20079
20080
20083
20084
20086
20089
20091
20095
20096
20098
20100
20107
20112
20113
20116
20124
20125
20126
20128
20135
20139
20140
20145
20147
20153
20155
20157
20158
20166
20173
20177
20183
20184
20191
20197
20200
20204
20209
20215
20221
20224
20226
20228
20230
20242
20244
20245
20246
20247
20248
20254
20259
20260
20261
20264
20265
20267
20278
20279
20283
20286
20297
20302
20303
20305
20309
20310
20312
20317
20318
20320
20323
20328
20331
20332
20335
20339
20344
20352
20354
20357
20364
20373
20376
20379
20380
20382
20390
20391
20396
20404
20405
20409
20417
20418
20422
20423
20427
20430
20433
20443
20452
20454
20455
20456
20457
20458
20460
20465
20466
20473
20475
20476
20477
20480
20482
20487
20491
20496
20498
20504
20511
20513
20516
20519
20527
20528
20535
20540
20545
20553
20562
20588
20594
20599
20620
20626
20642
20661
20662
20672
20684
20687
20695
20696
20723
20727
20767
20825
20845
20846
20850
20860
20865
20866
20871
20877
20887
20895
20906
20909
20912
20914
20915
20919
20924
20929
20943
20962
20973
20976
21014
21023
21025
21026
21034
21038
21044
21048
21051
21053
21056
21072
21076
21083
21084
21087
21094
21111
21112
21115
21126
21132
21141
21143
21148
21161
21166
21167
21173
21174
21175
21178
21180
21195
21197
21198
21201
21205
21209
21215
21218
21220
21221
21222
21233
21240
21245
21247
21251
21253
21256
21259
21261
21279
21281
21283
21286
21299
21303
21305
21307
21308
21312
21318
21324
21329
21338
21343
21346
21349
21352
21357
21367
21368
21370
21382
21384
21397
21403
21405
21406
21409
21417
21423
21427
21429
21430
21439
21440
21441
21445
21446
21451
21459
21462
21463
21469
21472
21473
21487
21490
21508
21524
21528
21531
21539
21551
21560
21561
21594
21600
21603
21618
21633
21639
21642
21646
21652
21657
21658
21681
21686
21689
21692
21703
21706
21709
21716
21717
21724
21725
21733
21734
21736
21739
21740
21744
21746
21749
21751
21752
21764
21778
21780
21783
21801
21822
21829
21830
21841
21855
21861
21893
21894
21897
21901
21910
21912
21913
21924
21929
21936
21947
21957
21969
21971
21974
21975
21977
21992
21993
21994
22000
22001
22002
22003
22005
22006
22007
22010
22011
22014
22017
22018
22020
22021
22022
22023
22024
22025
22026
22030
22032
22033
22034
22035
22037
22039
22040
22045
22046
22049
22052
22053
22054
22055
22056
22057
22058
22059
22061
22062
22063
22065
22066
22068
22069
22070
22072
22074
22077
22078
22079
22080
22081
22082
22084
22086
22087
22088
22089
22090
22091
22092
22093
22096
22097
22099
22100
22101
22103
22105
22107
22109
22110
22111
22113
22115
22117
22118
22124
22125
22128
22131
22133
22134
22135
22138
22139
22140
22141
22143
22144
22146
22147
22148
22149
22150
22151
22152
22153
22154
22157
22159
22160
22161
22162
22166
22169
22171
22172
22173
22174
22175
22176
22177
22178
22179
22180
22181
22182
22184
22185
22186
22187
22189
22190
22194
22195
22196
22197
22202
22203
22205
22206
22208
22210
22211
22212
22213
22215
22217
22219
22221
22222
22223
22224
22227
22228
22229
22231
22232
22234
22235
22238
22239
22240
22241
22242
22244
22245
22246
22247
22248
22250
22251
22252
22254
22256
22257
22258
22260
22261
22262
22263
22264
22266
22268
22270
22274
22276
22278
22279
22280
22281
22282
22283
22284
22286
22287
22289
22290
22291
22292
22293
22294
22295
22300
22301
22302
22304
22306
22307
22308
22309
22311
22313
22315
22316
22317
22318
22321
22322
22323
22324
22325
22326
22327
22328
22329
22330
22331
22334
22336
22337
22338
22339
22341
22342
22343
22344
22345
22346
22347
22349
22350
22351
22352
22354
22355
22356
22357
22360
22361
22362
22365
22366
22367
22368
22369
22370
22371
22372
22374
22375
22377
22378
22379
22380
22381
22383
22384
22385
22387
22388
22389
22390
22391
22392
22393
22394
22395
22396
22397
22399
22400
22401
22402
22403
22404
22405
22406
22407
22408
22410
22411
22412
22414
22415
22416
22418
22420
22422
22428
22429
22430
22431
22432
22433
22437
22441
22442
22443
22445
22446
22447
22448
22449
22450
22452
22454
22455
22456
22457
22458
22460
22461
22462
22463
22464
22465
22466
22468
22469
22471
22472
22477
22478
22479
22480
22481
22482
22483
22484
22485
22488
22489
22490
22494
22495
22496
22498
22499
22500
22502
22503
22504
22506
22507
22510
22512
22513
22515
22516
22517
22521
22522
22523
22524
22525
22526
22527
22528
22530
22531
22532
22535
22536
22538
22539
22540
22542
22543
22544
22546
22547
22548
22551
22552
22553
22554
22556
22559
22560
22562
22565
22566
22571
22572
22575
22576
22579
22580
22581
22583
22585
22586
22587
22589
22593
22594
22596
22598
22601
22602
22604
22611
22612
22614
22617
22622
22623
22625
22628
22630
22632
22636
22637
22640
22641
22645
22647
22654
22656
22658
22667
22672
22675
22677
22684
22685
22688
22690
22692
22694
22695
22696
22697
22698
22699
22700
22702
22704
22707
22709
22712
22713
22718
22719
22721
22722
22725
22731
22734
22736
22737
22738
22742
22743
22748
22749
22752
22759
22761
22762
22764
22765
22767
22768
22771
22774
22777
22778
22780
22782
22784
22785
22786
22788
22790
22792
22793
22794
22800
22801
22804
22805
22806
22808
22809
22811
22814
22815
22816
22818
22819
22823
22824
22825
22826
22827
22828
22830
22831
22832
22836
22837
22842
22845
22846
22848
22851
22852
22853
22854
22857
22858
22859
22860
22863
22864
22865
22868
22869
22871
22872
22874
22876
22878
22879
22885
22886
22887
22889
22890
22891
22892
22893
22899
22900
22901
22903
22904
22910
22911
22912
22915
22916
22917
22921
22923
22924
22926
22927
22930
22931
22934
22935
22937
22938
22939
22940
22941
22942
22944
22947
22949
22951
22954
22955
22956
22958
22962
22963
22964
22965
22966
22968
22971
22972
22973
22974
22975
22980
22981
22982
22984
22986
22987
22989
22990
22992
22994
22995
23004
23006
23008
23012
23019
23022
23023
23028
23029
23033
23044
23046
23047
23048
23051
23052
23058
23064
23069
23070
23072
23086
23094
23095
23096
23098
23100
23101
23105
23107
23108
23109
23111
23113
23114
23116
23122
23125
23129
23134
23140
23141
23149
23155
23156
23157
23158
23162
23163
23165
23167
23168
23170
23172
23178
23179
23186
23187
23192
23199
23202
23204
23207
23215
23220
23226
23229
23234
23236
23237
23239
23241
23245
23246
23247
23253
23255
23259
23270
23274
23277
23284
23290
23293
23296
23297
23298
23300
23305
23306
23309
23313
23316
23319
23320
23321
23324
23328
23333
23335
23338
23341
23346
23372
23377
23378
23379
23385
23389
23397
23399
23400
23403
23407
23408
23409
23412
23415
23416
23418
23419
23421
23425
23427
23429
23432
23439
23440
23449
23452
23456
23457
23460
23473
23474
23482
23488
23494
23496
23497
23498
23501
23504
23505
23506
23511
23514
23518
23521
23522
23528
23530
23532
23536
23540
23542
23543
23544
23554
23555
23558
23560
23564
23572
23573
23589
23597
23599
23600
23601
23603
23607
23618
23621
23622
23633
23642
23645
23646
23655
23656
23666
23670
23677
23683
23685
23696
23702
23704
23707
23709
23710
23716
23720
23724
23730
23732
23733
23737
23740
23742
23748
23750
23751
23766
23771
23777
23780
23781
23785
23788
23791
23792
23793
23799
23801
23804
23808
23822
23831
23836
23839
23842
23847
23853
23864
23866
23874
23875
23880
23902
23906
23916
23932
23941
23943
23944
23948
23950
23954
23959
23966
23976
23982
23983
23987
23993
23994
23996
24009
24021
24022
24030
24037
24050
24051
24066
24079
24080
24082
24096
24101
24127
24132
24134
24135
24168
24176
24193
24196
24203
24205
24206
24214
24217
24222
24227
24244
24250
24266
24277
24279
24282
24290
24292
24293
24305
24320
24325
24354
24369
24375
24379
24415
24424
24429
24435
24437
24478
24481
24497
24498
24506
24508
24529
24534
24552
24560
24562
24571
24587
24623
24626
24657
24677
24682
24701
24712
24738
24746
24747
24758
24772
24777
24788
24793
24801
24829
24831
24841
24862
24867
24875
24900
24921
24927
24939
24943
24955
24979
24991
24995
25004
25008
25009
25011
25015
25016
25019
25023
25024
25026
25028
25029
25030
25032
25034
25036
25037
25040
25041
25045
25051
25054
25056
25057
25058
25059
25062
25063
25066
25067
25070
25073
25074
25076
25079
25080
25082
25083
25084
25086
25087
25091
25094
25095
25096
25099
25105
25108
25111
25120
25123
25126
25127
25130
25139
25142
25145
25147
25148
25150
25165
25166
25167
25169
25172
25173
25174
25178
25180
25185
25186
25191
25194
25195
25196
25199
25200
25201
25210
25214
25218
25219
25221
25226
25228
25229
25240
25242
25244
25248
25250
25252
25253
25256
25257
25261
25267
25269
25270
25273
25278
25279
25281
25285
25288
25291
25293
25296
25297
25302
25305
25306
25312
25322
25323
25325
25328
25332
25339
25342
25354
25355
25356
25357
25360
25361
25362
25363
25366
25372
25373
25374
25375
25376
25384
25389
25393
25395
25398
25399
25401
25411
25416
25421
25423
25425
25427
25429
25431
25432
25435
25436
25439
25446
25448
25453
25457
25458
25459
25463
25465
25467
25474
25480
25483
25486
25489
25491
25492
25493
25494
25495
25504
25508
25515
25536
25537
25542
25547
25549
25557
25568
25578
25589
25594
25595
25598
25602
25604
25608
25612
25619
25620
25623
25627
25636
25639
25640
25643
25648
25656
25667
25669
25681
25688
25701
25708
25716
25717
25719
25727
25728
25730
25734
25736
25737
25744
25751
25752
25759
25763
25768
25772
25781
25784
25791
25792
25798
25799
25801
25803
25813
25823
25825
25827
25838
25840
25842
25843
25854
25872
25882
25885
25886
25889
25895
25898
25908
25920
25921
25926
25930
25933
25949
25954
25960
25966
25968
25971
25981
25988
25995
26032
26048
26118
26197
26216
26220
26226
26261
26262
26270
26288
26434
26447
26464
26477
26542
26558
26561
26583
26608
26640
26653
26685
26706
26718
26730
26732
26755
26762
26780
26851
26854
26877
26884
26887
26889
26891
26893
26933
26934
26997
27003
27004
27007
27009
27041
27047
27048
27065
27067
27071
27080
27085
27087
27092
27094
27098
27099
27108
27112
27117
27124
27150
27151
27153
27160
27166
27173
27192
27196
27198
27200
27204
27208
27220
27232
27238
27241
27242
27251
27273
27295
27299
27306
27308
27322
27328
27330
27333
27338
27340
27358
27361
27363
27366
27368
27389
27390
27393
27400
27410
27415
27421
27432
27442
27446
27449
27470
27479
27483
27498
27502
27504
27506
27507
27508
27509
27512
27513
27514
27515
27517
27519
27522
27523
27525
27529
27530
27533
27535
27536
27538
27539
27540
27542
27543
27545
27549
27550
27551
27553
27554
27556
27557
27558
27559
27560
27561
27562
27563
27565
27566
27567
27569
27570
27571
27572
27574
27575
27577
27578
27579
27582
27583
27586
27587
27589
27590
27591
27592
27593
27594
27595
27598
27600
27603
27604
27605
27607
27609
27610
27611
27612
27614
27615
27616
27617
27620
27621
27622
27623
27624
27627
27629
27630
27632
27637
27638
27640
27641
27643
27644
27646
27647
27648
27650
27651
27652
27654
27655
27656
27657
27658
27661
27663
27664
27665
27666
27668
27669
27670
27671
27672
27674
27675
27677
27678
27679
27680
27681
27682
27684
27685
27686
27688
27691
27692
27695
27696
27697
27698
27699
27700
27701
27702
27703
27704
27705
27706
27707
27709
27711
27712
27715
27717
27718
27720
27722
27723
27724
27725
27729
27731
27732
27734
27736
27737
27738
27740
27741
27742
27743
27744
27745
27746
27747
27748
27749
27750
27751
27752
27753
27756
27757
27758
27759
27761
27763
27766
27768
27770
27771
27772
27773
27774
27775
27776
27777
27778
27779
27780
27782
27784
27786
27787
27788
27789
27790
27792
27794
27795
27796
27798
27799
27801
27802
27804
27805
27807
27808
27809
27812
27813
27814
27815
27816
27817
27818
27820
27821
27823
27824
27825
27829
27832
27834
27835
27838
27839
27840
27845
27846
27850
27851
27856
27857
27858
27859
27863
27864
27866
27867
27868
27869
27871
27875
27876
27877
27878
27879
27880
27881
27882
27883
27884
27885
27887
27889
27890
27891
27893
27897
27899
27901
27902
27903
27904
27905
27906
27907
27908
27913
27914
27917
27918
27920
27921
27922
27923
27924
27925
27926
27927
27928
27929
27930
27931
27932
27934
27935
27938
27939
27940
27941
27943
27944
27945
27946
27947
27950
27951
27952
27953
27954
27955
27957
27958
27959
27960
27961
27962
27964
27965
27968
27969
27971
27972
27974
27975
27978
27979
27981
27983
27984
27985
27986
27987
27988
27989
27990
27991
27992
27993
27994
27996
27998
28028
28114
28120
28152
28183
28212
28229
28231
28250
28254
28303
28317
28322
28387
28409
28430
28442
28490
28491
28494
28501
28517
28529
28531
28535
28536
28537
28559
28604
28622
28623
28656
28668
28679
28682
28684
28697
28703
28709
28719
28731
28756
28788
28792
28801
28816
28822
28829
28839
28852
28871
28882
28888
28897
28925
28939
28964
28971
28983
28991
28992
28997
29053
29059
29136
29154
29155
29159
29168
29194
29224
29251
29285
29290
29321
29353
29367
29368
29380
29388
29405
29439
29498
29500
29501
29504
29508
29510
29512
29515
29516
29517
29519
29523
29525
29526
29527
29528
29530
29531
29534
29537
29544
29548
29550
29551
29552
29553
29554
29557
29558
29559
29560
29561
29562
29568
29569
29578
29579
29580
29583
29585
29586
29596
29599
29600
29601
29603
29604
29605
29607
29609
29612
29613
29614
29619
29623
29625
29627
29631
29633
29634
29637
29639
29642
29643
29644
29648
29649
29650
29654
29655
29659
29661
29662
29663
29665
29667
29671
29672
29673
29674
29675
29677
29679
29682
29684
29689
29691
29692
29695
29697
29698
29702
29706
29710
29711
29714
29716
29720
29722
29724
29725
29729
29730
29731
29732
29734
29736
29737
29738
29740
29745
29747
29756
29759
29760
29763
29764
29767
29771
29776
29777
29778
29779
29780
29781
29782
29788
29789
29791
29794
29795
29799
29803
29808
29809
29814
29815
29817
29824
29829
29830
29831
29832
29833
29834
29838
29840
29843
29844
29852
29853
29854
29856
29859
29863
29866
29869
29871
29872
29873
29874
29876
29882
29888
29889
29890
29892
29893
29894
29895
29905
29906
29910
29914
29918
29919
29922
29923
29924
29925
29928
29929
29930
29932
29933
29934
29935
29940
29945
29948
29952
29954
29956
29957
29958
29960
29962
29964
29965
29968
29970
29972
29975
29978
29981
29982
29985
29986
29989
29996
30009
30014
30028
30031
30034
30035
30057
30060
30071
30075
30085
30102
30128
30147
30153
30171
30176
30179
30188
30189
30196
30199
30225
30241
30244
30262
30271
30297
30298
30308
30309
30312
30318
30343
30352
30363
30370
30372
30384
30391
30402
30434
30439
30455
30483
30487
30495
30497
30506
30512
30520
30526
30533
30535
30538
30540
30555
30560
30565
30585
30593
30594
30597
30606
30626
30640
30647
30661
30665
30666
30671
30681
30703
30705
30706
30715
30730
30739
30762
30769
30773
30780
30795
30806
30817
30825
30836
30843
30845
30857
30868
30869
30876
30878
30884
30892
30908
30913
30914
30915
30928
30931
30944
30946
30952
30953
30954
30955
30957
30966
30968
30969
30978
30997
31003
31014
31022
31025
31026
31031
31038
31041
31050
31059
31073
31084
31089
31090
31091
31097
31106
31115
31117
31119
31123
31130
31132
31135
31139
31157
31158
31160
31164
31167
31179
31182
31190
31193
31195
31209
31216
31217
31222
31235
31239
31246
31250
31253
31255
31259
31260
31267
31268
31271
31277
31278
31279
31282
31286
31291
31293
31298
31304
31305
31311
31315
31317
31330
31336
31349
31353
31354
31355
31357
31360
31364
31367
31375
31382
31386
31389
31394
31403
31415
31417
31423
31426
31429
31431
31432
31433
31438
31439
31445
31454
31461
31467
31475
31478
31479
31480
31484
31489
31490
31495
31497
31499
31506
31510
31515
31518
31527
31537
31544
31547
31551
31553
31558
31574
31581
31630
31638
31645
31647
31658
31659
31670
31674
31691
31692
31700
31707
31719
31722
31724
31735
31754
31762
31763
31781
31788
31799
31815
31822
31827
31829
31834
31859
31862
31872
31874
31885
31888
31894
31903
31914
31924
31925
31929
31941
31943
31963
31968
31984
31988
31989
31991
31993
32005
32008
32009
32015
32017
32025
32027
32028
32035
32044
32050
32056
32059
32063
32073
32074
32075
32078
32086
32087
32091
32094
32098
32102
32103
32107
32116
32126
32128
32133
32136
32140
32141
32146
32154
32158
32160
32161
32162
32164
32167
32170
32173
32175
32179
32193
32196
32197
32200
32202
32203
32205
32210
32217
32218
32220
32221
32222
32232
32240
32242
32243
32245
32246
32264
32272
32274
32277
32278
32281
32284
32285
32292
32294
32295
32297
32304
32305
32308
32310
32317
32321
32322
32323
32326
32329
32337
32340
32345
32347
32351
32356
32357
32369
32381
32392
32393
32397
32400
32403
32405
32409
32410
32424
32425
32431
32432
32436
32440
32442
32450
32453
32455
32457
32458
32459
32462
32467
32471
32472
32479
32486
32490
32494
32500
32501
32505
32506
32512
32513
32514
32515
32517
32518
32520
32523
32527
32528
32529
32530
32536
32539
32541
32545
32547
32560
32564
32566
32567
32568
32569
32571
32576
32582
32583
32584
32586
32590
32593
32594
32595
32598
32599
32601
32605
32606
32608
32610
32611
32612
32613
32616
32617
32618
32619
32620
32623
32624
32625
32626
32628
32629
32631
32641
32644
32645
32646
32648
32649
32651
32652
32654
32658
32665
32666
32668
32669
32670
32671
32675
32678
32679
32683
32687
32688
32689
32692
32694
32697
32698
32699
32701
32702
32704
32705
32706
32709
32710
32711
32712
32714
32715
32718
32721
32724
32726
32727
32728
32729
32730
32732
32734
32736
32737
32738
32739
32743
32746
32747
32748
32749
32751
32756
32762
32769
32771
32773
32774
32776
32780
32782
32785
32786
32787
32788
32790
32792
32793
32796
32797
32799
32801
32802
32806
32807
32808
32810
32814
32818
32819
32820
32821
32823
32833
32834
32837
32839
32842
32846
32848
32849
32851
32852
32856
32863
32864
32865
32871
32878
32879
32881
32882
32887
32888
32889
32890
32892
32893
32894
32895
32899
32907
32911
32913
32914
32915
32918
32919
32923
32924
32935
32936
32939
32940
32944
32945
32947
32949
32955
32956
32958
32962
32964
32965
32966
32969
32971
32972
32973
32974
32977
32980
32984
32986
32990
32997
33003
33006
33008
33014
33015
33016
33023
33024
33025
33029
33039
33045
33047
33048
33049
33051
33052
33056
33057
33065
33066
33067
33073
33075
33076
33080
33081
33087
33090
33092
33094
33099
33105
33107
33116
33119
33120
33128
33144
33146
33148
33151
33152
33155
33158
33159
33171
33172
33176
33185
33190
33191
33196
33198
33200
33201
33202
33209
33210
33212
33221
33222
33226
33232
33233
33240
33246
33248
33255
33269
33277
33284
33286
33293
33294
33304
33305
33319
33327
33330
33332
33333
33334
33337
33339
33344
33352
33353
33356
33360
33362
33363
33366
33374
33376
33377
33383
33388
33390
33391
33393
33397
33404
33405
33412
33413
33415
33417
33418
33419
33420
33421
33431
33432
33445
33446
33447
33459
33465
33468
33478
33485
33486
33489
33490
33494
33495
33499
33501
33507
33515
33516
33517
33539
33541
33544
33545
33548
33555
33557
33563
33568
33570
33572
33576
33581
33584
33589
33590
33591
33597
33600
33601
33604
33609
33619
33624
33629
33638
33640
33641
33642
33647
33648
33649
33651
33653
33659
33668
33670
33672
33675
33676
33698
33710
33712
33713
33714
33725
33732
33734
33738
33740
33742
33760
33764
33773
33774
33777
33785
33786
33789
33790
33793
33799
33800
33808
33810
33814
33817
33824
33825
33826
33833
33841
33843
33845
33846
33848
33864
33871
33878
33880
33881
33882
33883
33884
33890
33892
33896
33900
33903
33906
33915
33918
33922
33925
33934
33937
33939
33946
33947
33949
33950
33951
33952
33955
33957
33959
33961
33963
33965
33968
33970
33972
33973
33974
33976
33980
33985
33987
33988
33990
33996
33997
34009
34015
34069
34078
34179
34186
34291
34304
34362
34498
34505
34508
34528
34534
34544
34545
34548
34549
34550
34556
34562
34565
34566
34577
34580
34582
34590
34602
34614
34625
34633
34638
34640
34641
34642
34643
34644
34646
34649
34653
34658
34663
34678
34694
34714
34715
34719
34729
34738
34746
34753
34754
34780
34781
34828
34831
34845
34847
34848
34849
34858
34869
34876
34883
34887
34894
34896
34904
34907
34911
34914
34922
34927
34939
34968
34984
34996
35011
35015
35033
35039
35063
35064
35075
35082
35083
35084
35103
35106
35110
35121
35128
35129
35134
35137
35145
35151
35153
35157
35168
35170
35171
35183
35186
35189
35205
35220
35229
35237
35242
35244
35248
35252
35253
35254
35261
35262
35272
35293
35306
35309
35312
35316
35318
35321
35324
35333
35340
35341
35346
35348
35359
35363
35368
35382
35384
35388
35394
35398
35402
35404
35408
35420
35425
35426
35431
35438
35441
35448
35457
35471
35477
35478
35479
35490
35498
35500
35506
35518
35558
35570
35574
35579
35591
35601
35637
35638
35642
35688
35699
35704
35711
35724
35739
35765
35769
35779
35784
35790
35791
35841
35853
35874
35876
35886
35905
35915
35934
35952
35960
35966
35991
36000
36002
36003
36006
36007
36009
36011
36012
36016
36017
36019
36020
36021
36022
36025
36026
36027
36028
36030
36031
36032
36033
36034
36035
36037
36038
36039
36041
36042
36043
36045
36046
36048
36050
36051
36052
36053
36054
36056
36057
36059
36060
36062
36064
36066
36068
36069
36078
36079
36080
36082
36083
36086
36087
36088
36089
36090
36091
36092
36094
36096
36100
36101
36102
36103
36104
36105
36106
36107
36108
36109
36110
36111
36112
36113
36114
36117
36118
36120
36121
36123
36124
36125
36126
36127
36128
36129
36130
36132
36134
36135
36137
36138
36139
36140
36141
36142
36143
36144
36145
36146
36147
36148
36150
36151
36152
36153
36155
36157
36160
36164
36166
36168
36169
36170
36171
36172
36173
36174
36177
36180
36182
36183
36186
36187
36188
36189
36190
36191
36193
36196
36197
36198
36199
36203
36204
36206
36207
36209
36210
36211
36212
36213
36214
36215
36216
36217
36219
36220
36222
36223
36224
36225
36226
36227
36228
36229
36230
36232
36234
36235
36236
36238
36240
36244
36249
36250
36251
36252
36253
36254
36256
36259
36260
36261
36263
36264
36267
36268
36269
36270
36273
36276
36278
36279
36281
36282
36283
36284
36285
36287
36290
36292
36296
36298
36300
36301
36303
36304
36305
36306
36310
36314
36317
36319
36321
36323
36324
36327
36328
36329
36330
36331
36332
36334
36335
36336
36337
36342
36343
36347
36348
36352
36353
36354
36355
36356
36357
36358
36359
36363
36365
36366
36367
36368
36370
36371
36373
36374
36375
36376
36377
36378
36379
36380
36383
36384
36385
36386
36387
36388
36389
36391
36393
36395
36396
36397
36398
36399
36400
36402
36403
36405
36406
36408
36412
36413
36416
36417
36418
36421
36422
36424
36425
36426
36428
36433
36434
36435
36436
36437
36441
36442
36444
36449
36450
36451
36453
36454
36459
36460
36463
36464
36465
36466
36467
36468
36469
36471
36472
36473
36474
36475
36476
36479
36480
36481
36482
36483
36484
36487
36490
36494
36497
36499
36500
36501
36503
36508
36516
36518
36527
36530
36533
36536
36537
36538
36544
36545
36548
36553
36555
36566
36576
36577
36578
36585
36588
36591
36593
36596
36605
36606
36607
36612
36613
36614
36618
36621
36630
36634
36637
36644
36645
36647
36650
36651
36653
36658
36659
36666
36669
36671
36672
36681
36682
36691
36694
36698
36704
36712
36723
36736
36737
36740
36743
36744
36747
36748
36762
36770
36772
36773
36776
36778
36779
36782
36786
36801
36811
36812
36814
36823
36826
36832
36836
36838
36842
36843
36847
36851
36852
36856
36859
36868
36869
36874
36876
36877
36881
36882
36888
36890
36895
36900
36902
36903
36909
36911
36912
36915
36923
36930
36931
36943
36957
36965
36966
36970
36976
36981
36983
36984
36985
36986
36990
36996
37006
37020
37022
37024
37025
37035
37040
37044
37066
37068
37069
37072
37075
37076
37087
37099
37105
37107
37115
37122
37126
37130
37137
37143
37144
37146
37150
37152
37154
37158
37162
37166
37171
37173
37174
37176
37178
37181
37182
37191
37193
37194
37195
37200
37209
37213
37218
37227
37228
37231
37234
37237
37239
37247
37248
37249
37250
37251
37259
37262
37267
37277
37279
37280
37282
37285
37286
37287
37289
37293
37294
37302
37303
37306
37312
37318
37321
37322
37324
37326
37327
37328
37331
37332
37341
37344
37345
37348
37349
37350
37351
37353
37357
37358
37360
37361
37362
37364
37375
37376
37385
37387
37399
37403
37406
37408
37418
37419
37428
37429
37432
37454
37455
37456
37464
37465
37470
37475
37478
37480
37481
37482
37491
37495
37496
37498
37502
37526
37542
37549
37563
37572
37575
37587
37612
37614
37616
37635
37644
37658
37665
37682
37685
37693
37699
37713
37719
37734
37737
37742
37745
37746
37749
37770
37780
37781
37794
37811
37822
37827
37835
37840
37850
37863
37867
37876
37893
37894
37895
37914
37919
37926
37941
37942
37944
37954
37956
37959
37962
37973
37989
38000
38003
38021
38023
38036
38043
38055
38056
38073
38074
38083
38090
38097
38110
38129
38134
38148
38180
38184
38186
38192
38210
38218
38220
38272
38273
38280
38281
38294
38305
38333
38340
38356
38357
38392
38405
38406
38407
38421
38436
38442
38448
38453
38463
38493
38500
38502
38503
38510
38512
38513
38515
38520
38524
38540
38543
38550
38553
38556
38559
38565
38573
38577
38578
38583
38591
38594
38597
38612
38614
38620
38630
38634
38649
38653
38657
38664
38666
38667
38673
38680
38684
38685
38691
38693
38694
38698
38714
38716
38718
38722
38727
38730
38732
38734
38738
38739
38741
38746
38749
38752
38764
38768
38770
38772
38777
38781
38782
38784
38790
38798
38801
38803
38811
38817
38820
38821
38831
38832
38834
38837
38853
38859
38868
38873
38874
38875
38896
38901
38904
38917
38930
38932
38937
38938
38945
38947
38951
38953
38959
38960
38965
38968
38969
38983
38985
38989
38997
38999
39003
39004
39005
39006
39010
39028
39029
39033
39040
39043
39046
39047
39051
39052
39053
39057
39058
39062
39066
39067
39069
39070
39072
39073
39075
39076
39081
39083
39087
39088
39090
39091
39092
39094
39104
39113
39118
39123
39125
39126
39128
39133
39136
39138
39142
39148
39149
39152
39159
39162
39164
39165
39167
39169
39173
39182
39187
39195
39196
39199
39200
39208
39212
39213
39223
39226
39228
39229
39230
39238
39239
39241
39243
39249
39254
39257
39259
39263
39265
39268
39276
39277
39278
39279
39281
39282
39288
39290
39292
39294
39299
39302
39304
39306
39307
39309
39312
39315
39316
39319
39320
39321
39330
39332
39334
39345
39351
39352
39353
39355
39358
39359
39361
39369
39371
39376
39385
39387
39391
39397
39399
39410
39413
39417
39418
39420
39425
39426
39427
39429
39433
39442
39445
39446
39460
39462
39463
39464
39465
39471
39472
39475
39478
39479
39480
39483
39484
39486
39487
39488
39489
39490
39491
39492
39493
39496
39499
39500
39503
39519
39520
39521
39524
39525
39528
39532
39535
39536
39541
39545
39547
39548
39551
39559
39560
39561
39567
39572
39576
39587
39593
39595
39598
39599
39610
39621
39625
39635
39640
39643
39648
39652
39654
39665
39669
39684
39685
39686
39690
39691
39698
39700
39704
39705
39706
39707
39713
39716
39719
39721
39732
39737
39738
39743
39750
39752
39754
39761
39764
39767
39771
39778
39781
39784
39785
39788
39790
39791
39794
39795
39797
39798
39800
39801
39806
39809
39813
39816
39821
39824
39828
39831
39833
39836
39842
39845
39854
39855
39858
39862
39869
39871
39872
39873
39877
39889
39890
39892
39896
39905
39911
39912
39914
39918
39921
39925
39926
39928
39930
39933
39938
39940
39941
39945
39946
39947
39948
39953
39954
39957
39963
39965
39970
39971
39973
39975
39984
39989
39991
40002
40004
40005
40006
40008
40009
40010
40011
40012
40013
40015
40016
40020
40025
40026
40031
40033
40036
40040
40043
40046
40052
40062
40064
40066
40070
40072
40073
40081
40085
40087
40089
40096
40097
40098
40100
40104
40106
40107
40111
40112
40113
40117
40119
40122
40125
40127
40135
40138
40143
40145
40147
40148
40155
40170
40172
40175
40176
40185
40190
40195
40200
40211
40212
40213
40214
40216
40221
40225
40227
40233
40237
40239
40245
40248
40252
40253
40256
40257
40262
40265
40266
40269
40273
40274
40280
40283
40284
40286
40298
40299
40301
40302
40305
40312
40314
40315
40316
40318
40319
40321
40326
40329
40331
40335
40338
40340
40342
40343
40344
40345
40350
40351
40355
40359
40360
40361
40367
40370
40371
40375
40376
40384
40388
40390
40395
40396
40401
40403
40404
40405
40409
40410
40428
40429
40431
40443
40446
40448
40449
40453
40455
40458
40460
40461
40467
40472
40478
40484
40488
40490
40491
40495
40496
40497
40526
40542
40546
40565
40568
40570
40588
40595
40599
40603
40612
40619
40633
40636
40646
40647
40649
40653
40654
40659
40664
40671
40694
40699
40707
40712
40714
40717
40733
40735
40741
40749
40762
40767
40777
40781
40782
40784
40803
40804
40810
40822
40823
40828
40833
40835
40856
40861
40867
40885
40917
40920
40923
40930
40934
40937
40953
40961
40965
40967
40976
40977
40981
40992
40997
41006
41011
41013
41022
41024
41025
41030
41068
41081
41083
41123
41149
41170
41178
41182
41185
41187
41209
41237
41241
41248
41322
41328
41342
41353
41378
41442
41497
41500
41516
41524
41529
41533
41541
41546
41552
41556
41560
41574
41586
41596
41605
41614
41620
41650
41655
41658
41660
41666
41668
41675
41678
41679
41690
41705
41707
41720
41727
41730
41731
41737
41743
41749
41759
41764
41772
41775
41776
41782
41791
41799
41806
41814
41824
41844
41847
41852
41857
41861
41869
41875
41878
41891
41909
41910
41913
41922
41932
41941
41942
41943
41946
41955
41958
41965
41970
42001
42004
42008
42014
42017
42030
42033
42034
42037
42038
42040
42049
42054
42059
42062
42067
42072
42076
42088
42091
42096
42099
42106
42108
42112
42113
42117
42119
42121
42127
42130
42131
42134
42141
42143
42149
42152
42156
42158
42162
42164
42165
42166
42172
42174
42176
42179
42184
42187
42200
42208
42210
42215
42219
42222
42223
42224
42225
42226
42230
42233
42237
42239
42240
42241
42242
42243
42245
42248
42249
42251
42254
42257
42263
42272
42275
42279
42281
42283
42286
42288
42295
42300
42303
42304
42305
42311
42313
42321
42323
42325
42329
42330
42332
42335
42337
42339
42345
42346
42348
42349
42353
42355
42359
42365
42369
42371
42374
42379
42382
42383
42386
42390
42394
42395
42401
42402
42406
42407
42408
42410
42417
42420
42425
42426
42428
42431
42433
42436
42438
42439
42441
42447
42462
42464
42469
42474
42476
42482
42485
42492
42499
42501
42524
42539
42541
42546
42555
42583
42601
42603
42604
42609
42641
42650
42668
42670
42685
42689
42692
42708
42715
42718
42722
42744
42753
42765
42787
42794
42801
42808
42837
42841
42879
42894
42903
42908
42920
42927
42956
42971
42976
42980
42983
43021
43043
43047
43058
43072
43084
43116
43121
43125
43147
43175
43190
43191
43194
43212
43230
43238
43245
43258
43270
43271
43277
43278
43282
43288
43294
43324
43340
43347
43354
43367
43374
43376
43377
43389
43395
43400
43417
43427
43437
43449
43451
43460
43469
43479
43482
43483
43493
43507
43521
43525
43531
43550
43551
43552
43559
43568
43572
43583
43588
43622
43628
43648
43662
43669
43670
43684
43690
43694
43703
43715
43734
43756
43764
43770
43778
43786
43793
43799
43804
43815
43834
43845
43847
43852
43860
43869
43887
43891
43892
43895
43896
43899
43903
43932
43940
43943
43946
43984
43986
43993
43998
44005
44030
44035
44053
44061
44064
44073
44090
44091
44096
44097
44098
44126
44139
44158
44174
44175
44181
44187
44216
44223
44224
44228
44229
44232
44234
44239
44261
44281
44283
44288
44300
44312
44318
44323
44334
44344
44348
44357
44365
44382
44388
44390
44420
44425
44429
44453
44460
44471
44479
44485
44508
44515
44550
44553
44554
44557
44566
44567
44575
44587
44588
44606
44617
44621
44622
44628
44641
44666
44682
44688
44689
44712
44719
44721
44731
44739
44741
44747
44752
44780
44794
44810
44827
44850
44869
44884
44886
44890
44904
44905
44907
44912
44913
44923
44925
44930
44932
44944
44948
44955
44958
44975
44980
44983
44986
44988
44992
45009
45010
45016
45022
45025
45030
45031
45047
45051
45056
45057
45059
45070
45074
45076
45082
45084
45086
45089
45094
45098
45099
45101
45107
45108
45111
45115
45118
45121
45122
45128
45129
45131
45135
45139
45145
45146
45150
45152
45153
45158
45160
45168
45169
45176
45182
45184
45186
45189
45197
45198
45200
45202
45209
45210
45212
45214
45215
45221
45226
45232
45239
45241
45242
45254
45256
45257
45259
45267
45281
45282
45286
45287
45292
45299
45301
45303
45304
45307
45310
45317
45319
45321
45322
45323
45324
45326
45328
45334
45335
45341
45345
45348
45349
45352
45353
45354
45358
45360
45362
45368
45375
45376
45380
45387
45389
45391
45394
45395
45401
45404
45405
45409
45414
45416
45417
45418
45420
45421
45430
45431
45433
45439
45441
45451
45460
45468
45469
45471
45476
45477
45481
45493
45494
45508
45509
45523
45526
45541
45543
45572
45574
45576
45580
45584
45585
45586
45598
45600
45604
45607
45612
45613
45614
45643
45646
45649
45655
45661
45664
45668
45680
45682
45685
45710
45716
45739
45745
45751
45754
45762
45764
45770
45777
45793
45795
45801
45817
45829
45839
45850
45851
45853
45855
45866
45872
45874
45887
45893
45897
45905
45922
45936
45940
45947
45954
45958
45975
45980
45998
46000
46017
46020
46024
46032
46035
46042
46046
46050
46065
46076
46077
46093
46095
46096
46104
46109
46110
46113
46120
46130
46131
46132
46152
46156
46162
46163
46182
46188
46196
46206
46225
46229
46248
46255
46259
46260
46262
46263
46271
46273
46274
46278
46282
46301
46304
46314
46319
46326
46328
46333
46334
46337
46347
46353
46356
46361
46365
46368
46370
46373
46393
46394
46399
46404
46405
46408
46409
46415
46423
46426
46429
46432
46434
46438
46442
46449
46463
46469
46473
46479
46485
46488
46490
46491
46497
46499
46500
46501
46502
46503
46511
46512
46515
46519
46524
46531
46535
46545
46547
46557
46559
46563
46568
46569
46570
46571
46573
46579
46583
46585
46586
46589
46592
46597
46599
46601
46605
46606
46610
46611
46614
46615
46617
46619
46623
46624
46626
46629
46631
46632
46635
46636
46637
46639
46640
46645
46646
46648
46650
46655
46660
46664
46665
46666
46673
46675
46677
46679
46681
46684
46687
46689
46693
46694
46697
46701
46706
46709
46716
46718
46722
46725
46727
46728
46731
46736
46738
46739
46740
46741
46745
46751
46753
46755
46758
46760
46761
46764
46766
46767
46769
46770
46772
46777
46778
46782
46788
46789
46790
46792
46793
46796
46799
46801
46802
46803
46807
46808
46810
46812
46813
46817
46819
46820
46828
46829
46830
46832
46837
46840
46844
46846
46848
46849
46851
46852
46854
46855
46856
46858
46860
46861
46862
46863
46864
46867
46868
46873
46876
46877
46880
46882
46883
46885
46887
46892
46894
46897
46898
46899
46901
46903
46912
46916
46920
46921
46925
46928
46933
46937
46938
46939
46943
46944
46945
46950
46954
46955
46957
46960
46961
46963
46966
46968
46975
46978
46987
46988
46990
46996
46997
46998
47051
47054
47067
47073
47075
47139
47288
47330
47331
47465
47502
47503
47506
47507
47508
47517
47521
47525
47527
47532
47536
47537
47541
47549
47550
47551
47552
47554
47555
47571
47572
47573
47578
47580
47581
47582
47584
47588
47598
47615
47616
47626
47633
47638
47653
47656
47661
47664
47680
47684
47688
47691
47693
47695
47699
47703
47704
47706
47707
47716
47720
47725
47730
47731
47732
47733
47741
47742
47744
47750
47753
47759
47765
47766
47767
47768
47769
47771
47777
47778
47779
47780
47786
47790
47792
47796
47798
47800
47807
47809
47814
47815
47820
47822
47832
47833
47835
47848
47850
47858
47862
47867
47870
47880
47883
47886
47888
47890
47901
47903
47907
47909
47914
47925
47926
47927
47931
47935
47936
47940
47942
47943
47944
47947
47949
47950
47960
47963
47974
47977
47984
47986
47989
47991
47992
47994
47999
48004
48014
48021
48022
48030
48032
48034
48040
48041
48044
48045
48061
48077
48079
48092
48094
48095
48098
48102
48120
48135
48153
48155
48162
48170
48174
48178
48179
48211
48216
48227
48228
48252
48257
48261
48277
48283
48288
48316
48322
48324
48328
48330
48331
48342
48347
48375
48385
48387
48393
48402
48411
48414
48415
48417
48429
48437
48443
48449
48463
48482
48495
48501
48505
48508
48514
48533
48544
48547
48560
48567
48602
48605
48628
48633
48634
48635
48639
48644
48658
48664
48675
48676
48678
48681
48686
48705
48708
48714
48716
48732
48736
48743
48749
48756
48768
48777
48806
48807
48814
48816
48847
48856
48881
48884
48887
48891
48904
48905
48914
48917
48918
48932
48944
48948
48954
48955
48959
48960
48966
48984
49006
49009
49027
49036
49082
49086
49091
49095
49097
49105
49109
49115
49117
49124
49144
49146
49147
49148
49159
49166
49169
49174
49178
49185
49187
49191
49209
49210
49215
49219
49228
49229
49230
49234
49238
49247
49255
49258
49262
49277
49286
49289
49299
49301
49303
49308
49310
49316
49318
49319
49322
49330
49334
49343
49344
49347
49351
49358
49359
49361
49362
49366
49367
49368
49374
49388
49396
49398
49401
49402
49415
49448
49449
49451
49468
49481
49482
49485
49491
49499
49501
49502
49506
49511
49512
49516
49522
49524
49528
49529
49538
49541
49549
49570
49572
49575
49595
49600
49604
49606
49607
49609
49617
49620
49624
49632
49639
49640
49647
49654
49661
49667
49670
49688
49692
49693
49697
49701
49711
49715
49717
49718
49733
49734
49737
49740
49742
49743
49752
49762
49767
49775
49784
49794
49795
49811
49812
49813
49814
49823
49832
49840
49842
49852
49858
49870
49874
49878
49887
49891
49894
49897
49899
49906
49915
49920
49921
49926
49933
49938
49952
49953
49957
49959
49962
49963
49964
49967
49971
49972
49979
49981
