1
4
19
21
34
57
79
95
101
102
122
123
144
168
171
178
183
203
204
210
220
230
231
232
250
262
263
265
270
272
280
290
297
303
312
322
325
334
352
353
355
356
370
374
389
403
412
416
420
421
423
425
431
451
457
471
482
496
519
523
531
538
542
549
552
566
568
591
617
627
655
690
700
716
721
730
759
766
771
809
823
824
834
836
838
840
844
862
868
886
893
895
907
911
926
929
930
944
947
959
961
962
966
986
1000
1002
1004
1005
1007
1012
1013
1017
1018
1019
1020
1021
1022
1023
1024
1025
1026
1027
1028
1029
1031
1033
1039
1040
1042
1046
1050
1052
1054
1058
1059
1060
1062
1064
1065
1067
1070
1072
1075
1077
1080
1082
1083
1085
1086
1089
1090
1093
1094
1095
1097
1102
1104
1105
1107
1109
1112
1113
1114
1115
1123
1124
1125
1127
1131
1133
1134
1135
1136
1139
1141
1143
1145
1146
1147
1148
1150
1152
1153
1158
1160
1161
1164
1165
1166
1174
1179
1184
1188
1189
1190
1191
1192
1193
1194
1198
1199
1200
1203
1206
1210
1211
1212
1214
1215
1216
1217
1218
1221
1222
1224
1226
1228
1230
1231
1235
1241
1242
1243
1244
1245
1247
1250
1253
1255
1258
1261
1262
1264
1269
1271
1274
1278
1279
1280
1281
1282
1285
1287
1288
1289
1297
1299
1300
1302
1305
1306
1307
1308
1314
1317
1318
1319
1325
1327
1328
1329
1330
1337
1338
1340
1343
1346
1347
1349
1350
1351
1357
1359
1360
1361
1363
1364
1367
1368
1374
1376
1379
1383
1388
1389
1392
1394
1395
1398
1399
1403
1405
1407
1408
1409
1410
1414
1415
1420
1421
1422
1426
1427
1429
1431
1432
1435
1436
1441
1442
1444
1447
1448
1449
1451
1454
1456
1457
1458
1459
1461
1462
1471
1474
1476
1477
1479
1480
1485
1486
1488
1489
1493
1494
1497
1498
1499
1500
1501
1502
1503
1504
1505
1506
1507
1510
1513
1514
1516
1517
1518
1519
1522
1523
1525
1528
1529
1530
1532
1534
1535
1537
1538
1539
1542
1543
1544
1545
1547
1550
1552
1555
1556
1558
1559
1560
1561
1563
1565
1566
1567
1568
1570
1571
1572
1574
1575
1576
1581
1582
1583
1584
1589
1590
1592
1593
1594
1596
1597
1598
1599
1600
1602
1603
1606
1608
1609
1610
1611
1612
1613
1616
1618
1620
1621
1622
1626
1627
1629
1630
1631
1632
1633
1634
1635
1636
1639
1643
1644
1646
1648
1649
1650
1651
1652
1654
1657
1658
1659
1660
1662
1663
1664
1665
1666
1667
1669
1670
1672
1674
1677
1679
1681
1682
1683
1684
1685
1688
1690
1692
1693
1694
1695
1698
1699
1700
1703
1704
1706
1707
1708
1709
1712
1713
1715
1716
1720
1721
1722
1723
1726
1727
1728
1730
1731
1733
1734
1735
1736
1738
1742
1744
1745
1746
1747
1752
1753
1755
1756
1758
1759
1760
1762
1765
1767
1768
1771
1773
1775
1777
1778
1779
1780
1781
1784
1785
1786
1789
1790
1791
1795
1796
1797
1798
1801
1802
1805
1808
1809
1810
1811
1813
1815
1817
1821
1822
1823
1824
1827
1829
1830
1832
1837
1838
1840
1842
1844
1846
1847
1848
1857
1859
1860
1861
1862
1863
1864
1865
1866
1868
1870
1871
1872
1874
1876
1877
1879
1880
1881
1882
1883
1885
1887
1889
1890
1891
1892
1893
1894
1895
1896
1897
1898
1899
1900
1901
1902
1903
1905
1907
1909
1910
1911
1913
1914
1916
1917
1918
1919
1920
1921
1922
1923
1924
1925
1926
1929
1930
1933
1934
1935
1936
1937
1939
1940
1941
1943
1945
1947
1949
1950
1952
1953
1954
1957
1958
1961
1962
1963
1964
1965
1967
1968
1970
1971
1972
1973
1975
1976
1977
1978
1979
1980
1982
1984
1985
1986
1989
1990
1993
1994
1996
1997
2002
2003
2004
2005
2007
2008
2009
2010
2011
2013
2014
2017
2018
2019
2020
2022
2023
2025
2027
2030
2031
2032
2034
2038
2039
2041
2042
2043
2044
2045
2050
2051
2052
2054
2056
2058
2059
2060
2061
2063
2064
2065
2068
2070
2073
2074
2075
2076
2077
2081
2082
2087
2088
2089
2090
2091
2094
2095
2097
2098
2102
2103
2104
2105
2106
2107
2109
2110
2114
2115
2118
2120
2121
2123
2124
2127
2133
2134
2135
2136
2137
2139
2141
2142
2143
2144
2146
2147
2148
2149
2152
2153
2154
2155
2157
2158
2159
2161
2162
2163
2164
2165
2168
2170
2171
2173
2176
2177
2179
2180
2184
2185
2186
2188
2190
2191
2192
2196
2197
2198
2200
2202
2203
2204
2206
2207
2210
2211
2212
2213
2214
2215
2217
2218
2219
2220
2221
2223
2224
2227
2228
2229
2231
2232
2233
2234
2236
2237
2239
2240
2241
2242
2243
2244
2247
2248
2251
2252
2253
2255
2256
2257
2260
2261
2264
2266
2267
2270
2271
2272
2273
2275
2276
2279
2280
2281
2282
2283
2284
2286
2288
2289
2290
2291
2292
2297
2299
2300
2301
2302
2306
2307
2308
2309
2311
2313
2315
2317
2320
2321
2322
2323
2325
2326
2327
2329
2330
2331
2332
2334
2335
2336
2338
2339
2341
2342
2344
2345
2346
2350
2352
2354
2355
2356
2357
2360
2363
2366
2367
2368
2369
2370
2374
2376
2379
2380
2381
2382
2383
2384
2385
2387
2388
2389
2390
2392
2393
2395
2396
2397
2398
2399
2401
2403
2404
2406
2407
2408
2409
2411
2412
2413
2414
2417
2418
2420
2422
2424
2429
2430
2431
2432
2435
2436
2437
2439
2440
2442
2446
2447
2449
2451
2452
2453
2456
2460
2461
2462
2464
2466
2468
2469
2471
2472
2473
2474
2477
2478
2480
2481
2482
2483
2485
2486
2488
2493
2494
2495
2497
2498
2499
2503
2504
2505
2524
2527
2545
2550
2554
2561
2575
2577
2581
2582
2599
2600
2604
2612
2615
2616
2632
2635
2644
2651
2657
2658
2675
2680
2697
2707
2710
2714
2715
2729
2739
2760
2775
2776
2781
2788
2789
2792
2801
2804
2807
2819
2820
2823
2825
2835
2836
2838
2848
2859
2883
2894
2895
2920
2921
2927
2936
2945
2951
2960
2961
2963
2966
2969
2973
2976
2986
2999
3000
3002
3004
3005
3009
3011
3013
3016
3019
3020
3023
3028
3031
3033
3036
3041
3045
3050
3053
3054
3055
3058
3060
3061
3064
3066
3069
3071
3073
3075
3077
3078
3079
3080
3081
3083
3086
3087
3090
3091
3095
3098
3105
3109
3114
3119
3122
3123
3127
3129
3130
3133
3136
3137
3138
3139
3140
3141
3142
3144
3146
3147
3148
3151
3155
3157
3158
3159
3165
3169
3171
3179
3180
3181
3185
3186
3189
3190
3191
3193
3196
3197
3200
3202
3203
3206
3208
3210
3215
3216
3217
3220
3221
3222
3223
3224
3226
3228
3230
3231
3233
3234
3236
3242
3244
3245
3248
3249
3250
3252
3253
3256
3259
3261
3262
3263
3264
3267
3268
3269
3270
3273
3276
3280
3282
3284
3289
3291
3295
3300
3301
3306
3310
3311
3312
3313
3318
3321
3322
3323
3325
3328
3329
3334
3335
3336
3339
3340
3341
3342
3343
3344
3346
3347
3355
3362
3365
3366
3367
3369
3372
3373
3378
3382
3385
3386
3387
3389
3390
3391
3392
3396
3397
3399
3400
3404
3406
3408
3411
3414
3417
3420
3425
3426
3427
3428
3430
3432
3433
3438
3439
3441
3446
3447
3448
3451
3460
3461
3464
3465
3467
3469
3473
3474
3477
3478
3480
3481
3482
3483
3484
3486
3493
3494
3501
3502
3504
3508
3509
3511
3512
3514
3516
3517
3518
3519
3520
3521
3523
3525
3527
3535
3537
3538
3540
3542
3548
3549
3554
3556
3557
3560
3561
3564
3565
3566
3572
3578
3589
3590
3591
3596
3597
3598
3602
3604
3608
3612
3615
3616
3622
3630
3631
3633
3635
3636
3637
3643
3645
3647
3649
3652
3653
3654
3655
3656
3661
3662
3663
3667
3670
3671
3674
3676
3677
3679
3682
3683
3686
3687
3689
3693
3696
3698
3699
3702
3703
3705
3710
3721
3722
3723
3726
3728
3730
3733
3735
3736
3737
3738
3749
3750
3751
3753
3754
3755
3759
3760
3762
3765
3766
3768
3769
3771
3773
3775
3776
3777
3778
3779
3783
3784
3785
3786
3787
3788
3792
3793
3795
3797
3798
3799
3801
3804
3807
3810
3814
3816
3818
3820
3821
3823
3824
3827
3833
3834
3835
3836
3838
3839
3842
3843
3844
3846
3847
3852
3854
3855
3857
3860
3861
3862
3863
3864
3870
3871
3872
3874
3875
3876
3877
3879
3881
3890
3892
3893
3895
3896
3897
3900
3901
3903
3905
3907
3908
3909
3910
3911
3912
3913
3920
3922
3927
3928
3930
3931
3932
3935
3937
3938
3944
3947
3950
3952
3954
3955
3957
3959
3963
3965
3966
3968
3970
3971
3974
3978
3980
3981
3984
3986
3987
3989
3992
3995
3999
4005
4013
4015
4017
4023
4031
4032
4049
4055
4058
4059
4061
4070
4092
4095
4101
4105
4118
4150
4156
4161
4168
4175
4179
4197
4198
4213
4231
4243
4252
4257
4258
4266
4286
4287
4296
4307
4318
4324
4330
4331
4341
4344
4355
4357
4381
4383
4398
4399
4406
4412
4414
4418
4440
4441
4445
4459
4470
4478
4482
4485
4496
4506
4507
4508
4510
4511
4512
4517
4519
4525
4527
4530
4531
4535
4540
4542
4543
4546
4549
4551
4556
4559
4567
4572
4576
4584
4591
4592
4593
4594
4596
4600
4605
4607
4609
4618
4626
4629
4630
4631
4632
4649
4656
4660
4663
4670
4671
4673
4674
4679
4683
4685
4689
4694
4696
4701
4707
4708
4714
4721
4728
4729
4734
4738
4744
4747
4774
4777
4778
4793
4804
4805
4808
4810
4813
4820
4821
4823
4825
4828
4837
4839
4848
4849
4850
4864
4871
4888
4890
4893
4894
4897
4898
4901
4903
4913
4918
4919
4923
4926
4927
4929
4930
4938
4943
4950
4962
4968
4970
4978
4989
4993
4995
4999
5001
5002
5005
5007
5009
5010
5015
5018
5019
5021
5022
5028
5031
5042
5043
5050
5051
5056
5059
5064
5067
5072
5075
5078
5080
5084
5090
5095
5102
5103
5106
5109
5111
5113
5114
5115
5120
5121
5122
5127
5129
5133
5135
5139
5144
5151
5155
5159
5163
5173
5178
5180
5185
5191
5192
5193
5196
5200
5202
5204
5208
5211
5214
5215
5217
5220
5225
5227
5228
5236
5237
5240
5247
5249
5258
5259
5261
5266
5270
5271
5272
5278
5279
5280
5281
5295
5297
5298
5299
5301
5302
5305
5307
5312
5313
5316
5317
5318
5319
5321
5322
5325
5327
5328
5333
5334
5337
5340
5342
5343
5346
5352
5353
5356
5360
5368
5370
5372
5375
5376
5377
5378
5381
5386
5393
5394
5398
5400
5402
5405
5406
5410
5414
5419
5420
5421
5423
5430
5431
5432
5434
5439
5443
5444
5445
5446
5449
5452
5454
5455
5457
5460
5461
5462
5464
5467
5470
5472
5473
5478
5481
5484
5488
5489
5493
5497
5498
5500
5502
5503
5505
5506
5507
5508
5509
5510
5511
5513
5514
5515
5517
5519
5520
5521
5522
5523
5527
5529
5531
5533
5535
5537
5538
5539
5541
5543
5544
5545
5548
5551
5554
5555
5559
5561
5562
5563
5564
5565
5567
5569
5570
5571
5573
5574
5575
5577
5578
5579
5580
5581
5582
5584
5585
5587
5589
5592
5593
5594
5595
5597
5598
5599
5602
5604
5606
5607
5608
5609
5611
5612
5613
5616
5617
5619
5620
5621
5623
5624
5625
5627
5628
5630
5631
5632
5633
5635
5637
5638
5639
5640
5641
5642
5644
5645
5646
5647
5648
5649
5650
5652
5654
5656
5658
5659
5661
5666
5667
5668
5670
5676
5677
5678
5681
5683
5684
5685
5686
5687
5688
5690
5691
5692
5693
5694
5696
5697
5699
5700
5701
5702
5704
5706
5707
5708
5709
5710
5711
5712
5713
5714
5715
5718
5720
5721
5724
5725
5727
5730
5731
5732
5734
5735
5736
5737
5738
5740
5741
5744
5745
5746
5749
5750
5751
5752
5754
5757
5761
5762
5763
5765
5766
5768
5771
5772
5773
5776
5778
5779
5780
5781
5786
5787
5789
5790
5791
5793
5794
5796
5798
5800
5801
5803
5804
5805
5807
5808
5809
5810
5811
5812
5813
5817
5818
5822
5825
5828
5830
5831
5835
5836
5837
5839
5840
5843
5845
5847
5848
5849
5850
5852
5853
5854
5855
5856
5857
5858
5861
5863
5864
5867
5868
5870
5871
5873
5874
5875
5876
5877
5879
5880
5882
5883
5884
5885
5888
5890
5891
5892
5894
5897
5898
5905
5906
5907
5908
5911
5912
5916
5918
5919
5922
5929
5931
5932
5934
5937
5938
5940
5941
5943
5945
5947
5948
5952
5953
5954
5955
5956
5958
5960
5962
5963
5964
5969
5970
5974
5978
5979
5980
5981
5984
5985
5986
5988
5989
5993
5994
5995
5996
5998
6003
6006
6014
6015
6017
6018
6019
6027
6034
6035
6037
6039
6040
6042
6044
6045
6047
6051
6053
6056
6058
6061
6065
6069
6074
6078
6090
6091
6092
6094
6096
6098
6101
6102
6103
6104
6107
6110
6112
6125
6128
6129
6130
6132
6138
6144
6150
6154
6155
6158
6164
6165
6168
6175
6177
6178
6179
6185
6186
6189
6190
6192
6199
6205
6210
6216
6218
6219
6220
6223
6228
6235
6236
6239
6243
6249
6251
6252
6255
6260
6263
6264
6269
6270
6271
6272
6275
6278
6289
6296
6298
6300
6302
6304
6305
6307
6308
6312
6313
6314
6316
6325
6328
6329
6330
6332
6333
6334
6335
6342
6346
6351
6357
6358
6360
6362
6364
6366
6368
6369
6370
6375
6377
6381
6382
6384
6389
6397
6398
6401
6403
6406
6411
6413
6414
6416
6417
6423
6425
6427
6428
6429
6431
6433
6435
6439
6440
6441
6444
6453
6455
6456
6457
6466
6467
6469
6470
6473
6474
6480
6481
6484
6488
6489
6492
6497
6503
6519
6526
6543
6544
6552
6557
6562
6565
6566
6570
6586
6589
6595
6596
6600
6608
6613
6621
6625
6627
6634
6655
6657
6664
6665
6667
6678
6680
6685
6723
6724
6743
6777
6780
6786
6795
6802
6806
6829
6838
6839
6846
6850
6853
6854
6861
6864
6868
6871
6874
6877
6882
6887
6892
6897
6901
6909
6910
6913
6936
6938
6940
6941
6942
6949
6953
6955
6957
6963
6966
6967
6971
6972
6978
6980
6988
7008
7011
7015
7021
7022
7024
7025
7027
7032
7035
7038
7040
7043
7045
7046
7053
7055
7057
7058
7062
7066
7067
7069
7070
7071
7075
7078
7082
7083
7084
7085
7088
7091
7093
7094
7095
7096
7097
7099
7100
7101
7103
7108
7111
7113
7119
7122
7126
7128
7129
7132
7133
7139
7142
7145
7146
7148
7149
7150
7153
7156
7159
7160
7161
7164
7171
7179
7180
7181
7182
7186
7188
7189
7193
7196
7197
7201
7204
7206
7207
7211
7213
7221
7223
7226
7230
7241
7246
7249
7250
7252
7253
7255
7258
7263
7266
7268
7269
7270
7271
7272
7274
7275
7276
7278
7280
7285
7293
7300
7302
7306
7308
7310
7317
7318
7326
7327
7329
7330
7331
7332
7334
7336
7339
7340
7342
7343
7344
7348
7349
7350
7351
7354
7356
7361
7362
7363
7364
7375
7381
7382
7383
7384
7388
7390
7393
7396
7399
7402
7403
7404
7407
7409
7421
7422
7423
7428
7431
7432
7433
7438
7439
7441
7443
7444
7449
7454
7456
7460
7461
7462
7466
7467
7472
7474
7477
7483
7491
7492
7496
7497
7500
7501
7504
7507
7508
7510
7512
7514
7515
7519
7520
7521
7522
7523
7528
7529
7536
7540
7541
7544
7548
7549
7553
7556
7557
7561
7567
7570
7572
7583
7585
7589
7593
7596
7597
7598
7603
7604
7605
7606
7608
7609
7611
7613
7615
7616
7617
7619
7625
7632
7637
7640
7642
7643
7646
7648
7649
7651
7654
7656
7658
7659
7668
7669
7671
7672
7674
7680
7685
7687
7688
7692
7695
7699
7700
7702
7706
7709
7712
7714
7716
7719
7726
7728
7730
7731
7735
7739
7740
7747
7749
7753
7757
7760
7761
7762
7763
7767
7771
7772
7773
7776
7778
7780
7782
7783
7784
7785
7790
7793
7797
7799
7802
7804
7809
7810
7812
7814
7824
7826
7827
7828
7829
7831
7835
7836
7841
7843
7844
7850
7854
7856
7863
7874
7875
7877
7879
7883
7886
7890
7891
7893
7895
7903
7906
7909
7910
7911
7912
7920
7925
7927
7930
7932
7933
7934
7936
7938
7939
7940
7945
7946
7952
7953
7955
7956
7957
7958
7961
7962
7966
7967
7970
7974
7976
7978
7981
7984
7989
7990
7995
7999
8000
8007
8010
8014
8016
8018
8021
8022
8025
8026
8033
8034
8035
8037
8040
8041
8045
8050
8051
8056
8059
8060
8062
8064
8066
8068
8069
8071
8076
8078
8080
8081
8084
8087
8090
8091
8093
8094
8097
8100
8103
8105
8106
8108
8109
8111
8112
8114
8115
8116
8117
8118
8119
8120
8121
8122
8126
8128
8131
8133
8135
8140
8141
8143
8144
8146
8148
8150
8153
8158
8159
8160
8162
8170
8177
8178
8181
8182
8183
8184
8185
8186
8187
8190
8192
8194
8195
8198
8201
8204
8205
8206
8210
8217
8222
8224
8226
8227
8229
8230
8231
8232
8235
8237
8240
8241
8243
8247
8249
8251
8252
8254
8255
8263
8264
8266
8269
8270
8272
8276
8279
8280
8284
8285
8287
8289
8294
8295
8296
8298
8300
8301
8303
8311
8314
8317
8329
8330
8335
8336
8338
8339
8340
8341
8343
8345
8346
8347
8350
8358
8360
8361
8362
8363
8364
8365
8368
8369
8371
8373
8374
8378
8381
8387
8390
8391
8392
8394
8397
8398
8399
8402
8403
8404
8407
8408
8413
8415
8417
8418
8420
8421
8423
8425
8430
8432
8434
8436
8437
8439
8442
8446
8447
8448
8450
8452
8455
8458
8463
8468
8469
8474
8476
8477
8478
8479
8481
8492
8493
8495
8496
8499
8504
8506
8527
8531
8547
8548
8555
8562
8563
8578
8586
8594
8633
8636
8655
8671
8722
8733
8734
8762
8777
8798
8816
8837
8857
8869
8873
8877
8910
8916
8950
8966
8968
8998
9003
9004
9011
9027
9030
9042
9044
9053
9054
9056
9063
9073
9085
9087
9089
9091
9094
9097
9100
9111
9114
9116
9117
9118
9124
9128
9131
9132
9140
9143
9147
9151
9153
9154
9156
9157
9163
9166
9168
9169
9174
9177
9179
9185
9188
9189
9194
9198
9199
9200
9204
9205
9215
9216
9217
9221
9224
9226
9228
9231
9234
9236
9237
9241
9244
9247
9249
9251
9252
9255
9260
9265
9278
9281
9284
9285
9286
9289
9295
9297
9300
9304
9306
9308
9310
9319
9324
9325
9336
9338
9346
9353
9357
9359
9362
9363
9364
9367
9370
9373
9374
9376
9377
9383
9384
9391
9392
9393
9394
9398
9404
9407
9409
9413
9418
9423
9426
9427
9430
9431
9432
9434
9435
9436
9437
9438
9439
9442
9443
9447
9449
9450
9455
9459
9463
9469
9472
9474
9478
9485
9492
9493
9494
9500
9506
9508
9509
9517
9521
9524
9527
9528
9530
9531
9532
9537
9542
9543
9544
9545
9546
9549
9552
9553
9556
9558
9564
9565
9572
9573
9575
9577
9580
9583
9585
9586
9587
9588
9596
9600
9606
9607
9611
9614
9616
9617
9618
9619
9620
9621
9623
9625
9626
9627
9628
9629
9635
9637
9641
9643
9646
9648
9650
9653
9656
9662
9665
9666
9668
9669
9670
9672
9673
9675
9679
9686
9697
9698
9702
9705
9710
9711
9712
9717
9718
9719
9722
9723
9726
9728
9729
9731
9733
9734
9736
9739
9741
9743
9744
9747
9752
9755
9758
9760
9761
9763
9770
9771
9775
9777
9778
9780
9782
9785
9786
9788
9789
9791
9796
9798
9799
9800
9801
9802
9803
9805
9806
9807
9808
9809
9810
9811
9814
9815
9817
9821
9825
9830
9831
9833
9836
9839
9844
9846
9847
9849
9861
9863
9864
9865
9866
9867
9869
9870
9873
9874
9877
9880
9882
9883
9886
9887
9889
9891
9896
9899
9904
9906
9909
9910
9913
9917
9921
9922
9924
9927
9930
9935
9938
9939
9940
9943
9944
9948
9949
9954
9956
9957
9960
9961
9962
9964
9966
9968
9975
9979
9981
9982
9987
9992
9993
9995
9997
9998
10026
10056
10099
10149
10169
10170
10174
10271
10278
10331
10356
10392
10405
10418
10429
10430
10440
10463
10478
10479
10502
10512
10513
10522
10529
10530
10536
10538
10540
10544
10545
10547
10560
10564
10566
10578
10580
10582
10585
10595
10602
10605
10612
10617
10621
10623
10632
10635
10636
10638
10656
10661
10666
10670
10682
10687
10698
10706
10713
10714
10719
10720
10728
10732
10738
10745
10759
10768
10774
10776
10777
10782
10786
10793
10797
10810
10811
10835
10839
10841
10844
10847
10849
10857
10858
10866
10875
10887
10903
10918
10928
10934
10936
10940
10949
10952
10954
10956
10960
10965
10976
10983
10992
10999
11005
11009
11011
11013
11015
11017
11018
11021
11025
11026
11027
11031
11032
11034
11036
11040
11042
11046
11048
11049
11050
11051
11054
11055
11056
11058
11060
11063
11067
11070
11071
11072
11075
11079
11081
11082
11089
11096
11097
11101
11103
11108
11110
11115
11116
11117
11119
11121
11124
11130
11136
11141
11144
11145
11150
11151
11152
11154
11155
11156
11157
11158
11159
11163
11169
11171
11172
11175
11182
11184
11185
11192
11193
11196
11197
11201
11202
11204
11205
11208
11210
11213
11214
11215
11218
11219
11221
11222
11226
11227
11231
11232
11233
11235
11236
11241
11245
11246
11249
11256
11259
11260
11265
11267
11275
11283
11287
11290
11298
11299
11302
11303
11304
11307
11309
11311
11321
11339
11347
11350
11351
11353
11354
11356
11357
11358
11359
11362
11365
11367
11370
11375
11378
11379
11380
11384
11387
11388
11390
11398
11402
11403
11404
11408
11410
11411
11412
11416
11417
11422
11428
11433
11434
11436
11437
11438
11439
11441
11442
11444
11446
11449
11450
11459
11460
11463
11464
11465
11466
11470
11472
11475
11476
11478
11482
11483
11487
11488
11497
11498
11502
11506
11523
11525
11529
11536
11539
11543
11548
11550
11563
11576
11581
11592
11593
11619
11622
11623
11628
11635
11641
11652
11658
11674
11710
11712
11724
11728
11733
11740
11741
11747
11752
11760
11787
11790
11792
11799
11806
11809
11810
11813
11818
11827
11830
11843
11845
11848
11856
11873
11877
11886
11887
11898
11906
11913
11922
11925
11945
11949
11965
11978
11979
11995
12004
12016
12021
12032
12036
12039
12040
12051
12058
12073
12084
12089
12097
12098
12104
12111
12119
12123
12143
12159
12170
12182
12183
12197
12207
12208
12210
12215
12228
12233
12236
12255
12273
12280
12286
12297
12301
12312
12314
12318
12335
12341
12345
12359
12365
12373
12385
12391
12394
12419
12423
12433
12434
12437
12438
12473
12475
12484
12486
12496
12498
12500
12507
12508
12509
12510
12511
12512
12513
12514
12519
12524
12528
12531
12534
12541
12543
12545
12546
12547
12548
12549
12552
12554
12557
12558
12559
12560
12563
12565
12567
12568
12569
12572
12573
12574
12578
12580
12581
12584
12585
12594
12596
12600
12601
12602
12604
12607
12608
12612
12613
12624
12625
12626
12629
12633
12638
12641
12642
12648
12649
12654
12656
12657
12658
12659
12660
12664
12671
12672
12675
12685
12690
12692
12694
12695
12700
12705
12711
12712
12714
12715
12717
12720
12721
12724
12725
12728
12729
12731
12735
12738
12740
12741
12744
12745
12748
12753
12755
12756
12757
12759
12760
12761
12762
12765
12766
12767
12770
12772
12780
12782
12789
12792
12801
12807
12811
12812
12813
12818
12828
12831
12832
12833
12839
12840
12842
12843
12845
12846
12848
12849
12853
12860
12861
12865
12868
12869
12871
12872
12873
12874
12875
12880
12881
12887
12888
12889
12897
12901
12910
12911
12912
12913
12916
12920
12922
12926
12929
12931
12937
12938
12943
12944
12948
12949
12951
12953
12956
12957
12963
12964
12971
12974
12977
12979
12981
12985
12988
12991
12998
12999
13001
13006
13007
13008
13009
13010
13012
13013
13018
13019
13020
13021
13022
13023
13027
13028
13030
13033
13035
13038
13039
13041
13044
13046
13048
13049
13051
13055
13056
13057
13060
13061
13065
13067
13070
13074
13078
13080
13082
13083
13087
13088
13089
13090
13091
13092
13096
13098
13103
13105
13111
13112
13113
13115
13118
13121
13122
13124
13126
13127
13134
13138
13142
13143
13145
13146
13147
13148
13149
13150
13153
13154
13155
13158
13159
13160
13161
13165
13166
13167
13169
13170
13172
13174
13177
13180
13182
13184
13186
13188
13191
13194
13196
13198
13199
13202
13207
13208
13209
13211
13214
13216
13219
13226
13227
13228
13232
13233
13234
13236
13239
13241
13242
13243
13244
13245
13246
13247
13250
13251
13252
13254
13255
13258
13259
13261
13263
13264
13269
13271
13273
13277
13279
13280
13281
13287
13290
13291
13293
13294
13296
13300
13301
13302
13303
13308
13309
13311
13315
13317
13321
13322
13325
13326
13327
13329
13330
13331
13332
13339
13340
13343
13344
13345
13346
13347
13348
13349
13351
13355
13356
13358
13359
13360
13361
13362
13363
13364
13365
13368
13369
13370
13372
13374
13376
13378
13382
13383
13384
13387
13394
13396
13397
13398
13399
13403
13405
13406
13408
13411
13413
13415
13417
13423
13426
13429
13430
13432
13434
13436
13438
13441
13443
13444
13445
13446
13448
13449
13450
13451
13456
13457
13464
13465
13467
13469
13470
13472
13473
13474
13475
13479
13481
13482
13484
13486
13487
13488
13489
13491
13494
13496
13497
13499
13503
13511
13512
13513
13514
13516
13522
13523
13524
13525
13526
13528
13532
13533
13535
13536
13538
13547
13556
13560
13561
13567
13568
13570
13571
13573
13575
13576
13578
13580
13582
13586
13589
13590
13594
13595
13596
13599
13600
13604
13605
13607
13609
13611
13618
13619
13623
13624
13627
13634
13636
13638
13639
13644
13646
13648
13651
13654
13656
13657
13661
13665
13667
13669
13674
13675
13678
13680
13684
13686
13687
13690
13692
13698
13699
13701
13709
13718
13719
13721
13724
13725
13726
13732
13734
13746
13747
13749
13750
13752
13756
13757
13758
13759
13760
13761
13762
13765
13771
13778
13784
13787
13789
13790
13791
13795
13796
13798
13799
13801
13803
13806
13807
13808
13810
13811
13812
13815
13817
13819
13825
13827
13828
13830
13831
13832
13834
13835
13837
13839
13840
13844
13845
13849
13855
13856
13857
13863
13865
13867
13868
13869
13872
13875
13880
13882
13885
13888
13890
13897
13899
13904
13907
13911
13912
13913
13916
13919
13921
13922
13929
13930
13933
13934
13935
13942
13946
13947
13952
13954
13956
13957
13961
13964
13966
13969
13975
13977
13979
13984
13985
13987
13989
13990
13991
13993
14001
14003
14007
14017
14019
14021
14023
14028
14030
14035
14040
14044
14051
14055
14078
14081
14086
14095
14115
14122
14128
14131
14137
14148
14150
14158
14161
14164
14165
14170
14191
14195
14198
14199
14210
14213
14216
14220
14225
14226
14228
14246
14251
14276
14278
14283
14289
14291
14295
14298
14301
14302
14306
14307
14310
14311
14315
14319
14320
14323
14324
14327
14328
14334
14335
14344
14377
14378
14388
14393
14414
14415
14423
14429
14434
14437
14439
14445
14453
14456
14474
14481
14496
14500
14501
14503
14504
14507
14509
14511
14512
14513
14515
14517
14518
14526
14530
14532
14534
14541
14550
14551
14554
14556
14559
14565
14567
14570
14571
14574
14580
14581
14582
14584
14586
14587
14592
14597
14601
14603
14605
14606
14608
14609
14610
14613
14614
14619
14620
14621
14623
14626
14627
14632
14635
14641
14643
14644
14646
14650
14656
14657
14662
14666
14668
14669
14676
14677
14687
14691
14693
14694
14697
14698
14700
14701
14703
14706
14707
14711
14712
14716
14718
14720
14723
14724
14727
14730
14731
14735
14744
14745
14746
14751
14755
14756
14757
14759
14761
14767
14768
14771
14772
14775
14776
14777
14778
14779
14782
14785
14787
14789
14790
14792
14794
14796
14797
14798
14803
14808
14809
14817
14818
14819
14828
14831
14838
14841
14844
14845
14853
14868
14869
14871
14873
14874
14876
14879
14882
14883
14885
14886
14887
14888
14889
14892
14896
14898
14899
14902
14906
14912
14913
14916
14921
14926
14933
14937
14938
14942
14949
14952
14953
14955
14956
14957
14962
14967
14968
14969
14972
14974
14976
14982
14985
14987
14989
14991
14992
14994
14995
15002
15004
15008
15011
15012
15016
15017
15018
15028
15030
15035
15036
15037
15038
15042
15045
15049
15050
15051
15053
15055
15057
15059
15060
15066
15070
15080
15097
15101
15104
15106
15108
15110
15111
15120
15121
15131
15133
15134
15135
15138
15140
15142
15144
15145
15146
15148
15150
15152
15153
15160
15161
15163
15167
15169
15172
15175
15176
15178
15179
15182
15185
15187
15190
15192
15197
15198
15199
15205
15208
15209
15212
15217
15218
15223
15225
15226
15227
15233
15235
15243
15246
15247
15251
15261
15262
15263
15264
15265
15268
15272
15274
15277
15279
15280
15285
15286
15289
15290
15294
15299
15300
15304
15306
15308
15309
15313
15315
15319
15320
15323
15326
15329
15331
15333
15335
15338
15340
15344
15348
15352
15355
15357
15361
15363
15364
15366
15372
15374
15377
15381
15384
15385
15386
15387
15388
15394
15395
15396
15399
15402
15407
15408
15410
15413
15414
15418
15420
15424
15427
15432
15437
15438
15441
15443
15444
15448
15449
15451
15452
15453
15454
15461
15462
15464
15465
15466
15467
15468
15469
15473
15478
15489
15490
15497
15499
15504
15509
15510
15519
15524
15529
15530
15535
15539
15541
15545
15548
15552
15553
15561
15562
15566
15569
15571
15591
15596
15606
15613
15615
15616
15617
15626
15628
15634
15635
15640
15641
15642
15648
15652
15653
15658
15665
15672
15674
15678
15684
15688
15690
15698
15701
15706
15712
15715
15750
15756
15765
15767
15768
15771
15783
15785
15791
15794
15802
15813
15826
15827
15830
15831
15834
15839
15846
15855
15860
15863
15865
15867
15881
15885
15887
15889
15901
15903
15904
15915
15919
15925
15929
15930
15944
15950
15955
15974
15976
15978
15983
15991
15992
15997
16000
16001
16002
16004
16005
16006
16007
16008
16010
16013
16014
16015
16016
16019
16020
16024
16026
16028
16029
16032
16033
16034
16035
16042
16045
16048
16049
16050
16051
16054
16055
16056
16057
16058
16060
16061
16063
16065
16066
16067
16069
16070
16072
16078
16082
16084
16085
16086
16088
16090
16092
16095
16100
16101
16102
16103
16104
16105
16107
16108
16111
16112
16113
16116
16117
16121
16122
16124
16130
16131
16134
16137
16138
16144
16145
16150
16151
16154
16155
16156
16162
16163
16165
16167
16168
16169
16170
16172
16173
16174
16175
16176
16177
16180
16181
16182
16185
16189
16191
16196
16199
16201
16203
16204
16205
16206
16210
16211
16212
16213
16215
16220
16221
16223
16224
16225
16226
16227
16229
16230
16232
16233
16234
16236
16237
16238
16239
16241
16242
16243
16246
16248
16252
16253
16256
16262
16264
16265
16267
16268
16269
16270
16271
16273
16274
16279
16280
16281
16284
16292
16294
16297
16298
16299
16300
16304
16305
16306
16308
16310
16311
16313
16317
16319
16320
16321
16327
16328
16332
16335
16336
16337
16339
16340
16342
16343
16345
16346
16347
16348
16349
16350
16351
16354
16357
16362
16363
16364
16365
16366
16368
16370
16376
16378
16380
16381
16384
16385
16388
16389
16390
16393
16396
16398
16401
16402
16403
16409
16411
16413
16417
16422
16423
16424
16425
16426
16427
16428
16431
16433
16434
16438
16440
16441
16443
16444
16446
16448
16451
16453
16454
16455
16456
16458
16459
16460
16461
16462
16463
16465
16466
16467
16475
16479
16480
16481
16485
16486
16487
16490
16493
16494
16497
16498
16502
16512
16513
16514
16516
16521
16525
16529
16531
16537
16539
16544
16548
16549
16550
16554
16556
16560
16565
16569
16577
16578
16581
16593
16597
16609
16615
16617
16623
16624
16626
16632
16643
16644
16645
16648
16651
16653
16655
16659
16660
16663
16664
16665
16671
16672
16675
16677
16679
16688
16692
16696
16697
16698
16706
16710
16711
16712
16714
16715
16717
16724
16730
16731
16733
16734
16738
16740
16742
16745
16747
16750
16754
16757
16759
16772
16775
16776
16777
16778
16781
16785
16787
16790
16794
16796
16801
16804
16807
16811
16812
16813
16817
16826
16827
16829
16831
16832
16837
16843
16845
16850
16852
16854
16855
16857
16862
16863
16865
16868
16869
16873
16874
16876
16885
16891
16896
16900
16901
16902
16903
16905
16910
16915
16922
16923
16926
16927
16933
16938
16939
16943
16945
16946
16951
16953
16954
16958
16961
16963
16964
16969
16971
16974
16978
16995
16999
17000
17008
17009
17011
17012
17014
17021
17027
17029
17034
17041
17043
17047
17051
17052
17053
17056
17057
17061
17079
17082
17083
17085
17088
17090
17093
17094
17098
17101
17103
17106
17108
17112
17117
17120
17121
17123
17126
17127
17135
17139
17142
17146
17147
17151
17154
17156
17159
17160
17162
17163
17166
17169
17172
17179
17187
17188
17189
17193
17194
17201
17202
17204
17206
17211
17214
17220
17221
17223
17233
17238
17239
17242
17243
17244
17245
17248
17251
17252
17253
17263
17264
17268
17270
17274
17276
17277
17278
17280
17283
17290
17301
17302
17303
17306
17307
17310
17312
17322
17329
17331
17333
17334
17335
17342
17344
17349
17350
17351
17353
17356
17360
17362
17368
17369
17371
17375
17376
17379
17383
17384
17389
17390
17391
17393
17394
17397
17400
17402
17403
17407
17412
17413
17420
17424
17430
17432
17436
17440
17441
17443
17450
17455
17458
17460
17464
17465
17466
17469
17470
17475
17478
17482
17485
17490
17496
17497
17498
17500
17516
17517
17521
17527
17530
17533
17539
17541
17545
17552
17557
17562
17572
17576
17577
17583
17586
17587
17589
17591
17594
17599
17604
17606
17615
17617
17618
17622
17624
17626
17627
17633
17644
17648
17650
17657
17658
17663
17667
17670
17673
17677
17679
17694
17700
17704
17707
17708
17710
17716
17719
17734
17736
17742
17744
17750
17752
17758
17759
17761
17768
17771
17772
17775
17781
17789
17791
17793
17796
17798
17799
17810
17812
17815
17821
17822
17829
17838
17839
17843
17846
17848
17849
17850
17854
17858
17860
17861
17865
17874
17878
17882
17883
17884
17887
17888
17889
17891
17893
17898
17899
17902
17904
17910
17912
17921
17925
17928
17931
17945
17947
17948
17954
17960
17964
17965
17980
17983
17984
17986
17991
17999
18000
18001
18002
18017
18020
18032
18035
18039
18043
18046
18048
18049
18051
18052
18068
18075
18077
18078
18083
18091
18097
18105
18107
18116
18125
18134
18139
18166
18170
18172
18173
18176
18179
18180
18181
18194
18198
18201
18206
18207
18225
18228
18239
18240
18242
18248
18249
18266
18283
18289
18291
18295
18314
18317
18319
18320
18324
18337
18360
18363
18364
18381
18382
18386
18388
18389
18392
18400
18407
18417
18428
18430
18435
18442
18448
18449
18455
18469
18478
18480
18485
18489
18490
18492
18493
18494
18501
18502
18505
18507
18514
18516
18528
18529
18531
18534
18536
18545
18547
18550
18551
18553
18558
18574
18577
18580
18586
18589
18596
18598
18602
18608
18611
18612
18613
18614
18615
18621
18624
18630
18631
18633
18635
18639
18644
18646
18649
18652
18654
18657
18662
18663
18667
18668
18669
18673
18675
18681
18684
18685
18686
18687
18688
18690
18697
18703
18715
18717
18718
18725
18726
18731
18736
18738
18743
18749
18752
18755
18758
18759
18763
18772
18779
18781
18784
18790
18792
18793
18810
18814
18818
18822
18824
18831
18833
18835
18838
18840
18842
18852
18854
18856
18860
18872
18876
18883
18889
18891
18896
18898
18912
18913
18917
18919
18921
18923
18924
18929
18930
18932
18934
18936
18940
18945
18946
18950
18955
18958
18962
18964
18968
18971
18974
18979
18980
18981
18984
18987
19000
19002
19005
19008
19012
19013
19014
19021
19024
19029
19030
19031
19032
19036
19039
19040
19042
19043
19044
19049
19050
19052
19057
19058
19059
19062
19068
19069
19070
19073
19075
19078
19080
19081
19085
19088
19090
19092
19094
19095
19096
19100
19101
19103
19106
19110
19111
19115
19117
19118
19119
19120
19124
19126
19127
19131
19136
19137
19138
19141
19143
19145
19153
19158
19163
19165
19170
19171
19173
19178
19182
19186
19187
19190
19193
19199
19200
19203
19204
19209
19210
19211
19213
19214
19215
19217
19220
19224
19233
19234
19236
19237
19239
19241
19242
19243
19245
19251
19257
19261
19262
19263
19264
19268
19270
19271
19274
19276
19278
19281
19284
19285
19287
19295
19297
19298
19300
19301
19302
19303
19305
19312
19313
19315
19316
19319
19320
19321
19322
19324
19325
19327
19330
19331
19336
19337
19342
19343
19344
19345
19350
19351
19352
19354
19362
19364
19365
19366
19372
19374
19376
19378
19380
19383
19384
19390
19391
19398
19401
19408
19409
19410
19411
19417
19418
19420
19423
19427
19428
19429
19430
19434
19435
19437
19440
19442
19444
19450
19455
19461
19466
19467
19468
19472
19473
19475
19476
19479
19483
19484
19487
19488
19490
19494
19495
19497
19498
19500
19521
19522
19523
19532
19546
19556
19561
19581
19583
19591
19602
19607
19612
19626
19630
19659
19662
19670
19675
19681
19682
19719
19726
19727
19729
19730
19739
19743
19745
19748
19752
19755
19759
19761
19782
19790
19793
19794
19796
19810
19830
19839
19865
19867
19879
19900
19902
19903
19910
19911
19928
19936
19941
19943
19961
19971
19982
19998
20001
20002
20006
20007
20009
20010
20011
20012
20014
20016
20017
20018
20025
20026
20028
20029
20031
20036
20037
20043
20046
20050
20055
20058
20060
20061
20062
20063
20065
20068
20069
20071
20079
20080
20081
20083
20084
20086
20087
20089
20091
20095
20096
20097
20098
20100
20107
20112
20113
20116
20124
20125
20126
20128
20135
20139
20140
20143
20145
20147
20153
20154
20155
20156
20157
20158
20165
20166
20170
20172
20173
20176
20177
20179
20183
20184
20191
20192
20197
20200
20204
20207
20209
20212
20214
20215
20218
20221
20224
20226
20228
20230
20231
20238
20240
20242
20244
20245
20246
20247
20248
20253
20254
20258
20259
20260
20261
20264
20265
20267
20277
20278
20279
20280
20282
20283
20286
20289
20290
20292
20295
20297
20302
20303
20305
20306
20309
20310
20312
20317
20318
20319
20320
20323
20327
20328
20330
20331
20332
20334
20335
20339
20341
20344
20347
20352
20353
20354
20357
20364
20367
20368
20371
20373
20376
20377
20379
20380
20382
20386
20390
20391
20394
20396
20402
20403
20404
20405
20409
20417
20418
20422
20423
20427
20430
20431
20433
20441
20443
20446
20452
20454
20455
20456
20457
20458
20460
20465
20466
20472
20473
20475
20476
20477
20480
20482
20483
20487
20488
20489
20491
20496
20498
20504
20511
20513
20516
20519
20527
20528
20535
20540
20545
20553
20562
20588
20594
20599
20601
20610
20619
20620
20626
20630
20638
20642
20647
20661
20662
20672
20680
20684
20687
20694
20695
20696
20723
20727
20729
20741
20754
20761
20762
20767
20800
20810
20814
20825
20827
20832
20845
20846
20850
20852
20860
20863
20865
20866
20871
20877
20878
20879
20884
20886
20887
20895
20906
20909
20912
20914
20915
20919
20924
20929
20930
20943
20962
20973
20976
21014
21018
21020
21023
21025
21026
21031
21034
21038
21044
21048
21051
21053
21054
21056
21070
21072
21076
21083
21084
21087
21094
21098
21111
21112
21115
21118
21126
21128
21130
21132
21141
21143
21148
21157
21161
21163
21166
21167
21168
21173
21174
21175
21178
21180
21189
21195
21197
21198
21199
21201
21204
21205
21209
21215
21218
21220
21221
21222
21223
21233
21240
21245
21247
21251
21253
21256
21259
21261
21263
21265
21268
21271
21279
21281
21283
21286
21288
21290
21299
21303
21305
21307
21308
21312
21318
21324
21329
21338
21343
21346
21349
21352
21357
21367
21368
21369
21370
21382
21384
21395
21397
21403
21405
21406
21409
21417
21423
21427
21429
21430
21439
21440
21441
21445
21446
21451
21455
21459
21462
21463
21469
21472
21473
21479
21487
21490
21508
21513
21515
21520
21524
21528
21531
21538
21539
21543
21545
21551
21553
21558
21560
21561
21562
21566
21568
21589
21594
21596
21599
21600
21603
21605
21618
21620
21633
21639
21642
21644
21646
21648
21652
21655
21657
21658
21681
21686
21689
21692
21703
21706
21709
21716
21717
21724
21725
21733
21734
21736
21738
21739
21740
21741
21744
21746
21749
21751
21752
21764
21778
21780
21783
21797
21801
21809
21810
21822
21829
21830
21841
21845
21850
21851
21855
21861
21871
21875
21893
21894
21897
21901
21903
21908
21910
21912
21913
21918
21924
21929
21936
21937
21945
21947
21957
21965
21969
21971
21972
21974
21975
21976
21977
21984
21992
21993
21994
22000
22001
22002
22003
22005
22006
22007
22009
22010
22011
22013
22014
22015
22016
22017
22018
22019
22020
22021
22022
22023
22024
22025
22026
22027
22028
22030
22031
22032
22033
22034
22035
22036
22037
22038
22039
22040
22041
22043
22044
22045
22046
22047
22048
22049
22050
22052
22053
22054
22055
22056
22057
22058
22059
22060
22061
22062
22063
22065
22066
22068
22069
22070
22071
22072
22073
22074
22075
22076
22077
22078
22079
22080
22081
22082
22083
22084
22085
22086
22087
22088
22089
22090
22091
22092
22093
22094
22095
22096
22097
22098
22099
22100
22101
22102
22103
22105
22106
22107
22109
22110
22111
22112
22113
22114
22115
22117
22118
22120
22122
22123
22124
22125
22126
22127
22128
22129
22130
22131
22132
22133
22134
22135
22136
22137
22138
22139
22140
22141
22143
22144
22145
22146
22147
22148
22149
22150
22151
22152
22153
22154
22155
22156
22157
22159
22160
22161
22162
22166
22168
22169
22170
22171
22172
22173
22174
22175
22176
22177
22178
22179
22180
22181
22182
22183
22184
22185
22186
22187
22189
22190
22194
22195
22196
22197
22198
22199
22200
22201
22202
22203
22204
22205
22206
22207
22208
22210
22211
22212
22213
22214
22215
22217
22218
22219
22221
22222
22223
22224
22225
22227
22228
22229
22230
22231
22232
22233
22234
22235
22236
22237
22238
22239
22240
22241
22242
22243
22244
22245
22246
22247
22248
22249
22250
22251
22252
22253
22254
22256
22257
22258
22260
22261
22262
22263
22264
22266
22267
22268
22269
22270
22271
22273
22274
22276
22277
22278
22279
22280
22281
22282
22283
22284
22285
22286
22287
22288
22289
22290
22291
22292
22293
22294
22295
22297
22298
22299
22300
22301
22302
22303
22304
22306
22307
22308
22309
22310
22311
22313
22314
22315
22316
22317
22318
22319
22320
22321
22322
22323
22324
22325
22326
22327
22328
22329
22330
22331
22333
22334
22336
22337
22338
22339
22341
22342
22343
22344
22345
22346
22347
22348
22349
22350
22351
22352
22354
22355
22356
22357
22358
22359
22360
22361
22362
22363
22364
22365
22366
22367
22368
22369
22370
22371
22372
22373
22374
22375
22376
22377
22378
22379
22380
22381
22382
22383
22384
22385
22386
22387
22388
22389
22390
22391
22392
22393
22394
22395
22396
22397
22398
22399
22400
22401
22402
22403
22404
22405
22406
22407
22408
22410
22411
22412
22414
22415
22416
22417
22418
22419
22420
22421
22422
22423
22424
22425
22427
22428
22429
22430
22431
22432
22433
22435
22437
22439
22441
22442
22443
22444
22445
22446
22447
22448
22449
22450
22452
22453
22454
22455
22456
22457
22458
22459
22460
22461
22462
22463
22464
22465
22466
22467
22468
22469
22470
22471
22472
22473
22474
22475
22476
22477
22478
22479
22480
22481
22482
22483
22484
22485
22486
22487
22488
22489
22490
22491
22492
22493
22494
22495
22496
22497
22498
22499
22500
22501
22502
22503
22504
22506
22507
22509
22510
22512
22513
22514
22515
22516
22517
22521
22522
22523
22524
22525
22526
22527
22528
22529
22530
22531
22532
22534
22535
22536
22537
22538
22539
22540
22542
22543
22544
22546
22547
22548
22549
22551
22552
22553
22554
22556
22557
22558
22559
22560
22562
22563
22564
22565
22566
22567
22568
22571
22572
22573
22575
22576
22579
22580
22581
22583
22584
22585
22586
22587
22589
22590
22591
22592
22593
22594
22595
22596
22598
22599
22601
22602
22604
22609
22611
22612
22614
22617
22618
22620
22621
22622
22623
22624
22625
22627
22628
22629
22630
22632
22636
22637
22640
22641
22642
22645
22646
22647
22648
22652
22654
22655
22656
22658
22659
22660
22661
22663
22666
22667
22672
22675
22677
22679
22680
22681
22683
22684
22685
22688
22689
22690
22692
22694
22695
22696
22697
22698
22699
22700
22702
22703
22704
22706
22707
22709
22710
22712
22713
22715
22718
22719
22721
22722
22725
22730
22731
22734
22736
22737
22738
22741
22742
22743
22746
22747
22748
22749
22750
22751
22752
22754
22756
22757
22759
22761
22762
22764
22765
22767
22768
22770
22771
22773
22774
22775
22777
22778
22780
22782
22784
22785
22786
22788
22789
22790
22791
22792
22793
22794
22798
22800
22801
22802
22804
22805
22806
22808
22809
22810
22811
22812
22814
22815
22816
22817
22818
22819
22820
22823
22824
22825
22826
22827
22828
22830
22831
22832
22836
22837
22838
22842
22845
22846
22847
22848
22849
22850
22851
22852
22853
22854
22856
22857
22858
22859
22860
22861
22862
22863
22864
22865
22866
22868
22869
22870
22871
22872
22874
22876
22877
22878
22879
22880
22881
22882
22884
22885
22886
22887
22889
22890
22891
22892
22893
22899
22900
22901
22903
22904
22910
22911
22912
22915
22916
22917
22921
22922
22923
22924
22925
22926
22927
22928
22929
22930
22931
22934
22935
22937
22938
22939
22940
22941
22942
22944
22945
22947
22948
22949
22950
22951
22952
22953
22954
22955
22956
22958
22959
22962
22963
22964
22965
22966
22967
22968
22970
22971
22972
22973
22974
22975
22978
22980
22981
22982
22984
22986
22987
22988
22989
22990
22992
22993
22994
22995
22997
22998
23003
23004
23005
23006
23008
23011
23012
23017
23019
23022
23023
23027
23028
23029
23031
23033
23036
23039
23041
23042
23044
23046
23047
23048
23051
23052
23054
23057
23058
23063
23064
23067
23069
23070
23072
23080
23081
23082
23084
23086
23087
23088
23089
23093
23094
23095
23096
23097
23098
23099
23100
23101
23105
23107
23108
23109
23111
23113
23114
23116
23117
23121
23122
23125
23127
23129
23132
23134
23137
23140
23141
23144
23146
23148
23149
23150
23155
23156
23157
23158
23161
23162
23163
23164
23165
23167
23168
23170
23172
23173
23176
23178
23179
23180
23186
23187
23190
23192
23193
23194
23195
23196
23198
23199
23202
23204
23207
23208
23213
23214
23215
23217
23219
23220
23221
23225
23226
23229
23230
23233
23234
23235
23236
23237
23239
23241
23243
23245
23246
23247
23251
23253
23255
23257
23259
23262
23268
23270
23274
23277
23278
23284
23285
23287
23288
23290
23291
23293
23296
23297
23298
23300
23302
23304
23305
23306
23307
23309
23313
23314
23316
23317
23319
23320
23321
23322
23323
23324
23326
23327
23328
23329
23330
23333
23335
23338
23339
23340
23341
23343
23344
23346
23348
23356
23357
23358
23372
23375
23376
23377
23378
23379
23385
23389
23394
23395
23397
23399
23400
23401
23402
23403
23407
23408
23409
23411
23412
23414
23415
23416
23418
23419
23421
23425
23426
23427
23429
23432
23433
23439
23440
23447
23449
23450
23451
23452
23454
23456
23457
23460
23461
23465
23469
23470
23473
23474
23476
23479
23481
23482
23485
23486
23488
23493
23494
23496
23497
23498
23501
23504
23505
23506
23509
23511
23514
23518
23521
23522
23528
23530
23532
23536
23539
23540
23541
23542
23543
23544
23554
23555
23558
23560
23564
23565
23569
23572
23573
23576
23580
23589
23590
23597
23599
23600
23601
23603
23604
23607
23609
23615
23618
23621
23622
23630
23633
23637
23642
23645
23646
23655
23656
23665
23666
23670
23674
23677
23679
23683
23685
23696
23697
23702
23703
23704
23707
23709
23710
23715
23716
23720
23724
23727
23730
23732
23733
23736
23737
23740
23742
23748
23750
23751
23755
23756
23762
23766
23771
23776
23777
23780
23781
23785
23788
23791
23792
23793
23799
23801
23804
23807
23808
23815
23822
23823
23831
23836
23837
23839
23842
23847
23850
23853
23854
23864
23866
23874
23875
23878
23880
23891
23893
23902
23906
23916
23917
23922
23926
23932
23935
23941
23943
23944
23948
23950
23952
23954
23959
23966
23970
23973
23976
23978
23982
23983
23987
23988
23989
23993
23994
23996
24000
24009
24010
24013
24021
24022
24030
24034
24037
24049
24050
24051
24066
24079
24080
24081
24082
24083
24096
24101
24105
24106
24127
24132
24134
24135
24152
24156
24165
24168
24171
24176
24193
24196
24203
24205
24206
24214
24217
24222
24227
24244
24250
24252
24266
24277
24279
24282
24283
24290
24292
24293
24305
24317
24320
24325
24344
24349
24354
24369
24375
24379
24415
24418
24424
24429
24432
24435
24437
24447
24452
24478
24480
24481
24497
24498
24506
24508
24529
24534
24550
24552
24560
24562
24571
24574
24586
24587
24600
24614
24623
24626
24642
24647
24656
24657
24677
24682
24699
24701
24712
24715
24738
24746
24747
24758
24772
24777
24788
24793
24801
24829
24831
24834
24841
24852
24855
24862
24867
24869
24875
24882
24893
24900
24917
24921
24927
24939
24943
24947
24955
24979
24980
24991
24995
25002
25003
25004
25006
25007
25008
25009
25011
25012
25013
25015
25016
25017
25018
25019
25023
25024
25026
25027
25028
25029
25030
25031
25032
25034
25036
25037
25038
25039
25040
25041
25044
25045
25046
25049
25050
25051
25053
25054
25056
25057
25058
25059
25060
25062
25063
25066
25067
25070
25071
25073
25074
25076
25079
25080
25082
25083
25084
25085
25086
25087
25090
25091
25094
25095
25096
25097
25098
25099
25103
25105
25108
25111
25120
25121
25123
25124
25125
25126
25127
25129
25130
25133
25139
25140
25141
25142
25144
25145
25146
25147
25148
25150
25151
25165
25166
25167
25169
25170
25172
25173
25174
25175
25176
25178
25180
25181
25182
25183
25185
25186
25188
25190
25191
25192
25194
25195
25196
25197
25199
25200
25201
25202
25203
25204
25210
25214
25216
25218
25219
25221
25226
25228
25229
25230
25232
25234
25235
25240
25242
25244
25245
25246
25247
25248
25249
25250
25252
25253
25254
25255
25256
25257
25258
25259
25261
25262
25264
25267
25269
25270
25272
25273
25278
25279
25281
25282
25283
25284
25285
25286
25288
25289
25291
25293
25296
25297
25298
25299
25302
25303
25305
25306
25308
25310
25311
25312
25316
25317
25319
25322
25323
25324
25325
25328
25329
25332
25333
25337
25339
25340
25341
25342
25343
25345
25350
25353
25354
25355
25356
25357
25358
25360
25361
25362
25363
25365
25366
25369
25372
25373
25374
25375
25376
25379
25380
25384
25386
25388
25389
25393
25395
25398
25399
25401
25403
25406
25411
25415
25416
25420
25421
25422
25423
25425
25427
25429
25430
25431
25432
25435
25436
25439
25440
25442
25445
25446
25447
25448
25450
25453
25455
25457
25458
25459
25461
25463
25464
25465
25467
25468
25469
25471
25472
25474
25475
25476
25477
25479
25480
25482
25483
25485
25486
25487
25489
25491
25492
25493
25494
25495
25497
25498
25504
25508
25509
25511
25515
25530
25536
25537
25542
25547
25549
25557
25561
25562
25568
25569
25573
25578
25580
25583
25589
25594
25595
25598
25602
25603
25604
25606
25608
25612
25619
25620
25623
25627
25633
25636
25639
25640
25641
25643
25648
25652
25656
25665
25667
25669
25679
25681
25688
25690
25693
25701
25708
25709
25712
25716
25717
25719
25727
25728
25730
25734
25736
25737
25743
25744
25749
25751
25752
25754
25759
25762
25763
25768
25770
25772
25777
25781
25784
25789
25791
25792
25794
25798
25799
25801
25803
25804
25813
25821
25823
25825
25827
25837
25838
25840
25842
25843
25844
25854
25866
25867
25872
25873
25882
25885
25886
25889
25893
25895
25898
25908
25917
25920
25921
25926
25930
25933
25937
25940
25942
25949
25954
25957
25960
25966
25968
25971
25973
25976
25981
25988
25995
25998
25999
26006
26032
26048
26061
26090
26091
26118
26136
26197
26216
26220
26226
26242
26261
26262
26266
26270
26288
26356
26385
26387
26434
26447
26464
26477
26542
26558
26561
26581
26583
26599
26601
26608
26640
26653
26664
26685
26706
26707
26718
26730
26732
26739
26740
26755
26762
26780
26843
26851
26854
26877
26884
26887
26889
26891
26893
26933
26934
26997
27003
27004
27007
27009
27011
27021
27039
27041
27047
27048
27052
27053
27060
27065
27067
27071
27074
27080
27083
27085
27086
27087
27089
27092
27094
27098
27099
27108
27112
27117
27122
27124
27135
27145
27150
27151
27153
27160
27166
27173
27183
27184
27192
27196
27198
27200
27204
27208
27212
27220
27232
27236
27238
27241
27242
27243
27251
27255
27259
27273
27285
27295
27299
27301
27306
27308
27319
27321
27322
27328
27330
27333
27338
27340
27353
27354
27355
27356
27358
27359
27361
27363
27365
27366
27368
27389
27390
27392
27393
27400
27403
27410
27415
27419
27421
27432
27437
27442
27446
27449
27461
27470
27472
27479
27483
27486
27498
27500
27501
27502
27503
27504
27505
27506
27507
27508
27509
27510
27511
27512
27513
27514
27515
27516
27517
27519
27520
27522
27523
27524
27525
27526
27529
27530
27532
27533
27534
27535
27536
27537
27538
27539
27540
27541
27542
27543
27544
27545
27546
27547
27548
27549
27550
27551
27553
27554
27555
27556
27557
27558
27559
27560
27561
27562
27563
27564
27565
27566
27567
27568
27569
27570
27571
27572
27574
27575
27576
27577
27578
27579
27582
27583
27586
27587
27588
27589
27590
27591
27592
27593
27594
27595
27596
27597
27598
27599
27600
27601
27602
27603
27604
27605
27606
27607
27608
27609
27610
27611
27612
27613
27614
27615
27616
27617
27618
27619
27620
27621
27622
27623
27624
27625
27627
27628
27629
27630
27632
27634
27635
27637
27638
27639
27640
27641
27642
27643
27644
27645
27646
27647
27648
27649
27650
27651
27652
27653
27654
27655
27656
27657
27658
27659
27660
27661
27663
27664
27665
27666
27667
27668
27669
27670
27671
27672
27674
27675
27677
27678
27679
27680
27681
27682
27683
27684
27685
27686
27687
27688
27689
27690
27691
27692
27693
27694
27695
27696
27697
27698
27699
27700
27701
27702
27703
27704
27705
27706
27707
27708
27709
27710
27711
27712
27713
27714
27715
27716
27717
27718
27719
27720
27721
27722
27723
27724
27725
27726
27727
27728
27729
27730
27731
27732
27733
27734
27736
27737
27738
27740
27741
27742
27743
27744
27745
27746
27747
27748
27749
27750
27751
27752
27753
27754
27755
27756
27757
27758
27759
27760
27761
27763
27764
27765
27766
27767
27768
27769
27770
27771
27772
27773
27774
27775
27776
27777
27778
27779
27780
27781
27782
27783
27784
27786
27787
27788
27789
27790
27792
27793
27794
27795
27796
27797
27798
27799
27800
27801
27802
27804
27805
27806
27807
27808
27809
27810
27811
27812
27813
27814
27815
27816
27817
27818
27819
27820
27821
27823
27824
27825
27826
27827
27828
27829
27830
27831
27832
27833
27834
27835
27836
27837
27838
27839
27840
27841
27842
27843
27845
27846
27849
27850
27851
27852
27853
27854
27855
27856
27857
27858
27859
27861
27863
27864
27865
27866
27867
27868
27869
27870
27871
27873
27874
27875
27876
27877
27878
27879
27880
27881
27882
27883
27884
27885
27887
27888
27889
27890
27891
27893
27894
27896
27897
27898
27899
27900
27901
27902
27903
27904
27905
27906
27907
27908
27910
27911
27912
27913
27914
27915
27917
27918
27919
27920
27921
27922
27923
27924
27925
27926
27927
27928
27929
27930
27931
27932
27933
27934
27935
27936
27938
27939
27940
27941
27942
27943
27944
27945
27946
27947
27948
27949
27950
27951
27952
27953
27954
27955
27957
27958
27959
27960
27961
27962
27963
27964
27965
27966
27967
27968
27969
27971
27972
27973
27974
27975
27976
27977
27978
27979
27981
27982
27983
27984
27985
27986
27987
27988
27989
27990
27991
27992
27993
27994
27996
27997
27998
27999
28011
28021
28028
28103
28109
28112
28114
28120
28125
28142
28152
28174
28177
28183
28186
28212
28229
28231
28246
28250
28254
28270
28276
28303
28307
28317
28322
28324
28338
28354
28375
28377
28387
28394
28409
28419
28422
28430
28436
28442
28475
28490
28491
28494
28497
28501
28516
28517
28521
28529
28531
28535
28536
28537
28559
28561
28569
28604
28613
28622
28623
28655
28656
28667
28668
28672
28679
28680
28682
28684
28695
28696
28697
28703
28709
28717
28719
28731
28740
28744
28755
28756
28784
28788
28792
28793
28801
28816
28822
28829
28839
28852
28871
28872
28877
28882
28888
28897
28925
28932
28934
28939
28964
28971
28983
28991
28992
28995
28997
29040
29053
29059
29069
29120
29136
29154
29155
29159
29165
29168
29188
29194
29224
29247
29251
29285
29290
29318
29321
29325
29353
29367
29368
29380
29388
29399
29405
29413
29439
29448
29474
29480
29489
29498
29500
29501
29504
29508
29510
29512
29515
29516
29517
29519
29523
29525
29526
29527
29528
29530
29531
29534
29535
29536
29537
29538
29539
29544
29547
29548
29550
29551
29552
29553
29554
29555
29556
29557
29558
29559
29560
29561
29562
29567
29568
29569
29572
29576
29578
29579
29580
29583
29585
29586
29592
29596
29597
29599
29600
29601
29602
29603
29604
29605
29606
29607
29609
29611
29612
29613
29614
29619
29621
29623
29624
29625
29627
29628
29631
29633
29634
29637
29639
29642
29643
29644
29648
29649
29650
29654
29655
29658
29659
29661
29662
29663
29665
29667
29671
29672
29673
29674
29675
29677
29679
29681
29682
29684
29689
29691
29692
29694
29695
29697
29698
29702
29705
29706
29710
29711
29713
29714
29715
29716
29718
29720
29722
29724
29725
29729
29730
29731
29732
29734
29736
29737
29738
29740
29743
29745
29747
29756
29759
29760
29763
29764
29766
29767
29771
29774
29776
29777
29778
29779
29780
29781
29782
29787
29788
29789
29791
29794
29795
29797
29799
29802
29803
29807
29808
29809
29810
29811
29812
29814
29815
29817
29823
29824
29829
29830
29831
29832
29833
29834
29835
29837
29838
29840
29843
29844
29852
29853
29854
29856
29859
29862
29863
29866
29867
29868
29869
29871
29872
29873
29874
29876
29877
29878
29882
29884
29888
29889
29890
29892
29893
29894
29895
29905
29906
29909
29910
29911
29912
29914
29918
29919
29922
29923
29924
29925
29927
29928
29929
29930
29932
29933
29934
29935
29940
29942
29945
29946
29947
29948
29950
29951
29952
29953
29954
29956
29957
29958
29959
29960
29962
29964
29965
29968
29969
29970
29972
29975
29978
29980
29981
29982
29985
29986
29989
29995
29996
30009
30014
30015
30025
30028
30031
30034
30035
30057
30060
30061
30071
30075
30085
30102
30105
30109
30128
30141
30147
30153
30155
30171
30176
30179
30188
30189
30196
30199
30205
30225
30238
30241
30244
30246
30262
30270
30271
30297
30298
30308
30309
30312
30318
30337
30343
30352
30363
30370
30372
30384
30391
30399
30402
30424
30434
30439
30455
30472
30479
30483
30487
30495
30497
30498
30506
30512
30520
30526
30533
30535
30538
30540
30554
30555
30560
30565
30585
30593
30594
30597
30604
30606
30613
30626
30635
30640
30647
30661
30665
30666
30669
30671
30681
30686
30692
30697
30703
30705
30706
30710
30715
30730
30732
30736
30739
30747
30762
30769
30771
30773
30775
30780
30795
30797
30799
30800
30802
30804
30806
30808
30816
30817
30820
30825
30834
30835
30836
30843
30845
30857
30868
30869
30870
30876
30878
30884
30892
30895
30908
30913
30914
30915
30923
30928
30931
30936
30939
30944
30946
30950
30952
30953
30954
30955
30957
30964
30966
30968
30969
30976
30978
30983
30994
30997
31003
31005
31011
31012
31013
31014
31015
31020
31022
31025
31026
31029
31031
31038
31041
31046
31050
31051
31053
31059
31060
31067
31069
31073
31075
31078
31080
31084
31085
31089
31090
31091
31097
31098
31106
31115
31117
31119
31123
31130
31132
31135
31138
31139
31151
31157
31158
31160
31164
31167
31170
31174
31177
31179
31180
31182
31186
31190
31193
31195
31198
31201
31202
31209
31216
31217
31222
31233
31235
31237
31239
31246
31250
31251
31253
31255
31259
31260
31265
31267
31268
31271
31273
31277
31278
31279
31282
31284
31286
31291
31293
31298
31300
31301
31304
31305
31309
31311
31312
31313
31315
31317
31320
31330
31336
31341
31342
31345
31349
31353
31354
31355
31357
31360
31364
31367
31375
31381
31382
31386
31388
31389
31393
31394
31395
31403
31404
31406
31415
31417
31421
31423
31426
31429
31431
31432
31433
31435
31437
31438
31439
31445
31449
31454
31461
31467
31475
31478
31479
31480
31484
31489
31490
31495
31497
31499
31506
31510
31511
31515
31518
31527
31529
31537
31544
31547
31551
31553
31558
31571
31573
31574
31581
31592
31596
31602
31612
31623
31625
31630
31638
31645
31647
31649
31658
31659
31667
31670
31674
31684
31691
31692
31700
31703
31707
31719
31722
31724
31726
31732
31735
31743
31746
31750
31754
31762
31763
31767
31781
31787
31788
31799
31806
31815
31822
31824
31826
31827
31829
31832
31833
31834
31835
31836
31854
31859
31862
31872
31874
31881
31882
31885
31888
31894
31899
31903
31905
31914
31921
31924
31925
31929
31937
31940
31941
31942
31943
31963
31968
31973
31974
31976
31979
31984
31986
31988
31989
31991
31993
32004
32005
32008
32009
32014
32015
32017
32025
32027
32028
32032
32033
32035
32039
32044
32050
32056
32059
32061
32062
32063
32065
32066
32068
32072
32073
32074
32075
32077
32078
32080
32083
32086
32087
32091
32092
32093
32094
32098
32102
32103
32107
32115
32116
32118
32121
32126
32128
32133
32135
32136
32139
32140
32141
32143
32146
32153
32154
32158
32159
32160
32161
32162
32164
32167
32170
32173
32175
32177
32179
32180
32183
32185
32186
32192
32193
32196
32197
32200
32201
32202
32203
32205
32210
32211
32212
32214
32217
32218
32220
32221
32222
32230
32232
32235
32240
32242
32243
32245
32246
32247
32255
32264
32267
32272
32274
32277
32278
32280
32281
32284
32285
32287
32292
32294
32295
32297
32304
32305
32308
32310
32314
32316
32317
32320
32321
32322
32323
32326
32327
32329
32333
32334
32336
32337
32340
32342
32345
32347
32350
32351
32356
32357
32358
32362
32365
32369
32381
32383
32384
32392
32393
32397
32400
32401
32402
32403
32405
32408
32409
32410
32424
32425
32426
32430
32431
32432
32435
32436
32440
32442
32450
32451
32453
32455
32457
32458
32459
32462
32465
32466
32467
32471
32472
32474
32475
32479
32484
32486
32490
32494
32500
32501
32505
32506
32507
32508
32510
32512
32513
32514
32515
32517
32518
32519
32520
32521
32522
32523
32524
32526
32527
32528
32529
32530
32536
32538
32539
32540
32541
32542
32544
32545
32546
32547
32548
32552
32555
32556
32559
32560
32562
32563
32564
32566
32567
32568
32569
32571
32573
32576
32577
32580
32582
32583
32584
32586
32589
32590
32593
32594
32595
32597
32598
32599
32600
32601
32602
32605
32606
32607
32608
32609
32610
32611
32612
32613
32615
32616
32617
32618
32619
32620
32622
32623
32624
32625
32626
32628
32629
32631
32633
32635
32637
32638
32639
32640
32641
32642
32644
32645
32646
32647
32648
32649
32651
32652
32654
32658
32662
32663
32664
32665
32666
32667
32668
32669
32670
32671
32674
32675
32676
32678
32679
32682
32683
32686
32687
32688
32689
32691
32692
32694
32695
32696
32697
32698
32699
32701
32702
32703
32704
32705
32706
32708
32709
32710
32711
32712
32714
32715
32716
32717
32718
32719
32721
32722
32724
32726
32727
32728
32729
32730
32732
32733
32734
32736
32737
32738
32739
32741
32743
32746
32747
32748
32749
32751
32752
32753
32754
32755
32756
32762
32769
32771
32773
32774
32775
32776
32777
32778
32780
32782
32783
32784
32785
32786
32787
32788
32790
32791
32792
32793
32796
32797
32798
32799
32801
32802
32806
32807
32808
32809
32810
32814
32815
32816
32818
32819
32820
32821
32822
32823
32824
32828
32830
32831
32833
32834
32836
32837
32838
32839
32840
32842
32844
32845
32846
32847
32848
32849
32850
32851
32852
32856
32860
32861
32863
32864
32865
32867
32869
32870
32871
32872
32873
32875
32877
32878
32879
32881
32882
32884
32886
32887
32888
32889
32890
32892
32893
32894
32895
32897
32899
32900
32902
32903
32904
32905
32907
32908
32909
32910
32911
32912
32913
32914
32915
32918
32919
32920
32922
32923
32924
32926
32929
32930
32931
32935
32936
32937
32939
32940
32942
32944
32945
32946
32947
32948
32949
32954
32955
32956
32958
32960
32962
32964
32965
32966
32969
32971
32972
32973
32974
32975
32977
32978
32979
32980
32984
32986
32987
32989
32990
32992
32993
32995
32997
32999
33003
33006
33008
33014
33015
33016
33023
33024
33025
33028
33029
33039
33045
33047
33048
33049
33051
33052
33054
33056
33057
33060
33065
33066
33067
33071
33073
33075
33076
33077
33080
33081
33082
33084
33087
33089
33090
33091
33092
33094
33096
33099
33103
33105
33107
33113
33114
33116
33119
33120
33128
33134
33138
33141
33144
33146
33148
33149
33150
33151
33152
33155
33158
33159
33170
33171
33172
33176
33177
33182
33185
33186
33190
33191
33196
33198
33200
33201
33202
33203
33207
33209
33210
33212
33216
33217
33221
33222
33226
33227
33230
33232
33233
33238
33240
33242
33246
33248
33253
33255
33263
33265
33269
33270
33277
33281
33282
33284
33286
33293
33294
33299
33304
33305
33319
33327
33330
33331
33332
33333
33334
33337
33339
33344
33347
33351
33352
33353
33356
33360
33362
33363
33364
33366
33374
33375
33376
33377
33383
33386
33388
33390
33391
33393
33397
33404
33405
33406
33411
33412
33413
33415
33417
33418
33419
33420
33421
33422
33431
33432
33439
33445
33446
33447
33451
33453
33456
33459
33465
33468
33471
33477
33478
33479
33485
33486
33489
33490
33494
33495
33499
33501
33505
33507
33508
33509
33510
33513
33515
33516
33517
33521
33522
33523
33527
33539
33540
33541
33544
33545
33548
33552
33553
33555
33557
33558
33561
33563
33568
33569
33570
33571
33572
33576
33578
33581
33582
33584
33589
33590
33591
33597
33600
33601
33604
33605
33609
33611
33614
33616
33617
33619
33624
33629
33638
33640
33641
33642
33647
33648
33649
33650
33651
33653
33659
33664
33665
33668
33670
33672
33675
33676
33680
33691
33694
33698
33709
33710
33712
33713
33714
33720
33723
33725
33732
33734
33736
33738
33740
33742
33746
33750
33751
33752
33755
33758
33760
33762
33764
33766
33769
33772
33773
33774
33776
33777
33785
33786
33789
33790
33793
33794
33795
33798
33799
33800
33805
33806
33808
33810
33814
33815
33817
33820
33824
33825
33826
33833
33836
33841
33843
33845
33846
33847
33848
33854
33857
33864
33871
33876
33878
33880
33881
33882
33883
33884
33890
33892
33896
33900
33902
33903
33906
33908
33915
33918
33919
33920
33922
33925
33926
33934
33936
33937
33938
33939
33944
33946
33947
33949
33950
33951
33952
33955
33957
33959
33961
33963
33964
33965
33968
33970
33972
33973
33974
33976
33980
33981
33982
33985
33987
33988
33989
33990
33992
33996
33997
34009
34015
34069
34078
34107
34179
34186
34291
34304
34325
34362
34455
34498
34505
34508
34525
34528
34534
34544
34545
34548
34549
34550
34556
34562
34565
34566
34577
34580
34582
34590
34593
34602
34614
34624
34625
34632
34633
34638
34640
34641
34642
34643
34644
34646
34647
34649
34653
34658
34663
34666
34678
34680
34691
34694
34714
34715
34719
34721
34729
34738
34746
34751
34753
34754
34756
34780
34781
34784
34814
34823
34828
34831
34839
34845
34847
34848
34849
34851
34854
34858
34869
34876
34883
34887
34894
34896
34904
34907
34911
34914
34915
34922
34927
34939
34941
34968
34970
34971
34981
34984
34996
34998
35000
35004
35011
35015
35026
35029
35033
35034
35037
35039
35053
35063
35064
35069
35072
35075
35080
35082
35083
35084
35100
35103
35106
35110
35111
35113
35121
35123
35128
35129
35130
35134
35137
35143
35145
35146
35151
35152
35153
35157
35168
35170
35171
35182
35183
35186
35189
35191
35205
35220
35221
35229
35237
35238
35242
35244
35248
35252
35253
35254
35261
35262
35265
35270
35272
35290
35293
35306
35309
35312
35316
35318
35319
35321
35324
35331
35333
35340
35341
35346
35348
35359
35362
35363
35368
35369
35376
35377
35378
35382
35384
35387
35388
35392
35394
35398
35402
35404
35406
35408
35420
35423
35425
35426
35430
35431
35433
35436
35437
35438
35440
35441
35443
35446
35448
35456
35457
35466
35469
35471
35475
35477
35478
35479
35481
35484
35488
35490
35497
35498
35499
35500
35504
35506
35518
35533
35551
35558
35570
35574
35579
35589
35591
35593
35601
35615
35616
35637
35638
35640
35642
35660
35675
35688
35699
35704
35711
35723
35724
35728
35739
35764
35765
35769
35779
35782
35784
35785
35790
35791
35794
35811
35815
35840
35841
35853
35864
35873
35874
35876
35883
35886
35898
35905
35908
35915
35917
35921
35931
35934
35948
35952
35960
35963
35966
35976
35991
36000
36001
36002
36003
36005
36006
36007
36009
36010
36011
36012
36014
36015
36016
36017
36018
36019
36020
36021
36022
36023
36025
36026
36027
36028
36029
36030
36031
36032
36033
36034
36035
36036
36037
36038
36039
36041
36042
36043
36044
36045
36046
36048
36049
36050
36051
36052
36053
36054
36055
36056
36057
36058
36059
36060
36061
36062
36063
36064
36065
36066
36068
36069
36070
36071
36072
36073
36078
36079
36080
36082
36083
36084
36085
36086
36087
36088
36089
36090
36091
36092
36093
36094
36096
36097
36099
36100
36101
36102
36103
36104
36105
36106
36107
36108
36109
36110
36111
36112
36113
36114
36117
36118
36119
36120
36121
36122
36123
36124
36125
36126
36127
36128
36129
36130
36132
36133
36134
36135
36137
36138
36139
36140
36141
36142
36143
36144
36145
36146
36147
36148
36150
36151
36152
36153
36154
36155
36156
36157
36160
36162
36164
36165
36166
36168
36169
36170
36171
36172
36173
36174
36175
36176
36177
36178
36179
36180
36181
36182
36183
36184
36185
36186
36187
36188
36189
36190
36191
36192
36193
36195
36196
36197
36198
36199
36203
36204
36205
36206
36207
36208
36209
36210
36211
36212
36213
36214
36215
36216
36217
36218
36219
36220
36222
36223
36224
36225
36226
36227
36228
36229
36230
36231
36232
36233
36234
36235
36236
36237
36238
36239
36240
36242
36244
36247
36248
36249
36250
36251
36252
36253
36254
36256
36257
36258
36259
36260
36261
36262
36263
36264
36265
36266
36267
36268
36269
36270
36272
36273
36276
36277
36278
36279
36281
36282
36283
36284
36285
36287
36290
36291
36292
36295
36296
36297
36298
36300
36301
36303
36304
36305
36306
36308
36309
36310
36311
36312
36313
36314
36316
36317
36319
36320
36321
36322
36323
36324
36325
36326
36327
36328
36329
36330
36331
36332
36333
36334
36335
36336
36337
36339
36340
36341
36342
36343
36344
36345
36347
36348
36349
36352
36353
36354
36355
36356
36357
36358
36359
36360
36362
36363
36364
36365
36366
36367
36368
36369
36370
36371
36372
36373
36374
36375
36376
36377
36378
36379
36380
36381
36382
36383
36384
36385
36386
36387
36388
36389
36390
36391
36392
36393
36394
36395
36396
36397
36398
36399
36400
36402
36403
36405
36406
36408
36409
36410
36411
36412
36413
36416
36417
36418
36419
36420
36421
36422
36424
36425
36426
36427
36428
36429
36432
36433
36434
36435
36436
36437
36438
36440
36441
36442
36444
36447
36449
36450
36451
36453
36454
36456
36459
36460
36461
36462
36463
36464
36465
36466
36467
36468
36469
36470
36471
36472
36473
36474
36475
36476
36477
36479
36480
36481
36482
36483
36484
36485
36486
36487
36488
36489
36490
36491
36492
36493
36494
36495
36496
36497
36499
36500
36501
36503
36506
36508
36509
36514
36516
36518
36527
36530
36532
36533
36536
36537
36538
36542
36544
36545
36548
36552
36553
36555
36559
36564
36566
36571
36576
36577
36578
36585
36588
36590
36591
36593
36596
36597
36598
36605
36606
36607
36612
36613
36614
36616
36618
36621
36630
36631
36634
36637
36642
36644
36645
36647
36650
36651
36653
36655
36657
36658
36659
36666
36669
36671
36672
36681
36682
36688
36691
36694
36698
36704
36707
36709
36712
36719
36723
36727
36732
36733
36736
36737
36740
36743
36744
36747
36748
36755
36756
36761
36762
36767
36770
36772
36773
36776
36778
36779
36782
36786
36795
36801
36811
36812
36813
36814
36818
36823
36826
36832
36835
36836
36838
36842
36843
36844
36847
36851
36852
36855
36856
36859
36861
36865
36868
36869
36874
36875
36876
36877
36879
36881
36882
36885
36888
36890
36893
36895
36896
36900
36902
36903
36906
36907
36909
36911
36912
36915
36917
36919
36923
36928
36930
36931
36936
36943
36945
36949
36952
36956
36957
36964
36965
36966
36970
36976
36981
36983
36984
36985
36986
36987
36988
36990
36993
36996
37006
37009
37012
37013
37020
37022
37024
37025
37026
37032
37033
37035
37036
37040
37041
37044
37046
37048
37050
37052
37056
37059
37066
37067
37068
37069
37072
37075
37076
37078
37079
37086
37087
37089
37098
37099
37104
37105
37107
37112
37115
37117
37121
37122
37125
37126
37130
37137
37138
37142
37143
37144
37146
37147
37148
37149
37150
37152
37153
37154
37157
37158
37159
37162
37166
37171
37172
37173
37174
37176
37178
37179
37181
37182
37184
37189
37191
37193
37194
37195
37197
37200
37202
37204
37205
37208
37209
37210
37211
37213
37218
37222
37226
37227
37228
37229
37231
37232
37234
37237
37239
37241
37246
37247
37248
37249
37250
37251
37259
37262
37264
37267
37268
37272
37273
37277
37279
37280
37282
37285
37286
37287
37289
37293
37294
37296
37300
37302
37303
37306
37307
37309
37310
37312
37318
37320
37321
37322
37324
37326
37327
37328
37331
37332
37337
37341
37344
37345
37348
37349
37350
37351
37353
37357
37358
37360
37361
37362
37363
37364
37366
37369
37375
37376
37380
37385
37387
37395
37399
37400
37403
37406
37408
37415
37417
37418
37419
37428
37429
37430
37432
37434
37436
37444
37445
37449
37451
37454
37455
37456
37464
37465
37470
37475
37476
37478
37480
37481
37482
37489
37491
37492
37493
37495
37496
37498
37502
37519
37521
37526
37532
37534
37542
37548
37549
37554
37563
37570
37572
37575
37587
37612
37614
37616
37635
37636
37644
37653
37658
37663
37665
37670
37673
37682
37685
37686
37687
37690
37693
37699
37700
37704
37712
37713
37719
37725
37729
37734
37737
37742
37745
37746
37749
37770
37780
37781
37784
37794
37800
37804
37805
37811
37817
37822
37827
37829
37835
37840
37849
37850
37863
37867
37876
37888
37893
37894
37895
37897
37900
37901
37914
37919
37926
37933
37941
37942
37944
37947
37954
37956
37959
37962
37967
37973
37989
38000
38003
38021
38023
38036
38043
38046
38055
38056
38073
38074
38078
38083
38090
38097
38110
38122
38128
38129
38134
38137
38148
38180
38182
38184
38186
38192
38210
38218
38220
38229
38272
38273
38280
38281
38282
38294
38303
38305
38311
38333
38340
38354
38356
38357
38363
38392
38398
38405
38406
38407
38421
38436
38439
38442
38448
38453
38463
38477
38487
38493
38497
38500
38502
38503
38510
38512
38513
38514
38515
38520
38521
38524
38526
38528
38529
38532
38539
38540
38543
38546
38547
38550
38553
38556
38558
38559
38560
38564
38565
38573
38576
38577
38578
38583
38584
38591
38592
38594
38597
38601
38607
38608
38611
38612
38614
38615
38617
38618
38620
38630
38633
38634
38637
38638
38642
38643
38648
38649
38651
38653
38657
38659
38663
38664
38666
38667
38673
38680
38684
38685
38686
38691
38692
38693
38694
38697
38698
38713
38714
38716
38718
38721
38722
38727
38729
38730
38732
38734
38738
38739
38740
38741
38744
38746
38749
38752
38757
38762
38764
38765
38768
38770
38772
38777
38781
38782
38784
38787
38790
38791
38793
38797
38798
38801
38803
38804
38811
38817
38820
38821
38829
38830
38831
38832
38834
38836
38837
38841
38843
38853
38855
38856
38859
38866
38867
38868
38873
38874
38875
38878
38879
38884
38886
38893
38896
38897
38901
38902
38903
38904
38905
38910
38911
38916
38917
38922
38927
38930
38931
38932
38934
38937
38938
38939
38945
38947
38949
38951
38953
38958
38959
38960
38965
38968
38969
38976
38977
38983
38985
38989
38992
38994
38997
38998
38999
39000
39003
39004
39005
39006
39007
39010
39013
39015
39024
39027
39028
39029
39033
39040
39043
39045
39046
39047
39049
39051
39052
39053
39054
39057
39058
39062
39066
39067
39069
39070
39072
39073
39075
39076
39081
39083
39087
39088
39090
39091
39092
39094
39098
39104
39105
39108
39113
39118
39119
39123
39125
39126
39128
39132
39133
39136
39137
39138
39142
39145
39147
39148
39149
39152
39157
39159
39162
39164
39165
39167
39169
39171
39173
39178
39182
39185
39187
39194
39195
39196
39199
39200
39202
39206
39208
39209
39212
39213
39214
39217
39223
39226
39228
39229
39230
39232
39238
39239
39240
39241
39243
39244
39247
39249
39254
39255
39257
39259
39262
39263
39265
39268
39274
39276
39277
39278
39279
39280
39281
39282
39284
39288
39290
39291
39292
39294
39295
39299
39302
39304
39306
39307
39309
39310
39311
39312
39315
39316
39319
39320
39321
39322
39325
39330
39331
39332
39334
39341
39342
39343
39345
39351
39352
39353
39354
39355
39358
39359
39361
39362
39369
39371
39372
39373
39376
39381
39382
39385
39387
39388
39390
39391
39397
39398
39399
39406
39408
39409
39410
39413
39416
39417
39418
39419
39420
39422
39424
39425
39426
39427
39429
39430
39433
39440
39442
39445
39446
39452
39454
39460
39462
39463
39464
39465
39466
39471
39472
39475
39478
39479
39480
39482
39483
39484
39486
39487
39488
39489
39490
39491
39492
39493
39496
39498
39499
39500
39501
39503
39509
39514
39519
39520
39521
39524
39525
39528
39532
39535
39536
39541
39545
39547
39548
39551
39559
39560
39561
39562
39564
39567
39571
39572
39576
39579
39587
39593
39595
39598
39599
39610
39617
39621
39625
39628
39633
39634
39635
39640
39641
39643
39644
39646
39648
39652
39654
39658
39665
39666
39669
39670
39675
39683
39684
39685
39686
39690
39691
39698
39700
39704
39705
39706
39707
39708
39713
39716
39719
39721
39727
39732
39737
39738
39743
39749
39750
39752
39754
39761
39764
39767
39771
39778
39779
39781
39784
39785
39786
39788
39790
39791
39794
39795
39797
39798
39800
39801
39806
39809
39813
39816
39818
39821
39824
39828
39831
39833
39835
39836
39837
39841
39842
39844
39845
39854
39855
39858
39862
39869
39871
39872
39873
39876
39877
39889
39890
39892
39896
39897
39903
39904
39905
39910
39911
39912
39914
39918
39919
39921
39925
39926
39928
39930
39933
39934
39937
39938
39940
39941
39942
39945
39946
39947
39948
39950
39951
39953
39954
39956
39957
39961
39963
39965
39970
39971
39973
39975
39984
39987
39989
39991
40002
40003
40004
40005
40006
40008
40009
40010
40011
40012
40013
40014
40015
40016
40017
40018
40019
40020
40025
40026
40029
40030
40031
40033
40036
40037
40038
40040
40041
40042
40043
40045
40046
40047
40051
40052
40055
40057
40058
40059
40060
40062
40064
40065
40066
40070
40071
40072
40073
40075
40081
40083
40085
40086
40087
40089
40090
40095
40096
40097
40098
40100
40104
40106
40107
40109
40110
40111
40112
40113
40114
40117
40119
40121
40122
40124
40125
40127
40129
40131
40135
40136
40137
40138
40139
40141
40142
40143
40145
40147
40148
40151
40155
40158
40162
40164
40165
40167
40168
40170
40171
40172
40175
40176
40179
40182
40183
40185
40190
40193
40194
40195
40200
40201
40209
40211
40212
40213
40214
40216
40218
40219
40221
40222
40225
40227
40228
40231
40233
40237
40239
40240
40241
40243
40244
40245
40246
40247
40248
40250
40251
40252
40253
40254
40256
40257
40259
40261
40262
40263
40265
40266
40269
40272
40273
40274
40276
40277
40278
40279
40280
40281
40283
40284
40286
40290
40296
40298
40299
40300
40301
40302
40304
40305
40309
40310
40311
40312
40314
40315
40316
40318
40319
40320
40321
40322
40323
40326
40327
40329
40330
40331
40332
40335
40337
40338
40340
40341
40342
40343
40344
40345
40346
40350
40351
40355
40358
40359
40360
40361
40363
40365
40367
40368
40370
40371
40373
40375
40376
40380
40384
40385
40388
40390
40391
40394
40395
40396
40399
40401
40403
40404
40405
40408
40409
40410
40413
40416
40417
40426
40428
40429
40430
40431
40432
40433
40434
40439
40441
40443
40446
40447
40448
40449
40453
40455
40456
40457
40458
40460
40461
40463
40467
40469
40470
40472
40474
40476
40478
40480
40482
40483
40484
40488
40490
40491
40492
40494
40495
40496
40497
40506
40518
40526
40528
40534
40535
40540
40542
40546
40560
40565
40568
40570
40574
40588
40595
40596
40599
40600
40603
40612
40618
40619
40624
40633
40636
40639
40640
40646
40647
40649
40653
40654
40659
40664
40665
40667
40671
40676
40677
40686
40692
40694
40699
40704
40707
40712
40714
40717
40726
40733
40735
40739
40741
40749
40752
40759
40760
40762
40767
40774
40776
40777
40781
40782
40784
40794
40801
40802
40803
40804
40810
40822
40823
40828
40833
40835
40839
40842
40856
40858
40861
40863
40867
40885
40917
40920
40921
40923
40929
40930
40934
40936
40937
40943
40953
40961
40965
40967
40968
40976
40977
40981
40992
40995
40997
41006
41011
41012
41013
41022
41024
41025
41030
41035
41068
41081
41083
41123
41149
41170
41178
41182
41185
41187
41209
41220
41237
41240
41241
41248
41322
41328
41342
41353
41378
41381
41400
41410
41442
41448
41466
41497
41500
41516
41524
41529
41533
41541
41546
41551
41552
41556
41560
41574
41578
41581
41586
41587
41593
41596
41602
41605
41614
41620
41650
41655
41658
41660
41661
41663
41666
41668
41671
41675
41678
41679
41681
41690
41692
41697
41704
41705
41706
41707
41720
41726
41727
41730
41731
41737
41743
41749
41751
41753
41759
41764
41772
41773
41775
41776
41782
41791
41799
41800
41806
41807
41809
41814
41816
41824
41827
41840
41844
41847
41852
41857
41861
41869
41875
41877
41878
41889
41891
41904
41909
41910
41913
41922
41925
41929
41932
41936
41940
41941
41942
41943
41944
41946
41955
41958
41965
41970
41974
41978
42000
42001
42004
42008
42011
42014
42016
42017
42023
42025
42030
42033
42034
42036
42037
42038
42040
42045
42049
42054
42058
42059
42062
42067
42068
42069
42072
42076
42077
42087
42088
42091
42092
42096
42099
42103
42106
42108
42112
42113
42117
42119
42121
42123
42127
42128
42130
42131
42132
42134
42138
42141
42143
42149
42152
42153
42156
42158
42159
42162
42164
42165
42166
42170
42171
42172
42173
42174
42176
42179
42184
42186
42187
42193
42196
42200
42206
42208
42210
42215
42218
42219
42222
42223
42224
42225
42226
42228
42230
42233
42237
42239
42240
42241
42242
42243
42245
42246
42247
42248
42249
42250
42251
42254
42257
42260
42263
42265
42272
42275
42279
42281
42283
42286
42288
42295
42298
42299
42300
42301
42303
42304
42305
42308
42310
42311
42313
42316
42320
42321
42323
42325
42329
42330
42332
42333
42335
42337
42339
42345
42346
42347
42348
42349
42353
42355
42358
42359
42364
42365
42368
42369
42371
42373
42374
42378
42379
42380
42382
42383
42386
42388
42390
42394
42395
42398
42401
42402
42404
42406
42407
42408
42410
42411
42412
42417
42418
42420
42423
42425
42426
42428
42431
42433
42436
42438
42439
42440
42441
42447
42448
42462
42464
42469
42474
42475
42476
42481
42482
42485
42486
42490
42492
42495
42499
42501
42505
42524
42529
42539
42541
42546
42555
42572
42583
42594
42601
42603
42604
42609
42639
42641
42650
42666
42668
42670
42678
42680
42685
42686
42689
42692
42693
42703
42708
42715
42717
42718
42722
42738
42744
42753
42754
42765
42776
42787
42791
42794
42800
42801
42808
42820
42832
42837
42841
42858
42861
42879
42890
42894
42903
42908
42920
42926
42927
42937
42940
42941
42956
42971
42976
42980
42983
43005
43016
43021
43029
43039
43043
43047
43052
43057
43058
43066
43072
43081
43084
43087
43091
43113
43114
43116
43118
43121
43125
43147
43156
43165
43167
43175
43190
43191
43194
43212
43227
43230
43238
43245
43252
43258
43260
43270
43271
43272
43277
43278
43282
43288
43294
43324
43328
43340
43345
43347
43354
43356
43359
43367
43374
43376
43377
43385
43387
43389
43395
43400
43417
43418
43427
43437
43445
43449
43451
43455
43460
43469
43479
43482
43483
43493
43507
43508
43521
43525
43527
43531
43550
43551
43552
43559
43568
43572
43580
43583
43588
43595
43622
43627
43628
43640
43648
43651
43662
43669
43670
43674
43677
43684
43690
43694
43703
43711
43715
43727
43734
43756
43764
43770
43778
43786
43790
43793
43799
43804
43815
43819
43828
43832
43834
43837
43845
43847
43848
43852
43860
43866
43869
43887
43891
43892
43895
43896
43899
43903
43913
43932
43940
43943
43945
43946
43979
43984
43986
43993
43998
44005
44030
44035
44048
44052
44053
44061
44064
44066
44073
44083
44090
44091
44096
44097
44098
44113
44116
44126
44139
44150
44158
44174
44175
44181
44184
44187
44209
44215
44216
44223
44224
44228
44229
44232
44234
44238
44239
44240
44247
44261
44281
44283
44288
44300
44308
44312
44318
44323
44331
44334
44344
44347
44348
44356
44357
44365
44382
44388
44390
44420
44425
44429
44430
44452
44453
44460
44471
44476
44479
44481
44485
44508
44513
44515
44536
44550
44551
44553
44554
44557
44566
44567
44575
44587
44588
44606
44612
44617
44621
44622
44625
44628
44637
44638
44641
44649
44660
44666
44682
44687
44688
44689
44712
44719
44721
44728
44731
44739
44741
44747
44752
44765
44780
44781
44793
44794
44810
44813
44827
44850
44858
44861
44866
44867
44869
44884
44886
44890
44904
44905
44907
44911
44912
44913
44923
44925
44927
44930
44932
44944
44948
44953
44955
44958
44975
44980
44983
44985
44986
44988
44990
44992
45005
45006
45009
45010
45016
45019
45020
45022
45025
45028
45030
45031
45034
45046
45047
45051
45056
45057
45059
45070
45074
45075
45076
45082
45084
45086
45089
45094
45097
45098
45099
45101
45107
45108
45111
45115
45116
45117
45118
45119
45121
45122
45124
45128
45129
45131
45132
45134
45135
45139
45140
45145
45146
45147
45150
45152
45153
45158
45159
45160
45163
45168
45169
45172
45176
45182
45184
45186
45189
45190
45197
45198
45200
45202
45203
45205
45209
45210
45212
45213
45214
45215
45218
45219
45221
45223
45224
45226
45227
45228
45232
45235
45239
45241
45242
45245
45246
45254
45256
45257
45259
45267
45281
45282
45286
45287
45292
45299
45301
45303
45304
45307
45309
45310
45317
45319
45321
45322
45323
45324
45326
45328
45334
45335
45336
45340
45341
45342
45343
45345
45348
45349
45352
45353
45354
45357
45358
45360
45362
45368
45372
45375
45376
45380
45387
45389
45391
45394
45395
45396
45401
45404
45405
45409
45414
45416
45417
45418
45419
45420
45421
45422
45427
45429
45430
45431
45433
45439
45440
45441
45450
45451
45455
45458
45460
45467
45468
45469
45471
45476
45477
45480
45481
45485
45489
45493
45494
45499
45508
45509
45517
45523
45526
45531
45541
45543
45552
45558
45572
45574
45576
45580
45584
45585
45586
45590
45594
45598
45600
45604
45607
45612
45613
45614
45626
45631
45643
45646
45649
45655
45658
45661
45664
45668
45675
45680
45682
45684
45685
45691
45693
45710
45713
45716
45735
45739
45745
45751
45754
45755
45762
45764
45770
45777
45793
45795
45796
45801
45817
45819
45829
45835
45839
45841
45845
45850
45851
45853
45855
45865
45866
45872
45874
45883
45887
45890
45893
45897
45905
45915
45922
45936
45940
45947
45953
45954
45958
45968
45970
45975
45977
45980
45998
46000
46003
46005
46007
46008
46011
46012
46017
46020
46022
46024
46032
46035
46038
46040
46042
46046
46050
46060
46065
46068
46073
46075
46076
46077
46093
46095
46096
46103
46104
46109
46110
46111
46113
46120
46129
46130
46131
46132
46140
46151
46152
46153
46156
46162
46163
46168
46172
46182
46188
46189
46196
46202
46206
46214
46219
46225
46227
46229
46248
46255
46259
46260
46262
46263
46269
46271
46273
46274
46278
46282
46286
46295
46298
46301
46304
46314
46319
46320
46326
46328
46329
46333
46334
46336
46337
46347
46350
46353
46356
46361
46365
46368
46370
46373
46393
46394
46399
46404
46405
46408
46409
46412
46415
46423
46424
46425
46426
46429
46432
46433
46434
46438
46440
46442
46449
46463
46469
46472
46473
46478
46479
46485
46486
46488
46490
46491
46497
46499
46500
46501
46502
46503
46511
46512
46513
46515
46519
46524
46529
46530
46531
46535
46545
46547
46548
46549
46552
46555
46556
46557
46558
46559
46561
46563
46568
46569
46570
46571
46573
46575
46577
46578
46579
46582
46583
46585
46586
46589
46592
46594
46597
46599
46600
46601
46602
46604
46605
46606
46610
46611
46614
46615
46617
46619
46622
46623
46624
46626
46628
46629
46630
46631
46632
46633
46635
46636
46637
46639
46640
46642
46645
46646
46648
46650
46651
46655
46658
46660
46664
46665
46666
46673
46675
46677
46679
46680
46681
46684
46685
46687
46689
46691
46693
46694
46697
46699
46701
46706
46709
46713
46714
46716
46718
46722
46723
46724
46725
46727
46728
46729
46731
46732
46735
46736
46738
46739
46740
46741
46742
46744
46745
46746
46748
46749
46751
46753
46755
46758
46760
46761
46762
46764
46766
46767
46769
46770
46772
46773
46775
46777
46778
46781
46782
46784
46787
46788
46789
46790
46792
46793
46794
46796
46798
46799
46801
46802
46803
46804
46807
46808
46809
46810
46812
46813
46814
46817
46818
46819
46820
46823
46824
46827
46828
46829
46830
46832
46833
46837
46840
46844
46846
46848
46849
46850
46851
46852
46854
46855
46856
46858
46860
46861
46862
46863
46864
46865
46867
46868
46873
46876
46877
46878
46879
46880
46881
46882
46883
46884
46885
46887
46892
46894
46897
46898
46899
46901
46903
46906
46911
46912
46916
46919
46920
46921
46924
46925
46927
46928
46933
46935
46937
46938
46939
46940
46941
46943
46944
46945
46946
46948
46949
46950
46951
46952
46954
46955
46957
46958
46960
46961
46963
46964
46966
46968
46975
46978
46979
46980
46987
46988
46989
46990
46991
46993
46996
46997
46998
47014
47051
47054
47067
47073
47075
47139
47174
47288
47330
47331
47375
47393
47398
47465
47488
47502
47503
47506
47507
47508
47517
47520
47521
47525
47527
47532
47536
47537
47540
47541
47543
47545
47549
47550
47551
47552
47553
47554
47555
47564
47568
47571
47572
47573
47575
47578
47579
47580
47581
47582
47584
47588
47594
47596
47598
47602
47604
47608
47610
47611
47614
47615
47616
47623
47626
47629
47633
47638
47640
47645
47648
47653
47656
47657
47661
47664
47672
47673
47674
47678
47679
47680
47684
47688
47691
47693
47695
47697
47699
47703
47704
47706
47707
47712
47716
47719
47720
47725
47730
47731
47732
47733
47736
47737
47738
47741
47742
47743
47744
47749
47750
47753
47754
47755
47759
47760
47765
47766
47767
47768
47769
47771
47777
47778
47779
47780
47786
47790
47792
47796
47798
47800
47801
47805
47807
47808
47809
47814
47815
47818
47820
47822
47831
47832
47833
47835
47838
47848
47850
47856
47858
47862
47865
47867
47870
47872
47876
47880
47883
47886
47888
47890
47901
47903
47905
47907
47909
47914
47918
47922
47925
47926
47927
47931
47935
47936
47939
47940
47942
47943
47944
47947
47949
47950
47960
47961
47962
47963
47966
47974
47975
47977
47980
47981
47984
47986
47989
47991
47992
47994
47999
48004
48005
48014
48021
48022
48026
48030
48032
48034
48040
48041
48044
48045
48059
48061
48066
48075
48077
48079
48080
48081
48092
48094
48095
48097
48098
48102
48103
48105
48114
48120
48132
48135
48148
48149
48153
48155
48162
48170
48174
48178
48179
48194
48197
48203
48211
48214
48216
48227
48228
48229
48232
48252
48257
48260
48261
48266
48271
48275
48277
48283
48288
48293
48295
48302
48316
48321
48322
48324
48328
48329
48330
48331
48342
48347
48353
48375
48382
48385
48387
48393
48402
48408
48411
48414
48415
48417
48429
48434
48437
48443
48449
48460
48463
48469
48470
48474
48476
48482
48495
48499
48501
48505
48508
48514
48516
48523
48528
48532
48533
48535
48544
48546
48547
48560
48567
48581
48592
48596
48600
48602
48605
48619
48620
48628
48633
48634
48635
48639
48642
48644
48647
48651
48658
48662
48664
48675
48676
48678
48681
48686
48700
48703
48704
48705
48706
48708
48714
48716
48727
48730
48732
48736
48743
48749
48756
48761
48766
48768
48777
48779
48787
48794
48799
48800
48806
48807
48814
48816
48822
48838
48847
48854
48855
48856
48857
48859
48863
48881
48884
48887
48891
48892
48897
48904
48905
48908
48909
48910
48914
48917
48918
48921
48924
48932
48934
48936
48942
48944
48946
48948
48951
48954
48955
48957
48959
48960
48965
48966
48970
48976
48984
49005
49006
49009
49017
49027
49036
49037
49044
49050
49059
49063
49074
49082
49084
49086
49091
49092
49095
49097
49100
49102
49105
49109
49115
49117
49121
49122
49124
49136
49144
49146
49147
49148
49151
49153
49155
49159
49166
49169
49170
49174
49178
49180
49184
49185
49187
49188
49191
49200
49203
49204
49207
49209
49210
49212
49213
49215
49218
49219
49228
49229
49230
49234
49238
49244
49245
49246
49247
49255
49257
49258
49261
49262
49263
49270
49272
49277
49278
49284
49286
49289
49296
49299
49301
49303
49307
49308
49309
49310
49313
49316
49318
49319
49322
49327
49329
49330
49333
49334
49337
49343
49344
49347
49348
49349
49351
49358
49359
49361
49362
49366
49367
49368
49369
49374
49378
49386
49387
49388
49394
49395
49396
49398
49401
49402
49404
49409
49413
49415
49424
49426
49427
49429
49432
49436
49438
49448
49449
49450
49451
49453
49454
49468
49476
49481
49482
49485
49487
49491
49492
49494
49495
49498
49499
49501
49502
49506
49511
49512
49516
49522
49523
49524
49526
49527
49528
49529
49538
49539
49541
49543
49545
49549
49568
49570
49572
49575
49595
49600
49602
49604
49606
49607
49609
49611
49617
49620
49624
49632
49635
49636
49639
49640
49647
49654
49661
49667
49668
49670
49678
49685
49686
49688
49692
49693
49695
49697
49701
49711
49715
49717
49718
49721
49733
49734
49737
49740
49742
49743
49746
49749
49752
49759
49762
49764
49766
49767
49769
49772
49775
49782
49784
49794
49795
49796
49803
49809
49810
49811
49812
49813
49814
49818
49823
49830
49832
49840
49842
49849
49850
49852
49853
49858
49870
49874
49878
49879
49880
49882
49887
49891
49894
49897
49899
49902
49906
49915
49920
49921
49926
49933
49938
49947
49949
49951
49952
49953
49955
49957
49958
49959
49962
49963
49964
49967
49971
49972
49979
49981
49994
