1
4
12
13
17
18
20
21
25
27
34
37
45
47
52
58
67
69
71
81
84
90
95
96
100
101
102
110
111
119
120
122
123
127
143
144
146
148
151
158
168
178
180
184
195
201
203
204
210
211
214
215
224
228
232
235
238
239
243
248
249
250
251
252
256
263
265
267
270
275
288
290
292
297
303
312
322
330
337
343
346
347
352
353
354
356
358
361
363
364
368
377
384
388
395
397
399
404
407
409
411
412
415
420
421
423
427
431
433
441
442
443
451
457
462
467
468
476
481
484
486
488
492
496
500
501
503
504
506
509
513
516
518
521
524
538
542
547
565
571
573
575
576
578
581
584
588
596
610
611
612
628
631
634
646
649
655
658
662
677
679
683
690
691
694
696
720
729
731
732
736
739
755
759
766
772
783
793
800
808
811
815
818
824
825
832
835
839
854
857
874
875
879
888
894
900
916
921
922
926
930
937
938
953
955
958
960
966
969
979
993
996
999
1000
1001
1005
1006
1007
1009
1010
1012
1014
1021
1027
1029
1030
1031
1032
1033
1036
1037
1041
1043
1044
1048
1055
1057
1058
1061
1062
1064
1070
1071
1073
1075
1078
1081
1083
1084
1087
1089
1095
1099
1101
1105
1114
1116
1118
1122
1127
1128
1129
1130
1133
1137
1138
1140
1142
1144
1148
1150
1152
1154
1156
1162
1163
1170
1171
1172
1173
1176
1178
1182
1185
1186
1187
1192
1195
1197
1201
1207
1209
1215
1216
1217
1218
1219
1221
1225
1228
1230
1232
1233
1234
1236
1237
1239
1240
1244
1249
1251
1252
1255
1261
1266
1267
1268
1269
1271
1272
1273
1275
1276
1277
1278
1282
1283
1284
1286
1287
1292
1294
1296
1301
1306
1308
1309
1310
1311
1313
1314
1315
1320
1321
1323
1327
1332
1333
1334
1340
1341
1342
1347
1348
1349
1352
1355
1362
1363
1365
1368
1370
1373
1374
1376
1377
1381
1382
1383
1385
1386
1390
1393
1394
1397
1399
1401
1403
1405
1408
1411
1412
1414
1425
1428
1430
1431
1433
1438
1440
1441
1442
1443
1444
1447
1451
1453
1455
1456
1457
1458
1460
1462
1463
1466
1468
1470
1476
1478
1480
1481
1483
1485
1486
1487
1490
1491
1492
1493
1494
1496
1509
1512
1516
1521
1526
1529
1531
1532
1536
1540
1541
1542
1545
1546
1551
1553
1557
1559
1561
1562
1569
1572
1574
1576
1577
1578
1580
1582
1584
1585
1586
1587
1591
1594
1595
1598
1601
1607
1613
1617
1622
1624
1625
1629
1637
1638
1640
1641
1644
1646
1647
1650
1652
1653
1655
1657
1660
1665
1667
1670
1671
1673
1677
1678
1679
1682
1686
1687
1689
1690
1692
1693
1697
1698
1700
1702
1703
1707
1709
1710
1711
1715
1718
1719
1724
1725
1726
1728
1735
1737
1738
1739
1740
1743
1747
1748
1750
1751
1752
1756
1761
1763
1765
1766
1768
1771
1772
1774
1776
1778
1782
1783
1788
1792
1793
1794
1799
1801
1806
1807
1808
1812
1819
1820
1823
1825
1826
1827
1828
1831
1835
1836
1838
1839
1841
1843
1844
1845
1853
1855
1856
1861
1862
1863
1869
1875
1876
1878
1880
1883
1884
1885
1886
1899
1904
1905
1907
1922
1928
1929
1932
1933
1946
1948
1951
1955
1959
1960
1961
1966
1969
1971
1974
1977
1981
1983
1984
1985
1986
1989
1992
1997
2000
2002
2004
2007
2010
2012
2016
2019
2020
2021
2022
2026
2031
2033
2035
2036
2046
2048
2049
2051
2053
2054
2061
2066
2067
2069
2072
2075
2077
2078
2079
2081
2082
2083
2086
2094
2108
2117
2119
2123
2125
2126
2128
2129
2131
2132
2134
2141
2151
2153
2156
2157
2158
2161
2165
2166
2169
2172
2173
2174
2177
2178
2182
2183
2190
2191
2192
2194
2195
2199
2201
2203
2205
2210
2214
2216
2219
2222
2225
2226
2229
2230
2232
2235
2237
2238
2240
2245
2250
2263
2265
2267
2269
2279
2282
2285
2287
2295
2298
2303
2310
2313
2314
2315
2319
2322
2324
2326
2329
2334
2335
2336
2337
2338
2339
2342
2343
2346
2349
2351
2354
2355
2361
2364
2365
2367
2371
2377
2378
2393
2394
2396
2399
2400
2402
2405
2410
2415
2418
2421
2423
2425
2426
2427
2428
2431
2433
2435
2438
2441
2442
2447
2450
2458
2459
2461
2463
2465
2466
2467
2468
2469
2470
2471
2478
2479
2481
2482
2484
2487
2489
2494
2502
2503
2516
2517
2518
2523
2526
2528
2529
2532
2533
2534
2536
2541
2545
2546
2547
2550
2554
2562
2565
2567
2569
2576
2577
2578
2581
2582
2585
2587
2589
2593
2594
2595
2599
2601
2602
2607
2608
2609
2610
2618
2621
2623
2627
2632
2633
2636
2642
2643
2644
2646
2649
2650
2651
2655
2657
2658
2661
2664
2668
2673
2674
2676
2677
2680
2681
2682
2690
2691
2696
2697
2698
2701
2703
2704
2706
2707
2715
2716
2717
2718
2722
2723
2724
2731
2733
2736
2737
2740
2741
2743
2744
2746
2747
2748
2750
2751
2752
2756
2757
2760
2763
2764
2766
2767
2768
2769
2770
2776
2781
2787
2788
2789
2790
2795
2796
2797
2803
2804
2807
2809
2812
2813
2814
2818
2820
2824
2826
2828
2834
2838
2841
2842
2844
2847
2850
2852
2853
2854
2855
2858
2861
2865
2866
2868
2870
2882
2887
2888
2890
2891
2893
2894
2900
2901
2908
2909
2912
2913
2914
2915
2917
2923
2936
2941
2947
2952
2953
2954
2959
2960
2961
2966
2968
2969
2978
2981
2984
2989
2990
3005
3006
3008
3015
3019
3020
3023
3024
3027
3028
3029
3031
3039
3043
3044
3045
3059
3060
3061
3063
3069
3070
3078
3080
3083
3084
3087
3093
3103
3109
3110
3111
3112
3123
3124
3130
3139
3140
3143
3147
3151
3158
3160
3164
3165
3167
3169
3171
3172
3178
3188
3189
3191
3193
3194
3203
3206
3208
3209
3210
3211
3214
3217
3218
3220
3221
3224
3230
3233
3236
3239
3240
3242
3247
3249
3253
3263
3264
3266
3268
3269
3273
3274
3275
3281
3283
3284
3286
3294
3295
3309
3310
3311
3312
3318
3320
3324
3325
3327
3329
3330
3332
3338
3339
3340
3342
3343
3344
3355
3356
3359
3361
3366
3378
3381
3382
3385
3386
3387
3390
3391
3393
3395
3397
3399
3404
3406
3411
3415
3417
3419
3420
3428
3434
3435
3438
3439
3441
3446
3447
3448
3452
3456
3461
3463
3468
3469
3470
3471
3479
3480
3482
3487
3493
3494
3495
3498
3504
3508
3511
3515
3516
3520
3521
3526
3527
3528
3534
3545
3546
3552
3553
3554
3557
3559
3560
3562
3563
3570
3574
3578
3581
3583
3584
3595
3596
3601
3602
3608
3611
3612
3615
3617
3621
3628
3629
3634
3637
3639
3640
3644
3645
3646
3650
3654
3657
3664
3666
3668
3675
3680
3681
3682
3692
3694
3696
3698
3700
3710
3711
3715
3716
3721
3725
3726
3729
3731
3737
3738
3739
3742
3743
3747
3751
3753
3761
3762
3764
3765
3766
3772
3777
3784
3785
3787
3788
3789
3791
3795
3796
3798
3800
3801
3803
3821
3822
3823
3829
3835
3846
3847
3852
3857
3858
3859
3864
3870
3872
3875
3876
3877
3886
3887
3891
3892
3893
3895
3896
3900
3901
3903
3906
3912
3914
3916
3917
3922
3928
3932
3934
3935
3940
3941
3943
3946
3953
3954
3959
3961
3963
3964
3965
3968
3970
3972
3973
3976
3977
3997
3998
4002
4023
4029
4032
4034
4043
4044
4047
4049
4054
4059
4070
4072
4073
4083
4095
4101
4103
4105
4111
4125
4135
4136
4144
4147
4148
4156
4157
4168
4170
4171
4175
4176
4179
4183
4185
4186
4190
4191
4193
4197
4206
4213
4217
4226
4232
4241
4243
4250
4252
4260
4263
4271
4272
4274
4285
4296
4300
4306
4307
4308
4310
4328
4331
4332
4341
4343
4345
4352
4355
4357
4365
4368
4372
4380
4381
4383
4389
4394
4398
4399
4401
4406
4409
4412
4416
4427
4431
4439
4440
4443
4444
4447
4450
4451
4456
4458
4459
4463
4464
4471
4476
4478
4482
4489
4496
4499
4508
4520
4525
4530
4549
4552
4555
4556
4564
4568
4583
4593
4594
4599
4611
4623
4631
4632
4648
4657
4660
4662
4663
4665
4673
4675
4683
4691
4696
4697
4703
4704
4707
4708
4710
4714
4728
4730
4731
4742
4745
4747
4758
4764
4766
4771
4773
4774
4777
4782
4783
4786
4797
4802
4804
4806
4809
4811
4819
4821
4823
4827
4830
4835
4839
4846
4864
4868
4876
4888
4894
4897
4899
4914
4915
4917
4919
4926
4927
4935
4936
4937
4938
4943
4947
4950
4955
4965
4969
4973
4975
4992
4996
4997
5000
5001
5002
5013
5018
5020
5023
5026
5034
5035
5036
5037
5040
5041
5047
5049
5050
5053
5054
5060
5062
5067
5068
5070
5077
5079
5080
5081
5085
5087
5091
5094
5096
5099
5103
5107
5108
5114
5115
5117
5123
5124
5125
5128
5130
5131
5133
5134
5136
5137
5142
5145
5147
5148
5150
5154
5155
5157
5165
5166
5167
5169
5170
5172
5173
5174
5175
5177
5179
5181
5182
5184
5187
5191
5192
5194
5197
5198
5200
5201
5203
5204
5205
5207
5208
5209
5210
5216
5218
5221
5222
5224
5226
5230
5231
5232
5234
5238
5239
5244
5245
5246
5247
5248
5250
5251
5254
5256
5257
5264
5267
5269
5273
5277
5282
5284
5286
5287
5289
5290
5292
5293
5303
5304
5306
5308
5311
5315
5326
5327
5332
5336
5342
5343
5346
5349
5350
5356
5361
5365
5371
5376
5384
5385
5386
5404
5409
5412
5415
5416
5420
5433
5435
5437
5438
5442
5445
5447
5448
5450
5452
5465
5467
5468
5474
5475
5477
5482
5491
5495
5504
5507
5508
5512
5522
5524
5525
5527
5528
5529
5532
5534
5536
5540
5541
5546
5547
5548
5549
5551
5552
5555
5556
5557
5558
5560
5561
5563
5566
5567
5572
5573
5575
5580
5583
5587
5588
5589
5592
5593
5596
5597
5603
5605
5606
5607
5609
5610
5611
5612
5614
5615
5616
5619
5621
5622
5623
5624
5625
5626
5628
5634
5635
5636
5637
5641
5643
5644
5645
5646
5649
5653
5655
5657
5659
5660
5662
5664
5665
5668
5669
5671
5672
5673
5674
5679
5680
5681
5682
5686
5688
5689
5690
5693
5695
5697
5705
5706
5709
5714
5715
5716
5718
5719
5720
5723
5724
5727
5729
5733
5735
5738
5739
5743
5747
5748
5750
5753
5754
5755
5756
5761
5770
5773
5774
5776
5778
5782
5787
5789
5791
5792
5793
5796
5799
5800
5801
5802
5804
5805
5807
5812
5815
5816
5817
5818
5819
5820
5823
5824
5825
5826
5827
5828
5829
5830
5831
5832
5835
5837
5838
5839
5841
5844
5851
5852
5857
5863
5864
5865
5867
5869
5878
5881
5883
5887
5888
5889
5890
5892
5894
5895
5896
5897
5899
5901
5902
5908
5910
5912
5913
5914
5915
5919
5920
5921
5925
5926
5928
5933
5934
5936
5937
5942
5944
5948
5949
5950
5951
5954
5956
5957
5959
5961
5963
5964
5965
5966
5968
5972
5976
5977
5979
5980
5982
5986
5987
5989
5990
5991
6000
6009
6011
6012
6016
6019
6020
6023
6031
6033
6035
6036
6037
6038
6039
6040
6042
6043
6047
6049
6053
6056
6057
6058
6061
6064
6066
6071
6072
6076
6080
6082
6088
6091
6092
6094
6095
6098
6103
6108
6119
6120
6123
6124
6126
6130
6135
6138
6150
6151
6152
6156
6160
6161
6166
6170
6177
6178
6184
6185
6190
6193
6195
6196
6198
6202
6203
6204
6205
6208
6209
6221
6222
6225
6230
6231
6240
6242
6243
6246
6248
6250
6251
6252
6255
6257
6263
6266
6267
6278
6282
6283
6285
6297
6300
6302
6306
6307
6309
6313
6316
6325
6326
6331
6332
6334
6342
6346
6347
6349
6353
6355
6357
6361
6362
6363
6365
6367
6370
6379
6381
6382
6391
6399
6402
6404
6408
6418
6422
6423
6435
6437
6440
6442
6447
6449
6452
6457
6467
6468
6470
6471
6472
6473
6474
6476
6477
6478
6491
6492
6494
6497
6501
6502
6505
6506
6509
6511
6512
6513
6514
6517
6523
6527
6530
6531
6532
6533
6537
6540
6545
6547
6554
6556
6561
6562
6563
6568
6569
6572
6573
6574
6576
6578
6579
6582
6586
6588
6589
6591
6594
6597
6599
6601
6603
6604
6609
6618
6622
6625
6626
6630
6631
6633
6635
6638
6642
6643
6644
6645
6646
6647
6649
6651
6652
6654
6658
6659
6660
6666
6667
6671
6673
6677
6678
6682
6683
6684
6686
6689
6691
6692
6694
6695
6696
6698
6701
6703
6707
6709
6711
6716
6719
6721
6723
6730
6731
6738
6740
6744
6746
6748
6749
6750
6753
6756
6757
6758
6761
6766
6768
6771
6772
6773
6774
6775
6776
6779
6782
6784
6785
6788
6790
6791
6792
6793
6797
6798
6803
6804
6805
6809
6811
6814
6815
6820
6821
6824
6828
6829
6830
6837
6840
6841
6846
6847
6848
6851
6852
6856
6858
6862
6864
6866
6868
6871
6872
6874
6884
6885
6886
6887
6888
6890
6893
6900
6902
6903
6906
6908
6909
6910
6911
6912
6917
6919
6921
6922
6923
6925
6928
6929
6930
6931
6932
6933
6935
6938
6944
6947
6950
6951
6953
6954
6958
6961
6962
6966
6970
6971
6973
6974
6975
6976
6978
6980
6981
6984
6987
6989
6990
6991
6993
6996
6998
6999
7001
7004
7005
7006
7015
7019
7026
7034
7047
7049
7051
7057
7059
7062
7063
7071
7072
7078
7080
7088
7102
7112
7117
7119
7121
7122
7123
7128
7144
7145
7150
7154
7157
7158
7162
7163
7166
7169
7173
7174
7181
7186
7196
7197
7200
7201
7206
7214
7219
7238
7240
7246
7248
7253
7255
7260
7264
7268
7278
7279
7280
7281
7283
7287
7296
7300
7301
7304
7317
7318
7326
7333
7341
7351
7353
7354
7360
7366
7374
7376
7385
7397
7399
7401
7404
7411
7414
7415
7419
7422
7425
7429
7434
7435
7437
7439
7441
7446
7449
7451
7452
7453
7458
7464
7466
7470
7472
7474
7475
7479
7483
7491
7494
7496
7497
7498
7500
7501
7504
7507
7514
7517
7523
7526
7528
7538
7539
7540
7541
7550
7551
7552
7555
7559
7563
7568
7572
7575
7581
7584
7586
7588
7589
7596
7599
7604
7611
7615
7616
7621
7625
7628
7629
7633
7638
7642
7657
7662
7671
7674
7675
7677
7680
7688
7696
7701
7703
7704
7709
7714
7728
7736
7740
7745
7752
7756
7760
7762
7765
7784
7789
7799
7800
7805
7810
7814
7816
7818
7819
7821
7823
7828
7830
7844
7845
7848
7851
7853
7855
7856
7857
7868
7885
7886
7888
7889
7891
7897
7905
7906
7907
7912
7916
7917
7923
7928
7941
7946
7955
7958
7961
7962
7963
7964
7968
7972
7977
7981
7989
7990
7992
7999
8003
8006
8010
8014
8015
8016
8020
8021
8033
8036
8037
8048
8050
8058
8060
8063
8080
8081
8082
8086
8089
8092
8096
8098
8100
8103
8104
8106
8108
8109
8112
8113
8114
8115
8129
8133
8135
8140
8159
8164
8171
8172
8173
8178
8181
8184
8185
8186
8187
8189
8199
8200
8205
8207
8212
8214
8219
8223
8227
8232
8233
8235
8242
8250
8254
8255
8256
8257
8258
8267
8268
8269
8272
8273
8274
8276
8278
8282
8286
8287
8290
8294
8296
8300
8302
8306
8312
8318
8321
8327
8329
8333
8340
8341
8342
8344
8346
8353
8363
8364
8368
8371
8379
8393
8395
8396
8413
8417
8418
8420
8421
8429
8434
8436
8437
8441
8443
8447
8448
8450
8460
8469
8477
8478
8489
8496
8500
8502
8503
8516
8518
8523
8524
8528
8529
8535
8544
8546
8550
8553
8554
8560
8562
8565
8569
8577
8578
8583
8586
8588
8589
8593
8594
8595
8597
8598
8599
8600
8602
8603
8615
8624
8629
8636
8637
8642
8649
8656
8658
8665
8667
8668
8679
8680
8690
8692
8693
8698
8706
8709
8716
8717
8719
8721
8722
8725
8730
8731
8741
8745
8748
8753
8761
8764
8767
8772
8782
8790
8797
8813
8819
8825
8829
8839
8842
8844
8847
8850
8852
8854
8857
8861
8862
8864
8870
8872
8874
8883
8884
8886
8892
8898
8904
8905
8908
8909
8911
8915
8921
8923
8926
8928
8929
8932
8933
8935
8936
8939
8941
8942
8948
8952
8954
8956
8960
8967
8968
8969
8970
8975
8979
8982
8984
8986
8987
8989
8990
8993
8999
9001
9002
9005
9007
9009
9010
9018
9019
9020
9023
9025
9026
9028
9029
9031
9033
9035
9039
9044
9055
9062
9067
9074
9077
9078
9080
9086
9100
9104
9107
9108
9110
9112
9119
9122
9125
9131
9135
9139
9141
9142
9146
9148
9150
9153
9154
9155
9160
9161
9163
9164
9165
9168
9170
9171
9175
9181
9182
9183
9184
9186
9192
9195
9196
9208
9209
9211
9212
9223
9226
9232
9240
9245
9246
9253
9257
9261
9263
9266
9271
9272
9283
9292
9298
9302
9304
9309
9312
9313
9315
9327
9337
9338
9339
9340
9345
9346
9361
9363
9378
9381
9383
9385
9386
9399
9401
9402
9403
9405
9412
9417
9418
9425
9428
9429
9443
9448
9449
9451
9452
9456
9464
9473
9477
9481
9484
9485
9486
9488
9491
9495
9505
9510
9514
9519
9522
9523
9526
9530
9533
9534
9536
9544
9547
9551
9560
9571
9573
9574
9575
9578
9586
9590
9594
9595
9597
9605
9607
9608
9609
9611
9612
9613
9614
9617
9625
9626
9628
9630
9640
9643
9645
9648
9654
9657
9665
9667
9672
9674
9676
9678
9679
9681
9682
9685
9689
9694
9696
9699
9700
9701
9704
9705
9708
9709
9712
9717
9721
9723
9726
9728
9729
9742
9745
9754
9755
9757
9760
9770
9778
9780
9796
9801
9802
9805
9807
9808
9813
9815
9820
9822
9823
9824
9825
9828
9831
9836
9838
9841
9843
9844
9848
9853
9855
9856
9868
9871
9879
9887
9889
9892
9898
9908
9912
9917
9920
9922
9926
9931
9937
9938
9939
9942
9943
9951
9952
9963
9964
9968
9972
9977
9979
9980
9995
10004
10006
10009
10012
10021
10026
10035
10039
10041
10043
10054
10057
10069
10072
10076
10081
10082
10083
10084
10094
10105
10106
10113
10116
10125
10133
10136
10141
10148
10151
10152
10155
10159
10164
10166
10186
10191
10200
10204
10211
10237
10262
10271
10282
10285
10291
10295
10301
10308
10310
10316
10335
10341
10348
10349
10350
10354
10356
10357
10368
10369
10374
10376
10378
10382
10385
10398
10403
10418
10419
10422
10427
10428
10444
10447
10448
10455
10477
10480
10496
10500
10502
10506
10507
10508
10512
10514
10516
10517
10524
10527
10529
10533
10536
10542
10546
10549
10550
10555
10557
10560
10565
10575
10576
10578
10579
10580
10581
10582
10585
10586
10593
10594
10597
10600
10602
10606
10607
10612
10614
10623
10626
10633
10635
10639
10642
10643
10644
10647
10649
10652
10660
10661
10663
10668
10672
10673
10675
10679
10681
10682
10687
10688
10689
10692
10694
10697
10707
10708
10710
10711
10713
10714
10716
10719
10720
10732
10734
10737
10738
10742
10743
10746
10748
10752
10763
10765
10768
10774
10775
10777
10780
10790
10792
10795
10797
10803
10804
10808
10810
10811
10815
10818
10825
10826
10831
10836
10839
10840
10841
10843
10845
10848
10849
10851
10858
10859
10869
10870
10871
10876
10878
10881
10882
10884
10890
10891
10895
10896
10897
10901
10909
10912
10933
10938
10939
10945
10953
10959
10960
10961
10964
10965
10968
10969
10971
10975
10978
10982
10985
10989
10991
10993
10998
11003
11004
11005
11008
11010
11011
11013
11020
11028
11032
11033
11039
11047
11048
11049
11058
11062
11068
11070
11081
11084
11089
11091
11102
11105
11107
11121
11123
11132
11133
11139
11142
11157
11172
11174
11176
11178
11181
11184
11185
11186
11187
11194
11196
11201
11208
11209
11228
11239
11243
11249
11256
11258
11267
11276
11278
11283
11288
11304
11316
11323
11335
11336
11339
11343
11349
11359
11360
11361
11363
11372
11380
11382
11391
11395
11397
11404
11407
11409
11414
11420
11421
11424
11430
11433
11436
11441
11449
11460
11469
11473
11475
11477
11481
11491
11498
11504
11507
11511
11512
11516
11517
11522
11523
11524
11526
11529
11533
11541
11544
11545
11550
11551
11552
11555
11557
11560
11561
11565
11567
11568
11570
11576
11578
11581
11582
11597
11605
11607
11611
11613
11623
11625
11627
11628
11633
11636
11637
11643
11645
11649
11651
11652
11656
11658
11659
11661
11662
11668
11671
11673
11675
11679
11681
11688
11690
11694
11697
11699
11705
11706
11707
11711
11713
11722
11723
11728
11731
11732
11733
11735
11737
11739
11740
11741
11745
11750
11751
11755
11756
11759
11763
11764
11768
11769
11771
11772
11775
11778
11780
11789
11790
11793
11800
11805
11808
11810
11812
11814
11818
11819
11827
11829
11832
11833
11843
11846
11848
11856
11858
11862
11864
11866
11868
11870
11872
11873
11876
11878
11879
11882
11884
11885
11886
11888
11894
11898
11899
11904
11905
11906
11907
11911
11912
11913
11918
11922
11925
11935
11938
11939
11940
11943
11944
11945
11946
11949
11951
11953
11958
11963
11964
11969
11970
11971
11973
11977
11979
11981
11982
11988
11989
11995
11996
12015
12018
12020
12023
12027
12032
12033
12039
12041
12058
12071
12078
12079
12080
12084
12085
12088
12104
12109
12115
12123
12124
12126
12130
12131
12147
12149
12150
12154
12177
12181
12187
12191
12197
12199
12200
12206
12208
12215
12216
12217
12221
12222
12230
12232
12240
12242
12256
12266
12272
12279
12283
12285
12286
12290
12311
12313
12318
12319
12323
12324
12325
12329
12340
12344
12360
12368
12370
12372
12379
12390
12391
12393
12396
12398
12414
12415
12417
12419
12423
12428
12433
12453
12455
12458
12467
12473
12478
12480
12481
12484
12485
12491
12497
12498
12500
12506
12511
12523
12524
12526
12527
12529
12532
12533
12536
12540
12541
12544
12545
12548
12552
12553
12555
12561
12565
12567
12570
12574
12575
12576
12579
12580
12582
12589
12595
12597
12600
12603
12616
12617
12623
12627
12635
12641
12646
12647
12650
12653
12654
12655
12656
12659
12665
12667
12669
12673
12675
12677
12682
12683
12684
12686
12687
12688
12694
12695
12696
12697
12698
12701
12708
12716
12719
12731
12732
12733
12735
12738
12740
12742
12747
12749
12752
12754
12758
12761
12768
12771
12774
12778
12784
12790
12795
12797
12798
12802
12807
12808
12813
12814
12822
12825
12827
12829
12832
12834
12835
12836
12843
12849
12853
12854
12857
12862
12864
12867
12870
12877
12886
12888
12889
12892
12896
12897
12898
12904
12907
12908
12913
12919
12920
12922
12929
12930
12932
12936
12938
12940
12945
12946
12947
12950
12955
12967
12968
12969
12970
12975
12982
12984
12987
12998
13006
13009
13010
13013
13015
13017
13019
13022
13023
13024
13028
13032
13038
13041
13044
13051
13055
13056
13057
13061
13062
13063
13066
13071
13077
13078
13080
13082
13083
13087
13090
13093
13096
13098
13104
13107
13112
13113
13114
13116
13117
13125
13129
13133
13134
13135
13137
13143
13146
13148
13152
13153
13159
13162
13163
13164
13166
13167
13169
13170
13173
13175
13176
13177
13185
13200
13203
13208
13210
13212
13225
13231
13234
13235
13240
13244
13247
13249
13252
13253
13258
13260
13261
13263
13266
13268
13271
13274
13278
13280
13283
13286
13287
13290
13296
13298
13299
13316
13324
13328
13330
13331
13332
13333
13339
13341
13343
13347
13348
13351
13352
13354
13356
13359
13360
13361
13368
13371
13377
13383
13388
13390
13391
13397
13407
13409
13415
13419
13421
13422
13423
13424
13431
13436
13439
13440
13442
13448
13450
13455
13464
13472
13474
13475
13484
13496
13499
13500
13501
13505
13509
13511
13515
13516
13517
13519
13524
13527
13533
13534
13537
13541
13544
13545
13547
13548
13551
13552
13553
13554
13556
13558
13561
13562
13563
13564
13566
13568
13572
13575
13579
13582
13584
13586
13591
13592
13594
13597
13602
13603
13608
13609
13613
13615
13617
13618
13619
13620
13621
13622
13625
13627
13629
13631
13633
13635
13639
13641
13643
13646
13647
13654
13656
13658
13659
13660
13663
13665
13669
13670
13677
13678
13679
13681
13682
13684
13685
13686
13689
13690
13691
13692
13693
13694
13695
13697
13704
13705
13706
13710
13713
13722
13731
13732
13735
13736
13739
13743
13746
13747
13753
13755
13757
13764
13767
13769
13770
13772
13773
13776
13781
13782
13783
13788
13792
13794
13796
13797
13798
13799
13802
13804
13809
13811
13812
13814
13815
13816
13817
13818
13821
13823
13825
13829
13835
13838
13841
13847
13849
13850
13851
13853
13854
13857
13858
13860
13863
13867
13870
13874
13875
13876
13878
13891
13892
13896
13899
13906
13907
13911
13914
13917
13921
13922
13923
13924
13926
13927
13931
13932
13934
13935
13938
13941
13942
13943
13949
13954
13955
13958
13961
13962
13963
13967
13969
13977
13978
13981
13983
13986
13988
13989
13991
13993
13996
13997
13998
13999
14003
14018
14021
14022
14026
14029
14041
14055
14056
14058
14064
14085
14091
14092
14104
14105
14106
14107
14111
14128
14131
14133
14135
14137
14144
14148
14150
14157
14162
14165
14167
14175
14177
14182
14188
14190
14194
14196
14201
14206
14226
14229
14248
14251
14260
14267
14278
14281
14282
14292
14302
14303
14310
14316
14321
14331
14333
14344
14358
14360
14371
14375
14380
14394
14398
14399
14400
14402
14403
14409
14415
14416
14423
14425
14426
14435
14436
14439
14448
14453
14454
14463
14468
14469
14479
14482
14486
14490
14504
14518
14519
14521
14531
14534
14537
14548
14558
14560
14561
14571
14582
14583
14588
14590
14592
14603
14627
14645
14649
14658
14665
14668
14669
14672
14691
14695
14699
14710
14718
14725
14736
14746
14753
14768
14775
14779
14781
14787
14799
14802
14814
14820
14837
14840
14848
14850
14851
14854
14857
14861
14865
14877
14879
14890
14893
14903
14909
14913
14916
14917
14920
14922
14926
14943
14944
14948
14951
14959
14960
14963
14965
14972
14978
14993
14995
14998
15002
15003
15005
15008
15012
15013
15015
15016
15018
15020
15022
15023
15028
15029
15034
15036
15039
15042
15045
15046
15047
15048
15050
15051
15056
15057
15059
15060
15061
15063
15064
15065
15066
15069
15070
15071
15074
15075
15076
15078
15080
15081
15085
15087
15089
15091
15092
15094
15095
15096
15097
15098
15100
15101
15103
15105
15106
15107
15108
15109
15110
15111
15113
15117
15118
15119
15120
15121
15123
15125
15130
15131
15134
15135
15138
15140
15141
15142
15145
15147
15151
15152
15153
15155
15159
15162
15164
15167
15168
15169
15173
15175
15177
15178
15179
15180
15182
15185
15188
15197
15198
15201
15202
15205
15207
15211
15214
15215
15217
15218
15220
15221
15223
15225
15229
15232
15236
15237
15238
15239
15242
15243
15247
15248
15252
15256
15257
15258
15263
15270
15273
15275
15280
15281
15283
15287
15288
15289
15292
15293
15294
15296
15298
15299
15300
15301
15304
15309
15310
15313
15315
15316
15317
15321
15322
15323
15324
15326
15327
15328
15330
15332
15333
15335
15337
15339
15340
15341
15342
15344
15345
15346
15348
15350
15351
15352
15353
15354
15356
15361
15365
15367
15372
15373
15374
15378
15384
15386
15392
15396
15398
15400
15401
15403
15405
15407
15409
15411
15413
15420
15423
15426
15428
15435
15438
15440
15441
15447
15449
15451
15455
15456
15458
15459
15461
15467
15468
15469
15471
15480
15482
15483
15485
15489
15490
15493
15494
15496
15497
15498
15505
15508
15509
15513
15524
15525
15526
15527
15539
15541
15543
15545
15546
15551
15566
15572
15580
15583
15585
15587
15588
15592
15595
15596
15597
15598
15602
15604
15606
15608
15609
15612
15615
15619
15622
15627
15644
15645
15646
15649
15650
15656
15657
15661
15664
15667
15670
15672
15676
15680
15681
15683
15685
15687
15688
15694
15697
15699
15700
15702
15709
15720
15722
15727
15729
15732
15735
15738
15741
15747
15751
15756
15763
15770
15771
15772
15775
15777
15780
15788
15796
15806
15807
15808
15812
15819
15820
15822
15823
15825
15830
15831
15834
15838
15841
15843
15850
15851
15856
15857
15858
15866
15874
15875
15880
15884
15885
15887
15889
15890
15894
15903
15905
15906
15907
15908
15914
15917
15919
15920
15923
15925
15926
15928
15930
15932
15933
15934
15939
15940
15941
15944
15956
15958
15962
15967
15969
15970
15974
15975
15976
15978
15979
15980
15981
15994
15996
16002
16005
16010
16016
16020
16021
16022
16024
16025
16027
16029
16031
16032
16041
16042
16043
16047
16059
16063
16068
16070
16071
16072
16074
16077
16078
16095
16096
16100
16105
16107
16113
16114
16121
16122
16124
16129
16130
16135
16137
16138
16152
16153
16159
16160
16161
16164
16166
16169
16184
16185
16189
16196
16203
16206
16207
16209
16210
16216
16217
16218
16219
16220
16222
16231
16238
16243
16257
16268
16276
16278
16280
16288
16293
16294
16296
16297
16298
16299
16300
16301
16306
16310
16317
16324
16326
16329
16337
16340
16354
16359
16362
16365
16375
16381
16386
16401
16410
16412
16416
16425
16432
16433
16437
16440
16441
16442
16444
16454
16456
16458
16469
16472
16473
16474
16475
16476
16477
16483
16491
16497
16501
16508
16509
16515
16519
16520
16521
16523
16527
16535
16536
16541
16542
16544
16545
16546
16548
16549
16552
16555
16556
16558
16559
16562
16563
16566
16572
16573
16576
16577
16581
16582
16586
16588
16589
16594
16596
16598
16600
16605
16606
16610
16620
16622
16626
16628
16634
16636
16637
16639
16642
16656
16660
16662
16664
16666
16667
16668
16671
16684
16685
16686
16687
16691
16694
16696
16699
16701
16704
16709
16710
16712
16714
16715
16716
16720
16722
16724
16726
16727
16730
16731
16733
16736
16738
16739
16740
16744
16746
16750
16751
16754
16758
16763
16764
16767
16769
16770
16776
16777
16779
16781
16783
16784
16786
16787
16790
16792
16800
16801
16805
16808
16810
16811
16812
16816
16820
16826
16834
16836
16837
16845
16846
16847
16855
16856
16857
16860
16861
16863
16866
16867
16870
16871
16873
16876
16878
16879
16880
16884
16885
16886
16891
16893
16896
16898
16903
16904
16908
16913
16916
16917
16920
16924
16927
16929
16933
16936
16941
16946
16949
16955
16957
16962
16963
16964
16966
16973
16975
16977
16978
16979
16986
16989
16990
16992
16994
17002
17005
17006
17007
17010
17011
17017
17024
17030
17031
17038
17041
17043
17050
17052
17059
17064
17065
17067
17071
17077
17079
17085
17090
17094
17095
17103
17108
17113
17114
17115
17120
17121
17122
17128
17136
17141
17142
17147
17152
17156
17160
17168
17170
17172
17173
17177
17183
17187
17188
17189
17191
17195
17198
17199
17205
17210
17211
17227
17228
17231
17232
17241
17243
17248
17253
17254
17259
17263
17266
17277
17284
17293
17295
17298
17300
17304
17310
17313
17316
17321
17330
17331
17337
17340
17342
17347
17352
17357
17371
17373
17374
17377
17378
17379
17391
17394
17402
17404
17406
17409
17415
17418
17419
17423
17428
17430
17431
17432
17433
17439
17442
17449
17451
17454
17455
17461
17465
17470
17472
17473
17477
17485
17486
17494
17499
17501
17502
17503
17505
17507
17508
17509
17512
17513
17515
17516
17517
17519
17520
17523
17524
17525
17526
17528
17529
17532
17535
17536
17537
17540
17541
17543
17544
17547
17548
17549
17551
17554
17555
17556
17558
17561
17563
17564
17565
17567
17568
17571
17573
17575
17578
17580
17582
17584
17585
17588
17590
17592
17593
17595
17598
17600
17601
17603
17604
17605
17607
17608
17609
17610
17612
17613
17614
17619
17620
17621
17624
17625
17630
17631
17632
17634
17635
17636
17638
17639
17643
17646
17647
17649
17651
17652
17653
17654
17655
17656
17658
17659
17661
17671
17672
17674
17675
17676
17680
17681
17683
17684
17685
17687
17689
17691
17692
17693
17695
17697
17698
17699
17700
17701
17703
17705
17706
17708
17709
17711
17713
17714
17717
17718
17719
17721
17722
17723
17724
17725
17726
17727
17728
17729
17730
17732
17733
17734
17737
17738
17739
17740
17741
17743
17745
17746
17747
17749
17751
17752
17753
17754
17755
17756
17757
17760
17762
17763
17764
17765
17766
17767
17769
17772
17773
17774
17776
17777
17778
17780
17783
17784
17785
17787
17788
17789
17790
17792
17793
17794
17795
17797
17800
17802
17803
17804
17807
17808
17809
17811
17813
17814
17815
17816
17817
17819
17820
17823
17824
17825
17826
17827
17828
17830
17831
17832
17834
17838
17840
17841
17844
17847
17850
17851
17852
17855
17859
17862
17863
17868
17870
17871
17872
17873
17875
17876
17877
17880
17882
17885
17889
17892
17894
17896
17897
17898
17900
17901
17903
17904
17906
17907
17911
17913
17914
17916
17917
17918
17919
17920
17923
17924
17926
17927
17929
17930
17933
17934
17935
17937
17938
17939
17941
17942
17944
17946
17947
17951
17952
17953
17956
17959
17963
17967
17968
17969
17970
17971
17972
17975
17976
17977
17978
17984
17985
17987
17989
17990
17991
17993
17994
17997
17998
18008
18014
18019
18030
18036
18040
18045
18049
18053
18058
18060
18061
18068
18070
18072
18074
18078
18082
18083
18085
18086
18090
18092
18095
18096
18097
18099
18104
18107
18113
18119
18123
18125
18129
18135
18140
18142
18146
18151
18152
18159
18169
18176
18177
18178
18179
18187
18200
18202
18217
18222
18223
18245
18246
18249
18259
18265
18266
18267
18268
18270
18271
18276
18277
18285
18289
18291
18294
18303
18304
18314
18319
18323
18336
18337
18338
18341
18342
18345
18347
18348
18350
18351
18353
18357
18371
18377
18378
18380
18384
18385
18396
18397
18407
18412
18414
18417
18418
18426
18427
18428
18430
18433
18435
18441
18442
18455
18456
18458
18460
18462
18468
18469
18479
18486
18487
18489
18492
18493
18496
18499
18502
18506
18512
18514
18515
18518
18521
18525
18528
18533
18534
18540
18542
18544
18545
18547
18550
18551
18552
18556
18557
18559
18570
18571
18572
18577
18581
18582
18583
18588
18589
18592
18597
18598
18599
18602
18606
18609
18612
18613
18616
18617
18621
18623
18625
18626
18627
18631
18632
18633
18634
18636
18637
18639
18640
18641
18645
18646
18651
18653
18654
18656
18657
18658
18659
18660
18663
18667
18668
18670
18675
18681
18686
18691
18694
18696
18700
18701
18703
18705
18706
18707
18711
18714
18715
18717
18718
18721
18722
18726
18727
18732
18736
18737
18739
18745
18746
18748
18752
18753
18754
18755
18762
18771
18772
18781
18782
18784
18786
18792
18793
18794
18795
18797
18803
18809
18814
18815
18816
18819
18821
18824
18826
18830
18831
18833
18838
18840
18841
18845
18847
18850
18852
18855
18869
18870
18872
18878
18879
18881
18887
18889
18890
18894
18895
18897
18903
18907
18908
18911
18915
18917
18918
18919
18920
18921
18924
18927
18930
18931
18941
18945
18949
18950
18951
18952
18953
18954
18956
18958
18962
18966
18971
18972
18973
18974
18979
18982
18983
18986
18988
19003
19006
19009
19010
19013
19016
19019
19020
19024
19025
19026
19028
19031
19032
19035
19036
19037
19041
19046
19047
19048
19062
19063
19065
19070
19072
19079
19081
19085
19089
19092
19098
19099
19100
19101
19116
19117
19119
19120
19121
19122
19125
19128
19129
19130
19131
19132
19133
19144
19145
19148
19149
19154
19155
19159
19161
19163
19165
19166
19168
19169
19178
19181
19183
19185
19188
19190
19192
19195
19197
19198
19202
19203
19204
19208
19216
19219
19220
19225
19229
19233
19236
19238
19239
19240
19242
19245
19246
19249
19250
19251
19258
19259
19265
19266
19267
19268
19275
19276
19277
19278
19280
19282
19284
19287
19289
19291
19292
19294
19296
19301
19306
19308
19310
19318
19320
19321
19323
19324
19326
19328
19329
19333
19334
19336
19339
19342
19343
19346
19352
19355
19356
19359
19360
19369
19377
19378
19380
19381
19384
19390
19392
19395
19399
19400
19403
19406
19408
19410
19412
19414
19415
19418
19420
19426
19430
19431
19432
19433
19436
19438
19443
19445
19446
19449
19453
19454
19458
19459
19460
19462
19464
19467
19468
19469
19472
19474
19475
19481
19492
19499
19502
19504
19516
19527
19534
19544
19555
19556
19563
19575
19581
19591
19596
19609
19613
19618
19625
19655
19662
19673
19681
19682
19691
19707
19719
19727
19728
19735
19738
19741
19752
19758
19760
19769
19783
19793
19795
19796
19799
19806
19808
19813
19817
19819
19845
19858
19869
19871
19885
19892
19894
19896
19902
19903
19907
19911
19920
19931
19932
19948
19965
19966
19975
19978
19980
19982
19983
19993
19998
20000
20004
20008
20009
20012
20014
20020
20024
20025
20036
20037
20038
20039
20040
20044
20057
20066
20068
20072
20073
20074
20085
20094
20097
20103
20104
20110
20111
20114
20116
20118
20122
20134
20141
20143
20144
20146
20148
20154
20156
20160
20162
20170
20174
20175
20177
20188
20189
20190
20193
20195
20196
20204
20205
20206
20210
20218
20227
20228
20231
20243
20251
20252
20257
20258
20268
20270
20274
20288
20293
20299
20302
20304
20307
20308
20316
20319
20324
20328
20335
20337
20340
20346
20350
20353
20356
20358
20384
20389
20391
20394
20399
20402
20411
20415
20419
20431
20435
20437
20444
20445
20450
20452
20454
20468
20471
20472
20475
20483
20485
20489
20492
20494
20497
20501
20515
20516
20517
20519
20520
20521
20525
20548
20549
20556
20563
20569
20582
20593
20607
20625
20628
20630
20637
20647
20668
20676
20680
20681
20687
20688
20694
20702
20708
20710
20715
20722
20733
20742
20750
20757
20761
20762
20766
20767
20768
20771
20776
20778
20779
20785
20786
20797
20800
20810
20814
20817
20825
20828
20831
20832
20843
20848
20849
20852
20853
20854
20860
20864
20866
20868
20878
20884
20885
20886
20892
20896
20905
20912
20918
20919
20930
20931
20939
20945
20950
20959
20971
20982
20985
20986
20988
20991
20998
21000
21002
21007
21008
21011
21013
21016
21018
21020
21025
21029
21039
21042
21046
21047
21052
21058
21059
21066
21068
21074
21077
21082
21090
21098
21099
21100
21105
21106
21109
21114
21117
21119
21122
21127
21130
21132
21134
21135
21142
21145
21149
21153
21160
21162
21163
21164
21165
21168
21176
21177
21183
21184
21187
21191
21194
21196
21200
21202
21224
21226
21228
21229
21236
21237
21238
21243
21254
21264
21265
21266
21269
21277
21278
21282
21283
21286
21287
21290
21293
21294
21295
21299
21306
21309
21310
21313
21323
21332
21333
21335
21336
21343
21344
21348
21350
21356
21362
21371
21373
21375
21381
21384
21386
21389
21390
21392
21402
21403
21404
21407
21410
21416
21417
21419
21420
21422
21428
21429
21432
21435
21442
21447
21455
21456
21458
21459
21470
21473
21475
21477
21479
21489
21492
21493
21496
21498
21499
21505
21509
21514
21515
21520
21524
21529
21533
21534
21536
21538
21542
21545
21547
21551
21552
21555
21559
21561
21562
21566
21572
21574
21586
21587
21591
21593
21597
21599
21605
21606
21612
21615
21616
21627
21630
21638
21643
21646
21648
21658
21660
21669
21670
21671
21676
21682
21685
21689
21694
21695
21698
21702
21708
21712
21721
21723
21725
21726
21738
21740
21741
21744
21747
21760
21761
21763
21765
21778
21787
21790
21794
21800
21810
21811
21812
21825
21826
21831
21835
21845
21849
21852
21857
21860
21866
21869
21874
21877
21879
21883
21884
21886
21887
21890
21892
21902
21906
21910
21912
21933
21936
21940
21941
21947
21952
21957
21962
21966
21969
21970
21973
21975
21976
21977
21980
21988
21994
21996
21999
22007
22012
22013
22015
22016
22017
22022
22028
22031
22032
22034
22038
22042
22044
22048
22050
22051
22053
22062
22065
22071
22073
22075
22076
22078
22079
22082
22083
22085
22091
22095
22098
22101
22102
22105
22106
22112
22113
22114
22116
22119
22122
22123
22128
22129
22133
22134
22136
22137
22141
22146
22149
22155
22160
22162
22166
22168
22169
22170
22172
22173
22174
22175
22176
22178
22179
22180
22185
22189
22195
22208
22214
22225
22227
22228
22229
22230
22232
22235
22236
22237
22247
22248
22252
22254
22255
22256
22261
22263
22266
22267
22269
22284
22285
22287
22290
22293
22296
22299
22304
22306
22309
22310
22311
22312
22314
22317
22319
22320
22323
22324
22325
22326
22331
22334
22341
22348
22358
22359
22366
22369
22370
22373
22374
22379
22383
22387
22389
22393
22400
22402
22405
22413
22417
22419
22421
22424
22425
22429
22439
22443
22445
22447
22455
22456
22459
22464
22471
22473
22485
22486
22490
22493
22496
22501
22504
22505
22508
22511
22515
22516
22518
22520
22523
22532
22538
22540
22543
22546
22549
22552
22556
22557
22561
22563
22565
22569
22572
22574
22576
22579
22581
22582
22585
22588
22590
22591
22592
22593
22594
22595
22596
22597
22600
22601
22604
22606
22609
22610
22611
22612
22614
22616
22618
22620
22622
22624
22631
22640
22641
22646
22648
22651
22652
22653
22655
22659
22660
22661
22662
22669
22671
22675
22680
22681
22683
22684
22687
22689
22692
22697
22698
22700
22702
22703
22704
22705
22706
22707
22712
22713
22717
22718
22720
22722
22730
22734
22739
22741
22747
22751
22753
22754
22759
22770
22771
22772
22773
22774
22779
22781
22783
22784
22789
22790
22801
22805
22809
22814
22816
22820
22821
22822
22823
22825
22829
22833
22834
22835
22837
22838
22841
22842
22843
22844
22845
22848
22849
22859
22860
22861
22865
22866
22867
22871
22873
22876
22877
22881
22885
22891
22893
22896
22898
22899
22900
22907
22912
22914
22918
22920
22925
22930
22934
22935
22936
22938
22942
22943
22945
22946
22948
22949
22951
22952
22953
22955
22958
22960
22963
22967
22972
22973
22975
22977
22978
22980
22982
22983
22989
22994
22995
22996
22997
22998
23001
23004
23008
23009
23010
23011
23014
23015
23017
23020
23022
23025
23027
23030
23032
23033
23038
23039
23040
23041
23042
23047
23049
23050
23052
23053
23054
23062
23064
23065
23067
23068
23070
23071
23074
23075
23076
23079
23080
23081
23082
23084
23087
23089
23091
23092
23096
23097
23100
23101
23106
23111
23112
23115
23116
23117
23119
23121
23123
23126
23127
23128
23132
23134
23135
23136
23137
23138
23139
23142
23143
23144
23146
23154
23156
23159
23169
23171
23173
23180
23181
23182
23183
23184
23188
23190
23194
23195
23196
23197
23198
23200
23202
23203
23204
23208
23211
23212
23214
23217
23223
23226
23230
23238
23240
23242
23244
23248
23251
23252
23253
23255
23256
23257
23261
23262
23265
23268
23272
23275
23279
23280
23281
23283
23287
23289
23290
23292
23294
23295
23299
23302
23303
23305
23307
23308
23311
23314
23315
23317
23318
23326
23330
23332
23333
23334
23336
23337
23340
23342
23349
23352
23353
23354
23355
23358
23361
23363
23364
23366
23369
23371
23374
23375
23381
23384
23385
23386
23387
23388
23395
23398
23400
23401
23402
23406
23409
23410
23411
23413
23414
23428
23430
23431
23434
23436
23437
23439
23443
23444
23447
23451
23458
23461
23464
23465
23466
23468
23469
23472
23475
23477
23479
23480
23481
23482
23483
23484
23486
23487
23495
23499
23502
23504
23505
23506
23508
23509
23511
23514
23515
23516
23517
23518
23519
23521
23523
23525
23527
23531
23534
23535
23536
23539
23540
23541
23542
23543
23545
23546
23547
23548
23550
23552
23555
23556
23557
23558
23559
23563
23565
23566
23569
23570
23571
23572
23573
23575
23580
23582
23584
23588
23589
23590
23592
23593
23595
23596
23597
23600
23602
23603
23604
23606
23607
23609
23611
23614
23615
23616
23618
23620
23626
23627
23628
23630
23632
23633
23637
23643
23644
23645
23646
23650
23651
23652
23654
23655
23658
23659
23660
23662
23664
23665
23668
23669
23672
23675
23677
23678
23679
23681
23684
23685
23687
23691
23692
23693
23694
23696
23702
23703
23704
23706
23711
23712
23715
23716
23718
23722
23724
23727
23736
23737
23738
23742
23747
23748
23749
23750
23751
23752
23756
23759
23760
23761
23762
23763
23764
23766
23770
23771
23772
23773
23777
23783
23784
23785
23786
23789
23791
23792
23796
23799
23802
23804
23806
23807
23811
23815
23818
23819
23823
23824
23825
23826
23834
23836
23837
23838
23841
23842
23846
23847
23849
23854
23856
23857
23859
23861
23863
23864
23870
23871
23875
23877
23878
23883
23889
23890
23891
23895
23896
23899
23900
23901
23902
23903
23904
23905
23906
23910
23912
23913
23917
23918
23919
23922
23923
23924
23926
23927
23928
23930
23931
23935
23937
23940
23942
23943
23945
23949
23951
23952
23953
23954
23955
23959
23963
23965
23966
23969
23970
23972
23975
23976
23977
23978
23979
23980
23983
23984
23985
23987
23988
23989
23991
23993
23996
23997
24000
24008
24009
24010
24013
24022
24030
24034
24050
24051
24061
24062
24066
24067
24068
24079
24085
24087
24089
24091
24096
24101
24105
24107
24108
24125
24132
24134
24138
24139
24141
24144
24147
24156
24157
24158
24165
24169
24171
24175
24183
24185
24186
24189
24190
24195
24196
24198
24199
24204
24205
24206
24208
24210
24213
24221
24222
24227
24237
24240
24246
24249
24259
24266
24272
24275
24277
24282
24283
24290
24292
24298
24301
24305
24322
24326
24328
24341
24347
24348
24349
24358
24368
24370
24375
24378
24379
24380
24383
24387
24401
24411
24415
24416
24418
24420
24423
24424
24426
24427
24429
24430
24432
24435
24436
24437
24445
24447
24452
24455
24456
24467
24468
24470
24475
24478
24480
24481
24500
24508
24512
24515
24530
24531
24534
24539
24541
24543
24545
24547
24550
24555
24564
24566
24573
24574
24575
24576
24582
24584
24585
24586
24591
24600
24605
24606
24611
24613
24614
24616
24617
24618
24621
24626
24627
24639
24642
24647
24651
24656
24660
24662
24664
24665
24666
24667
24668
24669
24671
24672
24674
24678
24684
24693
24698
24699
24700
24703
24709
24711
24712
24713
24718
24720
24721
24724
24727
24740
24747
24748
24750
24751
24755
24756
24763
24764
24767
24773
24775
24776
24777
24784
24786
24788
24796
24797
24802
24807
24815
24822
24823
24829
24831
24834
24835
24836
24838
24840
24841
24852
24857
24863
24866
24868
24869
24871
24872
24875
24878
24880
24882
24892
24894
24897
24903
24904
24908
24909
24910
24911
24917
24920
24928
24936
24937
24944
24947
24948
24949
24953
24956
24965
24976
24980
24982
24995
24999
25000
25001
25005
25008
25009
25017
25021
25033
25042
25048
25049
25050
25053
25061
25065
25069
25073
25077
25081
25089
25092
25096
25097
25098
25100
25101
25106
25109
25112
25116
25117
25118
25125
25129
25131
25138
25141
25143
25149
25153
25155
25157
25161
25162
25164
25168
25170
25177
25181
25183
25184
25187
25197
25199
25202
25206
25208
25215
25216
25217
25222
25223
25224
25225
25227
25228
25236
25237
25238
25241
25248
25249
25251
25255
25263
25266
25269
25271
25274
25276
25277
25282
25284
25286
25289
25294
25299
25300
25301
25303
25304
25307
25315
25318
25323
25326
25331
25336
25338
25345
25346
25350
25352
25357
25358
25359
25360
25364
25370
25372
25377
25380
25381
25382
25383
25385
25390
25391
25392
25396
25397
25400
25403
25404
25405
25414
25415
25419
25423
25425
25426
25428
25430
25434
25438
25439
25441
25446
25449
25451
25452
25460
25462
25470
25475
25477
25478
25481
25490
25494
25497
25498
25499
25512
25513
25514
25522
25527
25534
25538
25540
25543
25544
25546
25547
25548
25554
25558
25559
25563
25566
25569
25570
25571
25573
25578
25583
25587
25593
25595
25596
25600
25602
25603
25608
25609
25621
25622
25624
25635
25637
25638
25649
25659
25664
25668
25669
25670
25680
25684
25685
25692
25694
25697
25702
25707
25708
25709
25711
25713
25714
25717
25720
25723
25726
25728
25735
25744
25749
25753
25760
25764
25769
25770
25771
25774
25779
25780
25781
25783
25784
25789
25792
25794
25795
25799
25800
25802
25803
25806
25809
25810
25811
25815
25816
25824
25828
25837
25838
25843
25845
25846
25850
25851
25853
25859
25866
25867
25869
25882
25889
25894
25904
25906
25909
25911
25914
25917
25918
25928
25931
25940
25947
25953
25954
25955
25957
25961
25962
25965
25966
25974
25977
25983
25986
25988
25992
25993
25994
25998
26000
26001
26004
26007
26008
26009
26010
26013
26014
26015
26016
26017
26018
26020
26022
26024
26025
26026
26027
26028
26031
26033
26034
26035
26037
26039
26040
26041
26044
26046
26047
26050
26051
26052
26053
26054
26055
26056
26057
26058
26059
26064
26065
26068
26069
26070
26071
26075
26078
26081
26082
26083
26086
26088
26089
26090
26091
26093
26095
26096
26099
26100
26102
26109
26111
26113
26116
26120
26121
26125
26127
26128
26129
26131
26134
26135
26136
26138
26140
26141
26142
26145
26147
26148
26150
26151
26153
26155
26156
26157
26158
26159
26160
26162
26163
26165
26166
26168
26172
26173
26174
26175
26176
26177
26179
26181
26182
26183
26184
26185
26186
26188
26190
26192
26193
26194
26196
26201
26202
26203
26205
26206
26207
26208
26209
26210
26211
26212
26213
26214
26215
26219
26222
26225
26226
26227
26232
26234
26235
26237
26238
26239
26242
26245
26246
26247
26249
26251
26252
26253
26254
26256
26257
26263
26264
26266
26267
26269
26270
26271
26274
26276
26277
26279
26281
26285
26287
26291
26292
26293
26294
26295
26297
26298
26300
26301
26302
26304
26306
26308
26309
26310
26312
26313
26314
26315
26317
26319
26320
26322
26324
26330
26336
26338
26340
26343
26344
26347
26350
26351
26352
26354
26355
26356
26359
26360
26361
26362
26367
26374
26376
26378
26379
26381
26382
26384
26385
26386
26387
26388
26390
26391
26393
26397
26398
26400
26401
26403
26404
26405
26406
26407
26408
26409
26410
26411
26413
26414
26416
26418
26420
26421
26424
26426
26427
26428
26430
26433
26435
26438
26439
26442
26443
26445
26446
26450
26451
26453
26454
26456
26457
26458
26459
26460
26463
26464
26466
26468
26470
26471
26472
26473
26474
26476
26477
26479
26480
26482
26484
26486
26489
26491
26492
26494
26495
26496
26497
26499
26501
26502
26508
26513
26514
26520
26530
26532
26533
26534
26541
26542
26543
26547
26550
26554
26555
26557
26558
26561
26562
26569
26572
26574
26579
26585
26588
26591
26599
26601
26604
26605
26606
26609
26611
26626
26634
26640
26645
26655
26662
26664
26667
26668
26688
26692
26707
26711
26717
26718
26720
26721
26732
26733
26734
26737
26742
26743
26745
26750
26762
26764
26767
26768
26770
26772
26775
26778
26781
26783
26784
26789
26796
26801
26807
26810
26821
26825
26827
26833
26839
26842
26843
26844
26847
26849
26864
26870
26875
26878
26884
26886
26887
26889
26890
26891
26894
26896
26902
26904
26912
26918
26932
26933
26934
26940
26941
26942
26944
26950
26961
26962
26966
26969
26978
26982
26985
26997
26999
27002
27003
27004
27007
27009
27011
27012
27017
27021
27022
27032
27035
27041
27043
27044
27047
27052
27062
27066
27067
27073
27074
27078
27079
27083
27084
27086
27087
27090
27092
27094
27095
27096
27099
27106
27108
27112
27116
27117
27122
27127
27131
27133
27136
27140
27148
27151
27152
27153
27158
27160
27161
27162
27165
27168
27170
27171
27176
27183
27185
27187
27188
27192
27193
27194
27201
27202
27206
27207
27208
27211
27220
27221
27228
27239
27241
27242
27243
27249
27250
27253
27255
27259
27269
27273
27276
27278
27285
27300
27303
27307
27314
27317
27319
27324
27325
27327
27331
27333
27348
27349
27350
27352
27353
27354
27356
27358
27365
27370
27376
27378
27382
27383
27386
27390
27392
27394
27405
27415
27417
27418
27421
27422
27426
27427
27430
27432
27434
27435
27437
27442
27446
27450
27452
27459
27467
27473
27474
27476
27477
27478
27479
27482
27483
27484
27485
27487
27490
27492
27496
27497
27503
27504
27510
27516
27518
27526
27527
27528
27531
27532
27537
27542
27544
27548
27552
27555
27569
27575
27576
27580
27588
27593
27596
27597
27599
27604
27607
27613
27618
27628
27633
27634
27639
27642
27644
27647
27648
27649
27653
27659
27660
27667
27671
27673
27678
27684
27689
27690
27693
27694
27706
27708
27713
27730
27735
27736
27739
27754
27755
27762
27764
27765
27768
27770
27783
27788
27792
27796
27797
27801
27802
27806
27810
27811
27821
27822
27827
27828
27831
27833
27834
27836
27837
27840
27841
27842
27844
27848
27849
27853
27855
27859
27862
27865
27870
27878
27892
27895
27896
27897
27898
27902
27903
27905
27906
27909
27911
27912
27916
27922
27923
27936
27937
27943
27949
27950
27956
27959
27962
27966
27967
27969
27973
27979
27980
27984
27992
27996
27999
28000
28004
28009
28016
28020
28032
28035
28037
28041
28054
28058
28059
28063
28068
28070
28075
28083
28084
28090
28096
28098
28100
28103
28105
28123
28125
28126
28151
28155
28167
28168
28173
28174
28177
28180
28183
28211
28213
28215
28219
28224
28231
28233
28237
28238
28252
28253
28281
28291
28301
28303
28317
28322
28324
28330
28332
28336
28338
28343
28344
28360
28376
28377
28393
28394
28398
28400
28405
28409
28421
28427
28429
28430
28440
28442
28449
28456
28459
28462
28465
28470
28475
28481
28488
28490
28491
28494
28508
28512
28513
28515
28521
28522
28526
28528
28530
28538
28543
28548
28553
28556
28558
28560
28561
28563
28565
28570
28571
28582
28584
28590
28592
28600
28609
28613
28616
28619
28620
28625
28627
28628
28629
28634
28635
28637
28638
28639
28642
28645
28646
28647
28652
28656
28658
28662
28663
28665
28667
28671
28673
28675
28681
28686
28689
28691
28693
28695
28698
28701
28704
28711
28714
28718
28723
28737
28738
28740
28742
28743
28749
28752
28754
28763
28764
28765
28767
28768
28770
28771
28772
28773
28776
28777
28778
28780
28783
28785
28786
28789
28790
28795
28797
28811
28812
28814
28815
28818
28819
28820
28821
28825
28826
28827
28833
28835
28838
28842
28847
28849
28853
28857
28858
28859
28866
28869
28870
28876
28878
28881
28895
28905
28908
28912
28918
28919
28920
28922
28923
28924
28925
28928
28930
28933
28935
28940
28943
28944
28945
28947
28953
28954
28955
28962
28963
28965
28967
28968
28969
28978
28979
28980
28983
28989
28994
28999
29003
29005
29010
29026
29030
29056
29064
29066
29067
29069
29070
29076
29080
29086
29097
29098
29103
29104
29105
29108
29112
29114
29119
29120
29125
29127
29131
29136
29142
29143
29147
29151
29159
29161
29162
29163
29173
29174
29179
29181
29185
29194
29199
29202
29203
29208
29210
29211
29214
29216
29226
29227
29228
29241
29244
29266
29274
29283
29289
29302
29322
29331
29332
29334
29338
29340
29343
29352
29354
29355
29356
29358
29359
29361
29362
29367
29369
29377
29378
29380
29384
29397
29398
29408
29410
29412
29416
29417
29424
29425
29427
29428
29429
29432
29435
29437
29440
29442
29456
29459
29472
29474
29487
29495
29500
29504
29505
29507
29510
29514
29516
29517
29520
29525
29527
29529
29535
29537
29538
29539
29541
29543
29545
29552
29555
29557
29561
29562
29563
29567
29568
29569
29571
29572
29573
29575
29576
29579
29580
29583
29584
29586
29587
29589
29591
29594
29597
29599
29600
29601
29602
29604
29606
29607
29617
29619
29620
29623
29625
29627
29631
29633
29636
29637
29638
29642
29643
29644
29649
29650
29654
29655
29657
29658
29659
29661
29663
29664
29668
29669
29671
29672
29676
29679
29680
29681
29684
29685
29686
29687
29689
29691
29692
29693
29694
29696
29697
29702
29705
29706
29707
29713
29714
29715
29716
29719
29721
29722
29724
29725
29731
29734
29735
29736
29740
29742
29749
29752
29754
29755
29766
29768
29774
29775
29778
29780
29781
29783
29784
29785
29786
29787
29791
29794
29795
29802
29803
29806
29807
29808
29810
29811
29815
29823
29826
29831
29832
29833
29834
29835
29837
29838
29840
29843
29847
29850
29852
29853
29857
29859
29862
29863
29865
29868
29870
29871
29872
29873
29876
29877
29878
29886
29888
29889
29890
29892
29894
29900
29904
29905
29906
29911
29913
29914
29915
29916
29918
29929
29931
29932
29933
29934
29935
29936
29937
29938
29939
29940
29942
29945
29946
29949
29950
29951
29953
29954
29961
29962
29964
29965
29968
29969
29970
29971
29972
29974
29976
29978
29980
29981
29982
29985
29986
29987
29991
29995
29996
29997
29998
29999
30001
30004
30011
30013
30015
30025
30027
30028
30029
30040
30044
30050
30062
30063
30067
30068
30070
30071
30078
30082
30085
30086
30092
30093
30095
30098
30110
30117
30118
30123
30125
30128
30129
30136
30138
30141
30143
30145
30146
30148
30153
30154
30155
30159
30160
30163
30164
30168
30171
30176
30193
30194
30199
30200
30210
30217
30224
30225
30233
30238
30240
30241
30242
30244
30246
30247
30250
30253
30265
30267
30270
30273
30279
30284
30296
30309
30316
30318
30323
30324
30325
30328
30332
30335
30336
30337
30338
30340
30350
30353
30359
30363
30366
30367
30377
30378
30379
30380
30384
30388
30389
30391
30393
30394
30395
30398
30399
30402
30406
30420
30423
30425
30426
30428
30430
30431
30432
30434
30435
30436
30438
30443
30445
30449
30450
30452
30457
30462
30466
30468
30469
30475
30479
30482
30483
30484
30485
30487
30492
30498
30500
30501
30503
30504
30505
30507
30509
30516
30519
30524
30525
30531
30533
30537
30539
30540
30543
30546
30554
30557
30561
30574
30579
30581
30593
30595
30605
30606
30611
30613
30617
30620
30621
30622
30629
30631
30634
30636
30638
30640
30646
30647
30658
30664
30666
30668
30669
30675
30676
30680
30683
30694
30697
30699
30703
30707
30709
30720
30722
30723
30724
30725
30728
30729
30730
30732
30733
30734
30736
30737
30743
30745
30746
30747
30748
30749
30750
30753
30754
30762
30763
30764
30768
30771
30772
30777
30778
30781
30783
30785
30786
30790
30792
30793
30797
30799
30800
30802
30808
30811
30812
30813
30819
30820
30824
30826
30828
30830
30832
30835
30838
30841
30848
30850
30852
30853
30854
30860
30865
30867
30870
30872
30885
30888
30895
30896
30898
30899
30901
30905
30910
30917
30923
30924
30928
30932
30935
30936
30938
30941
30942
30944
30946
30950
30951
30952
30954
30955
30958
30959
30960
30961
30963
30964
30972
30973
30976
30977
30978
30983
30984
30985
30986
30990
30991
30992
30994
31000
31005
31011
31013
31015
31017
31018
31020
31023
31024
31025
31028
31029
31030
31032
31033
31034
31037
31042
31045
31047
31056
31058
31060
31063
31067
31069
31072
31074
31075
31077
31079
31081
31082
31083
31084
31086
31090
31091
31092
31094
31095
31098
31102
31104
31105
31106
31108
31109
31111
31113
31117
31120
31122
31125
31127
31132
31138
31139
31141
31143
31144
31146
31147
31149
31151
31154
31156
31158
31160
31163
31164
31166
31167
31168
31170
31174
31175
31178
31179
31181
31182
31183
31184
31185
31194
31198
31203
31206
31207
31208
31209
31214
31218
31222
31223
31225
31226
31227
31228
31231
31234
31235
31236
31242
31247
31252
31255
31256
31257
31258
31261
31262
31265
31271
31273
31278
31279
31281
31283
31284
31287
31288
31290
31297
31298
31301
31303
31304
31308
31309
31310
31312
31313
31315
31319
31320
31321
31322
31323
31324
31328
31330
31336
31338
31339
31342
31344
31345
31348
31353
31358
31362
31363
31369
31370
31373
31375
31379
31380
31381
31384
31388
31391
31393
31398
31399
31401
31402
31403
31404
31406
31408
31411
31412
31415
31421
31422
31427
31428
31433
31434
31435
31437
31438
31439
31450
31458
31459
31463
31473
31482
31483
31485
31492
31493
31496
31497
31504
31508
31511
31512
31513
31514
31520
31521
31523
31529
31530
31534
31535
31539
31545
31554
31559
31560
31561
31564
31574
31577
31578
31581
31586
31587
31588
31590
31591
31592
31598
31600
31606
31610
31612
31613
31614
31621
31626
31629
31631
31634
31637
31639
31641
31652
31658
31662
31667
31669
31673
31675
31680
31681
31682
31683
31686
31688
31689
31690
31694
31695
31697
31698
31700
31704
31706
31710
31713
31717
31727
31728
31729
31730
31748
31750
31759
31760
31761
31764
31765
31771
31772
31778
31782
31784
31786
31787
31791
31794
31798
31800
31805
31808
31810
31817
31820
31821
31824
31839
31840
31842
31847
31848
31849
31858
31861
31866
31871
31876
31883
31892
31896
31900
31905
31907
31917
31918
31919
31928
31945
31953
31955
31961
31969
31970
31975
31984
31990
31995
31996
32000
32006
32010
32012
32016
32020
32021
32022
32023
32025
32028
32031
32032
32033
32038
32047
32049
32051
32054
32081
32084
32088
32089
32093
32096
32097
32100
32108
32115
32122
32135
32137
32141
32143
32145
32165
32166
32169
32181
32182
32186
32187
32201
32204
32208
32216
32221
32226
32237
32238
32244
32247
32251
32252
32254
32256
32260
32262
32275
32279
32283
32291
32296
32307
32319
32320
32325
32331
32332
32349
32354
32355
32363
32375
32376
32382
32388
32395
32408
32415
32422
32428
32430
32437
32439
32442
32447
32449
32451
32454
32460
32468
32484
32487
32488
32499
32507
32509
32522
32524
32525
32532
32534
32537
32538
32539
32540
32551
32554
32557
32558
32560
32565
32567
32568
32570
32575
32579
32588
32592
32597
32600
32601
32632
32635
32636
32638
32642
32653
32663
32664
32672
32680
32686
32693
32696
32699
32700
32706
32707
32711
32715
32716
32719
32720
32723
32724
32725
32730
32731
32733
32740
32743
32744
32745
32746
32751
32752
32754
32755
32759
32763
32765
32768
32773
32778
32779
32798
32804
32805
32815
32816
32817
32818
32822
32825
32827
32833
32845
32853
32857
32859
32864
32867
32869
32874
32901
32902
32905
32907
32910
32916
32921
32934
32937
32938
32939
32950
32959
32961
32968
32970
32972
32974
32979
32982
32983
32989
32992
32993
32999
33003
33023
33024
33033
33044
33050
33052
33053
33054
33055
33056
33070
33074
33080
33082
33083
33084
33091
33096
33114
33118
33119
33122
33127
33132
33146
33150
33156
33158
33159
33160
33169
33173
33176
33190
33199
33203
33210
33217
33223
33227
33233
33251
33253
33254
33257
33263
33277
33284
33286
33294
33299
33302
33311
33327
33331
33336
33341
33344
33346
33351
33352
33363
33383
33387
33390
33396
33410
33421
33435
33437
33439
33446
33456
33459
33462
33463
33470
33472
33478
33486
33491
33496
33503
33504
33506
33510
33511
33512
33513
33519
33520
33522
33525
33527
33534
33542
33547
33549
33551
33556
33560
33566
33568
33570
33571
33572
33573
33575
33578
33580
33581
33582
33587
33590
33592
33593
33595
33599
33600
33605
33608
33610
33614
33617
33618
33621
33627
33633
33637
33639
33640
33644
33649
33650
33652
33653
33655
33657
33658
33659
33662
33666
33667
33673
33676
33678
33681
33687
33688
33691
33701
33703
33704
33705
33709
33715
33717
33720
33721
33723
33724
33727
33728
33730
33731
33733
33735
33743
33744
33745
33746
33749
33751
33754
33755
33758
33760
33762
33763
33766
33767
33768
33775
33779
33781
33783
33785
33794
33798
33800
33801
33802
33803
33805
33818
33823
33828
33829
33832
33835
33836
33837
33838
33839
33840
33844
33845
33851
33852
33854
33855
33859
33860
33873
33882
33885
33886
33888
33894
33895
33899
33900
33901
33904
33908
33909
33916
33917
33923
33925
33926
33927
33937
33940
33942
33943
33949
33953
33956
33957
33962
33963
33964
33968
33975
33979
33981
33984
33986
33989
33991
33993
33995
33996
33997
33998
34000
34001
34008
34012
34019
34021
34031
34032
34035
34039
34049
34073
34082
34085
34098
34103
34113
34125
34136
34142
34143
34144
34151
34163
34165
34167
34168
34172
34177
34186
34189
34197
34203
34208
34213
34215
34220
34225
34232
34253
34259
34279
34302
34304
34314
34319
34325
34332
34339
34349
34352
34355
34356
34365
34366
34369
34380
34390
34398
34409
34420
34423
34428
34431
34432
34433
34435
34438
34455
34467
34477
34486
34487
34490
34504
34507
34508
34516
34522
34530
34539
34540
34544
34548
34555
34557
34563
34564
34572
34577
34578
34580
34582
34593
34594
34600
34609
34614
34615
34624
34628
34631
34634
34637
34644
34649
34653
34654
34665
34666
34671
34674
34676
34677
34680
34681
34707
34716
34717
34720
34724
34727
34733
34740
34741
34743
34746
34748
34760
34761
34764
34765
34769
34770
34775
34780
34784
34785
34787
34788
34795
34799
34807
34814
34828
34838
34839
34850
34851
34853
34858
34888
34891
34895
34900
34901
34902
34907
34908
34914
34918
34941
34942
34943
34946
34947
34950
34951
34952
34954
34960
34962
34963
34964
34968
34970
34971
34976
34981
34991
34993
34994
34997
35000
35002
35004
35012
35013
35014
35016
35017
35020
35024
35026
35029
35030
35033
35034
35035
35037
35038
35045
35047
35048
35049
35050
35051
35053
35057
35058
35061
35063
35064
35065
35067
35072
35075
35077
35079
35084
35095
35097
35100
35102
35105
35106
35109
35111
35118
35123
35125
35126
35127
35132
35133
35138
35140
35150
35152
35155
35157
35159
35160
35162
35164
35165
35166
35170
35172
35176
35178
35182
35188
35193
35195
35198
35200
35204
35208
35209
35213
35215
35216
35217
35219
35221
35223
35228
35230
35231
35234
35235
35236
35237
35238
35239
35242
35245
35261
35263
35264
35265
35266
35267
35269
35270
35272
35273
35274
35275
35281
35282
35287
35290
35294
35303
35304
35308
35314
35316
35319
35331
35333
35334
35335
35336
35339
35340
35342
35343
35344
35348
35349
35350
35351
35352
35356
35358
35361
35364
35365
35367
35370
35372
35374
35375
35378
35383
35384
35386
35391
35392
35393
35399
35409
35410
35413
35416
35421
35422
35423
35424
35427
35430
35431
35436
35437
35440
35441
35445
35454
35457
35460
35463
35464
35465
35466
35469
35473
35477
35479
35480
35481
35483
35484
35485
35487
35489
35490
35491
35495
35498
35499
35500
35502
35503
35504
35505
35508
35511
35516
35518
35520
35522
35524
35526
35531
35533
35538
35540
35541
35544
35545
35558
35559
35560
35565
35567
35569
35570
35576
35577
35580
35581
35582
35586
35587
35588
35589
35591
35592
35595
35596
35597
35599
35603
35607
35608
35612
35613
35614
35616
35620
35625
35626
35628
35630
35637
35641
35642
35644
35646
35647
35648
35657
35658
35659
35660
35664
35672
35674
35676
35677
35678
35682
35684
35685
35687
35689
35690
35695
35699
35700
35705
35709
35710
35712
35719
35720
35723
35724
35728
35730
35733
35735
35736
35738
35739
35742
35744
35747
35752
35753
35754
35759
35761
35763
35765
35767
35770
35774
35776
35779
35780
35785
35789
35790
35791
35792
35794
35798
35802
35806
35811
35814
35815
35817
35826
35829
35831
35834
35836
35838
35839
35840
35841
35842
35845
35851
35854
35856
35860
35864
35865
35867
35868
35869
35870
35871
35872
35873
35874
35875
35876
35877
35879
35880
35883
35884
35885
35890
35892
35894
35895
35896
35897
35903
35905
35909
35911
35912
35920
35924
35928
35930
35932
35935
35937
35938
35939
35944
35947
35948
35949
35953
35960
35961
35964
35965
35969
35970
35972
35976
35982
35984
35987
35990
35992
35994
35996
35998
35999
36001
36004
36008
36013
36014
36018
36023
36024
36029
36031
36036
36042
36047
36049
36055
36061
36063
36065
36066
36067
36070
36071
36072
36075
36078
36079
36085
36087
36091
36093
36095
36097
36102
36106
36114
36115
36116
36122
36124
36129
36130
36131
36136
36139
36146
36147
36152
36153
36156
36158
36159
36161
36165
36167
36168
36176
36178
36185
36186
36187
36192
36197
36200
36201
36202
36203
36213
36217
36218
36219
36228
36229
36232
36233
36239
36242
36245
36247
36253
36255
36257
36261
36265
36266
36272
36274
36275
36277
36286
36288
36290
36294
36296
36300
36302
36307
36308
36309
36312
36318
36322
36325
36326
36331
36334
36337
36338
36339
36340
36345
36360
36361
36362
36363
36364
36368
36372
36375
36381
36382
36383
36385
36387
36390
36392
36394
36401
36404
36406
36409
36412
36416
36419
36423
36429
36431
36432
36434
36439
36440
36445
36446
36447
36448
36449
36452
36453
36455
36456
36460
36462
36463
36474
36477
36478
36479
36485
36486
36491
36492
36493
36495
36498
36502
36504
36507
36509
36510
36514
36517
36518
36520
36522
36526
36528
36531
36534
36535
36546
36547
36551
36555
36558
36560
36563
36565
36567
36568
36569
36571
36572
36573
36579
36581
36582
36584
36586
36587
36589
36594
36595
36596
36597
36598
36601
36602
36604
36606
36608
36609
36610
36613
36615
36616
36617
36620
36622
36624
36627
36628
36630
36633
36634
36636
36637
36638
36641
36646
36648
36654
36656
36661
36662
36664
36665
36673
36674
36689
36690
36692
36693
36695
36696
36697
36698
36699
36701
36703
36704
36705
36710
36711
36713
36715
36721
36722
36724
36725
36728
36729
36730
36733
36734
36735
36736
36738
36739
36742
36745
36749
36750
36751
36752
36757
36758
36759
36765
36768
36769
36770
36774
36776
36777
36781
36783
36785
36788
36789
36791
36793
36796
36798
36800
36803
36804
36805
36808
36809
36812
36815
36819
36820
36822
36824
36825
36827
36828
36830
36831
36834
36837
36838
36839
36840
36843
36845
36846
36848
36849
36850
36853
36854
36856
36857
36859
36860
36863
36864
36865
36867
36873
36877
36878
36879
36883
36886
36887
36891
36892
36893
36897
36898
36901
36903
36905
36908
36909
36910
36913
36914
36915
36916
36920
36921
36922
36924
36927
36928
36931
36936
36937
36938
36942
36945
36946
36947
36948
36949
36950
36951
36952
36953
36954
36956
36960
36963
36966
36967
36972
36974
36978
36979
36980
36985
36990
36991
36993
36994
36996
36997
36999
37007
37008
37010
37011
37015
37016
37018
37021
37023
37028
37029
37030
37031
37032
37033
37038
37044
37045
37054
37056
37057
37061
37062
37063
37065
37068
37073
37074
37078
37079
37081
37082
37084
37086
37089
37092
37095
37098
37100
37103
37104
37110
37112
37113
37117
37123
37129
37131
37134
37136
37138
37140
37141
37145
37146
37147
37148
37153
37155
37156
37157
37159
37160
37165
37170
37174
37175
37176
37177
37180
37183
37185
37188
37195
37198
37199
37203
37206
37207
37211
37219
37222
37224
37226
37235
37236
37242
37244
37250
37252
37255
37256
37258
37260
37261
37265
37271
37272
37275
37277
37278
37284
37288
37291
37292
37300
37305
37307
37313
37317
37319
37325
37330
37333
37334
37335
37336
37338
37339
37341
37345
37351
37355
37359
37366
37369
37371
37372
37374
37378
37380
37381
37383
37388
37389
37390
37391
37392
37395
37400
37402
37403
37405
37411
37415
37416
37417
37420
37422
37423
37430
37433
37434
37436
37437
37438
37441
37442
37443
37446
37450
37457
37460
37467
37468
37472
37476
37479
37481
37487
37488
37489
37494
37497
37502
37513
37514
37515
37517
37519
37532
37534
37548
37550
37554
37561
37570
37572
37602
37624
37629
37636
37642
37644
37652
37655
37661
37662
37663
37670
37671
37673
37674
37676
37704
37711
37712
37720
37726
37734
37736
37743
37751
37756
37759
37762
37767
37773
37778
37784
37785
37787
37792
37793
37805
37811
37813
37817
37827
37829
37849
37851
37854
37859
37861
37863
37866
37872
37879
37888
37897
37900
37902
37908
37915
37933
37937
37938
37940
37948
37957
37958
37961
37962
37968
37980
37981
37987
37991
37999
38004
38011
38012
38013
38017
38028
38030
38034
38035
38036
38038
38039
38040
38046
38051
38055
38057
38060
38066
38068
38069
38074
38079
38080
38082
38083
38089
38090
38100
38103
38106
38108
38109
38110
38113
38116
38120
38122
38123
38127
38129
38131
38137
38139
38141
38150
38155
38163
38177
38182
38183
38195
38204
38205
38206
38207
38210
38214
38216
38217
38220
38224
38229
38233
38239
38243
38246
38247
38250
38252
38259
38263
38270
38277
38279
38280
38285
38286
38300
38302
38303
38305
38312
38330
38331
38337
38340
38347
38354
38356
38366
38368
38373
38392
38398
38418
38424
38434
38436
38441
38444
38445
38446
38448
38450
38453
38456
38458
38467
38474
38477
38487
38489
38491
38497
38506
38514
38518
38521
38522
38527
38535
38540
38544
38559
38564
38573
38578
38584
38586
38589
38591
38592
38593
38596
38600
38603
38608
38611
38614
38615
38620
38624
38625
38627
38630
38633
38639
38641
38644
38652
38659
38660
38663
38673
38677
38680
38684
38692
38693
38698
38700
38709
38711
38712
38715
38718
38724
38727
38729
38732
38737
38738
38739
38742
38751
38752
38753
38761
38762
38763
38770
38775
38777
38778
38779
38788
38791
38793
38797
38803
38804
38807
38811
38812
38815
38819
38829
38830
38831
38838
38839
38840
38858
38862
38870
38871
38877
38880
38881
38891
38893
38903
38905
38908
38909
38910
38911
38916
38917
38918
38919
38921
38922
38946
38950
38957
38969
38972
38975
38976
38977
38979
38981
38986
38988
38992
39000
39002
39003
39007
39009
39011
39013
39015
39017
39018
39020
39022
39023
39025
39028
39030
39031
39034
39037
39038
39044
39045
39049
39051
39053
39055
39056
39060
39063
39064
39067
39072
39076
39079
39083
39084
39085
39088
39090
39091
39095
39097
39098
39102
39104
39106
39107
39108
39112
39114
39120
39121
39135
39139
39140
39141
39145
39149
39152
39175
39177
39178
39180
39184
39185
39193
39198
39199
39200
39201
39205
39208
39210
39214
39215
39216
39217
39221
39222
39223
39224
39232
39236
39237
39250
39251
39253
39254
39255
39257
39261
39262
39265
39273
39279
39282
39284
39288
39289
39291
39299
39302
39303
39306
39308
39311
39313
39314
39317
39318
39320
39321
39322
39330
39331
39332
39336
39340
39341
39342
39346
39352
39356
39361
39363
39365
39366
39367
39374
39378
39379
39382
39384
39388
39393
39398
39404
39408
39415
39420
39421
39429
39430
39431
39432
39436
39437
39438
39442
39446
39451
39453
39455
39457
39462
39463
39466
39467
39468
39470
39473
39480
39481
39482
39485
39490
39503
39506
39508
39510
39522
39526
39547
39549
39550
39559
39561
39572
39578
39579
39589
39591
39592
39600
39605
39608
39618
39619
39625
39628
39630
39631
39632
39633
39634
39638
39640
39643
39650
39651
39652
39660
39664
39670
39675
39677
39687
39689
39694
39695
39697
39699
39700
39703
39706
39708
39714
39715
39716
39717
39718
39727
39730
39731
39735
39736
39738
39744
39747
39748
39749
39752
39754
39755
39757
39762
39763
39766
39768
39772
39774
39779
39787
39788
39790
39791
39792
39797
39803
39817
39819
39823
39827
39828
39832
39835
39839
39841
39843
39845
39848
39849
39852
39859
39861
39864
39868
39872
39876
39887
39892
39898
39901
39919
39937
39939
39951
39956
39961
39963
39971
39975
39980
39983
39987
39988
39990
39992
39997
40002
40003
40005
40014
40016
40017
40023
40027
40029
40030
40032
40047
40049
40060
40067
40069
40079
40081
40086
40087
40091
40101
40108
40114
40122
40123
40126
40130
40132
40134
40141
40142
40144
40156
40157
40162
40163
40167
40169
40172
40173
40174
40177
40178
40180
40185
40186
40188
40189
40192
40200
40202
40203
40205
40207
40208
40209
40212
40215
40219
40225
40231
40232
40235
40238
40241
40242
40245
40246
40249
40252
40266
40267
40268
40275
40277
40282
40283
40291
40303
40304
40310
40312
40317
40318
40320
40321
40322
40328
40330
40332
40341
40346
40348
40354
40356
40358
40360
40368
40369
40374
40377
40383
40393
40397
40398
40400
40403
40409
40412
40418
40420
40424
40425
40426
40428
40430
40433
40435
40446
40453
40470
40473
40475
40486
40487
40488
40489
40501
40502
40503
40506
40508
40509
40514
40517
40518
40523
40525
40528
40530
40532
40533
40534
40535
40536
40537
40540
40542
40543
40544
40546
40550
40551
40552
40556
40557
40561
40562
40563
40566
40567
40568
40572
40573
40574
40576
40577
40578
40579
40580
40581
40584
40589
40591
40593
40594
40595
40596
40597
40599
40600
40602
40605
40606
40612
40614
40615
40616
40617
40618
40620
40623
40628
40632
40633
40634
40640
40641
40642
40643
40646
40647
40650
40651
40652
40653
40655
40656
40657
40658
40659
40662
40664
40666
40667
40668
40669
40671
40672
40673
40675
40676
40677
40678
40680
40683
40686
40687
40688
40700
40703
40704
40706
40708
40709
40713
40714
40715
40716
40718
40722
40723
40724
40725
40726
40729
40731
40734
40736
40737
40738
40739
40740
40742
40743
40745
40746
40748
40749
40751
40752
40753
40755
40756
40757
40758
40759
40760
40764
40765
40768
40770
40772
40774
40775
40777
40778
40783
40784
40785
40786
40788
40790
40793
40794
40796
40800
40801
40803
40804
40805
40809
40810
40811
40812
40815
40816
40817
40818
40819
40822
40824
40825
40833
40839
40842
40843
40844
40845
40848
40849
40851
40852
40854
40855
40857
40858
40859
40861
40862
40863
40865
40866
40869
40871
40872
40876
40879
40882
40885
40889
40890
40892
40898
40899
40901
40906
40907
40908
40909
40910
40912
40914
40916
40918
40922
40923
40926
40927
40928
40929
40932
40933
40935
40936
40943
40944
40945
40946
40947
40948
40950
40953
40954
40957
40958
40959
40960
40961
40962
40964
40965
40966
40968
40969
40973
40974
40976
40977
40978
40982
40983
40984
40986
40987
40988
40991
40992
40994
40998
41006
41011
41012
41015
41024
41035
41087
41088
41092
41093
41103
41104
41117
41124
41128
41132
41133
41135
41138
41142
41154
41166
41176
41182
41185
41196
41206
41215
41220
41228
41230
41234
41237
41240
41241
41242
41251
41252
41253
41266
41267
41273
41286
41327
41328
41336
41342
41348
41351
41358
41362
41372
41384
41399
41408
41410
41420
41421
41425
41431
41433
41447
41448
41461
41466
41468
41501
41502
41504
41508
41511
41515
41516
41520
41523
41525
41526
41528
41529
41532
41534
41535
41537
41538
41540
41541
41542
41543
41546
41547
41550
41551
41554
41556
41557
41558
41560
41564
41565
41566
41572
41573
41574
41578
41580
41581
41585
41587
41589
41591
41594
41597
41601
41603
41604
41605
41609
41621
41623
41624
41627
41633
41637
41638
41641
41643
41645
41646
41647
41648
41651
41652
41659
41662
41663
41665
41668
41671
41672
41673
41675
41679
41683
41686
41687
41691
41693
41694
41695
41696
41698
41699
41700
41702
41703
41704
41708
41709
41710
41718
41719
41720
41723
41724
41725
41727
41729
41734
41738
41741
41742
41743
41747
41751
41752
41755
41758
41766
41767
41768
41770
41771
41773
41775
41779
41785
41790
41791
41794
41795
41797
41799
41800
41801
41805
41806
41807
41808
41809
41812
41813
41816
41820
41826
41827
41828
41833
41835
41837
41839
41840
41841
41846
41851
41852
41853
41854
41856
41859
41860
41862
41863
41864
41865
41870
41873
41875
41877
41879
41883
41884
41885
41886
41887
41890
41894
41895
41898
41899
41900
41901
41902
41903
41904
41908
41911
41914
41915
41917
41918
41923
41925
41928
41929
41930
41934
41938
41940
41941
41942
41944
41946
41947
41948
41952
41953
41955
41956
41957
41960
41961
41963
41967
41969
41971
41972
41974
41975
41978
41979
41980
41981
41984
41985
41986
41987
41992
41994
41996
41998
41999
42000
42001
42002
42004
42010
42011
42013
42014
42021
42023
42024
42028
42033
42036
42045
42047
42050
42052
42054
42055
42060
42062
42066
42067
42074
42079
42084
42086
42091
42092
42099
42101
42103
42104
42108
42111
42116
42118
42123
42126
42128
42132
42133
42135
42138
42140
42142
42148
42154
42157
42170
42171
42174
42175
42177
42181
42185
42186
42188
42198
42208
42210
42213
42214
42215
42218
42220
42221
42224
42231
42234
42235
42237
42238
42240
42242
42247
42254
42255
42261
42265
42268
42269
42271
42272
42273
42275
42282
42285
42289
42291
42295
42300
42301
42302
42304
42311
42312
42314
42315
42316
42320
42321
42323
42330
42341
42349
42351
42355
42358
42361
42362
42364
42365
42366
42368
42379
42382
42385
42387
42388
42389
42390
42391
42394
42398
42403
42404
42406
42411
42412
42415
42418
42420
42427
42431
42435
42436
42440
42442
42443
42446
42450
42451
42452
42453
42455
42456
42467
42469
42472
42474
42477
42482
42483
42485
42488
42489
42490
42491
42495
42499
42501
42502
42504
42512
42513
42517
42524
42526
42527
42530
42532
42539
42540
42541
42542
42545
42548
42555
42558
42562
42570
42572
42576
42581
42586
42587
42594
42596
42597
42610
42613
42621
42622
42629
42630
42633
42639
42641
42650
42653
42657
42658
42660
42666
42673
42674
42678
42679
42680
42682
42689
42690
42693
42698
42699
42703
42704
42711
42714
42715
42717
42722
42726
42728
42731
42735
42740
42742
42744
42745
42752
42759
42765
42769
42772
42776
42779
42783
42787
42790
42791
42792
42797
42801
42806
42808
42811
42815
42820
42826
42829
42832
42837
42841
42843
42849
42850
42855
42856
42857
42858
42860
42861
42866
42869
42873
42875
42879
42884
42885
42887
42888
42891
42893
42894
42903
42906
42916
42920
42927
42930
42934
42937
42940
42941
42946
42960
42968
42984
42992
42993
42994
43001
43012
43020
43025
43029
43030
43033
43036
43039
43048
43050
43052
43054
43056
43063
43065
43073
43079
43080
43083
43087
43088
43110
43116
43118
43122
43135
43136
43138
43144
43145
43151
43164
43165
43168
43169
43177
43179
43181
43184
43185
43188
43191
43201
43203
43213
43214
43216
43220
43223
43224
43226
43232
43241
43242
43248
43253
43257
43263
43264
43266
43267
43270
43272
43276
43277
43279
43286
43321
43325
43333
43337
43338
43342
43359
43367
43374
43378
43381
43383
43387
43388
43396
43399
43403
43422
43426
43428
43432
43434
43435
43440
43448
43457
43462
43467
43474
43480
43481
43486
43490
43495
43499
43500
43504
43506
43510
43511
43513
43515
43520
43521
43527
43529
43536
43537
43541
43543
43546
43548
43549
43550
43552
43553
43558
43568
43569
43573
43576
43580
43582
43586
43593
43594
43600
43601
43602
43604
43606
43608
43613
43616
43618
43624
43631
43633
43636
43637
43644
43645
43646
43649
43650
43654
43659
43664
43665
43667
43669
43677
43683
43685
43691
43692
43694
43695
43698
43699
43700
43701
43702
43708
43709
43710
43714
43715
43716
43719
43721
43726
43727
43728
43734
43737
43739
43741
43746
43748
43749
43755
43762
43766
43769
43773
43774
43776
43777
43802
43806
43810
43818
43824
43827
43829
43830
43834
43836
43839
43840
43848
43849
43859
43861
43868
43877
43883
43889
43891
43893
43897
43899
43900
43905
43908
43911
43912
43913
43916
43917
43920
43924
43930
43938
43946
43947
43955
43958
43960
43965
43968
43969
43973
43975
43981
43987
43988
43998
44005
44006
44011
44012
44025
44027
44028
44030
44035
44043
44045
44046
44050
44055
44063
44070
44072
44075
44077
44079
44101
44112
44130
44131
44133
44139
44145
44154
44155
44161
44162
44164
44168
44169
44172
44173
44176
44183
44184
44186
44192
44195
44206
44210
44212
44215
44223
44225
44227
44231
44234
44238
44240
44242
44244
44245
44248
44250
44252
44255
44258
44261
44264
44266
44267
44270
44276
44278
44280
44288
44291
44292
44296
44312
44319
44325
44327
44336
44337
44341
44342
44347
44348
44350
44352
44353
44355
44368
44370
44374
44377
44378
44385
44394
44404
44406
44408
44409
44410
44411
44413
44414
44418
44420
44436
44439
44444
44450
44465
44467
44468
44480
44483
44484
44486
44488
44490
44492
44495
44502
44506
44512
44513
44517
44527
44530
44532
44534
44536
44540
44551
44552
44558
44562
44565
44570
44572
44576
44577
44578
44579
44580
44582
44583
44590
44591
44592
44593
44594
44595
44603
44604
44609
44610
44616
44624
44625
44626
44630
44631
44633
44634
44636
44639
44641
44649
44654
44670
44675
44678
44680
44682
44688
44692
44693
44694
44696
44701
44707
44708
44709
44716
44719
44725
44726
44727
44730
44732
44736
44737
44739
44746
44747
44750
44751
44753
44756
44757
44759
44760
44761
44764
44772
44775
44776
44779
44782
44785
44793
44795
44799
44802
44806
44809
44813
44815
44819
44821
44824
44827
44828
44831
44834
44844
44845
44849
44851
44856
44857
44858
44864
44872
44873
44875
44891
44893
44895
44896
44903
44909
44912
44918
44922
44924
44925
44934
44938
44939
44940
44944
44948
44950
44952
44956
44957
44958
44960
44962
44965
44969
44971
44972
44978
44982
44986
44987
44994
44995
44999
45004
45005
45006
45015
45019
45020
45025
45031
45035
45039
45040
45041
45042
45044
45046
45050
45053
45057
45059
45062
45064
45069
45074
45076
45078
45080
45081
45085
45087
45088
45090
45091
45092
45093
45097
45103
45104
45105
45110
45112
45116
45120
45122
45123
45129
45131
45132
45133
45136
45140
45146
45149
45153
45157
45158
45162
45165
45172
45175
45176
45178
45182
45185
45189
45190
45192
45194
45196
45198
45200
45201
45203
45204
45205
45208
45214
45217
45221
45223
45224
45226
45227
45228
45229
45232
45235
45240
45241
45243
45244
45252
45253
45254
45256
45258
45259
45262
45263
45264
45266
45267
45270
45273
45276
45277
45279
45282
45283
45284
45288
45292
45293
45295
45302
45303
45305
45313
45314
45316
45320
45322
45323
45333
45336
45340
45341
45343
45349
45354
45359
45362
45368
45375
45376
45378
45379
45381
45383
45384
45392
45397
45402
45404
45405
45406
45414
45416
45419
45420
45422
45425
45427
45434
45448
45450
45453
45455
45457
45459
45463
45465
45476
45480
45483
45484
45487
45489
45490
45492
45493
45494
45499
45501
45505
45508
45514
45521
45524
45527
45528
45534
45536
45539
45554
45556
45558
45560
45561
45562
45571
45573
45576
45577
45591
45593
45594
45596
45611
45616
45617
45621
45628
45631
45632
45639
45641
45651
45654
45663
45664
45665
45669
45672
45676
45680
45683
45695
45700
45705
45714
45725
45729
45734
45741
45745
45751
45757
45759
45765
45769
45771
45774
45786
45799
45800
45813
45830
45831
45836
45842
45850
45861
45876
45878
45881
45882
45886
45888
45890
45891
45894
45895
45900
45901
45903
45904
45906
45909
45912
45914
45926
45932
45944
45946
45955
45956
45957
45960
45968
45971
45981
45982
45983
46002
46007
46008
46009
46010
46014
46015
46016
46019
46020
46022
46023
46025
46026
46027
46028
46034
46037
46038
46040
46047
46048
46049
46051
46052
46053
46054
46056
46057
46058
46059
46060
46062
46063
46071
46073
46074
46075
46076
46080
46081
46082
46083
46087
46089
46092
46098
46105
46106
46108
46116
46118
46119
46121
46122
46123
46124
46125
46127
46131
46133
46134
46136
46137
46140
46141
46143
46144
46145
46148
46153
46154
46155
46166
46171
46172
46174
46178
46179
46185
46189
46190
46191
46193
46194
46195
46199
46200
46201
46204
46207
46208
46209
46213
46216
46221
46223
46224
46226
46227
46229
46232
46233
46234
46235
46236
46237
46238
46241
46244
46245
46247
46253
46254
46257
46261
46269
46273
46275
46281
46285
46286
46291
46295
46296
46297
46299
46300
46303
46305
46306
46309
46311
46312
46320
46325
46326
46331
46338
46339
46342
46343
46347
46352
46354
46358
46359
46362
46363
46364
46372
46373
46377
46378
46381
46382
46385
46386
46390
46392
46395
46396
46397
46398
46401
46411
46413
46418
46419
46420
46421
46428
46431
46433
46436
46437
46439
46443
46444
46450
46451
46452
46453
46454
46455
46456
46457
46458
46459
46460
46461
46466
46467
46468
46470
46478
46479
46480
46481
46486
46487
46489
46493
46494
46495
46498
46499
46502
46506
46508
46510
46513
46514
46520
46528
46532
46536
46540
46544
46549
46551
46552
46565
46577
46581
46582
46583
46588
46593
46594
46600
46601
46614
46627
46634
46636
46644
46647
46648
46649
46653
46654
46657
46662
46668
46669
46670
46673
46674
46686
46694
46704
46705
46706
46708
46713
46714
46715
46735
46736
46746
46747
46750
46751
46763
46765
46773
46779
46780
46785
46786
46790
46793
46795
46798
46804
46821
46822
46825
46826
46832
46842
46845
46869
46872
46874
46886
46896
46902
46905
46906
46907
46909
46915
46917
46919
46922
46924
46931
46932
46934
46946
46947
46954
46962
46964
46967
46974
46976
46980
46981
46983
46991
46992
47014
47016
47023
47027
47029
47039
47042
47051
47056
47063
47067
47068
47069
47073
47074
47077
47081
47088
47089
47096
47097
47099
47101
47103
47105
47106
47112
47119
47121
47123
47129
47134
47139
47141
47160
47162
47166
47168
47174
47175
47178
47183
47187
47190
47191
47199
47201
47202
47219
47228
47236
47237
47244
47250
47266
47270
47273
47282
47286
47295
47301
47310
47311
47312
47320
47325
47326
47330
47331
47340
47345
47349
47351
47355
47364
47365
47371
47375
47381
47384
47390
47397
47407
47408
47428
47437
47441
47443
47444
47451
47453
47454
47458
47473
47482
47488
47501
47502
47503
47506
47507
47515
47516
47520
47521
47522
47525
47527
47530
47535
47536
47537
47540
47543
47545
47549
47561
47562
47564
47567
47568
47569
47573
47577
47579
47585
47587
47591
47594
47596
47597
47599
47601
47602
47608
47610
47611
47612
47614
47616
47617
47620
47622
47623
47625
47631
47633
47635
47638
47639
47644
47645
47646
47647
47648
47650
47651
47654
47656
47662
47664
47665
47667
47671
47672
47673
47674
47675
47677
47678
47679
47680
47682
47685
47687
47688
47689
47690
47691
47692
47693
47695
47700
47701
47704
47707
47709
47710
47711
47712
47718
47722
47724
47725
47727
47728
47730
47732
47735
47738
47740
47741
47743
47744
47746
47751
47754
47757
47758
47764
47767
47770
47774
47775
47776
47783
47784
47786
47788
47789
47791
47801
47807
47809
47818
47819
47821
47825
47828
47831
47835
47836
47838
47842
47843
47846
47847
47850
47851
47854
47855
47856
47858
47859
47862
47864
47865
47866
47870
47871
47872
47874
47876
47877
47880
47884
47886
47890
47891
47900
47902
47903
47906
47907
47909
47912
47914
47918
47919
47922
47926
47929
47934
47935
47936
47939
47940
47941
47942
47946
47947
47950
47952
47954
47957
47958
47960
47965
47966
47970
47972
47977
47980
47981
47993
47994
47995
47996
48002
48003
48005
48006
48007
48008
48011
48012
48013
48014
48015
48016
48017
48018
48020
48024
48027
48028
48030
48031
48033
48036
48038
48043
48047
48050
48051
48052
48057
48058
48060
48061
48062
48064
48067
48068
48070
48071
48074
48075
48076
48077
48078
48080
48083
48085
48087
48088
48089
48091
48093
48099
48100
48101
48102
48104
48109
48114
48116
48117
48118
48119
48121
48123
48126
48128
48134
48137
48139
48140
48141
48142
48144
48145
48146
48150
48151
48152
48154
48156
48158
48159
48160
48162
48166
48168
48171
48172
48173
48176
48182
48184
48185
48188
48193
48194
48195
48196
48198
48199
48201
48204
48206
48207
48208
48209
48210
48211
48212
48213
48215
48217
48218
48219
48221
48224
48229
48231
48232
48234
48235
48240
48241
48242
48243
48244
48245
48246
48250
48251
48260
48263
48264
48266
48268
48269
48272
48275
48280
48281
48283
48284
48288
48290
48291
48292
48293
48295
48296
48299
48303
48305
48306
48307
48309
48311
48312
48313
48314
48315
48318
48319
48320
48321
48323
48330
48333
48334
48336
48337
48338
48339
48340
48343
48344
48345
48346
48349
48350
48351
48353
48354
48355
48357
48358
48359
48360
48362
48363
48366
48369
48370
48371
48372
48378
48379
48381
48384
48385
48394
48396
48397
48398
48400
48405
48406
48407
48408
48412
48413
48415
48416
48419
48421
48424
48427
48430
48439
48441
48442
48445
48450
48451
48452
48453
48455
48456
48457
48459
48460
48461
48462
48464
48466
48467
48469
48472
48473
48474
48475
48476
48478
48480
48485
48486
48487
48488
48489
48490
48493
48494
48496
48498
48499
48509
48510
48512
48516
48520
48521
48527
48528
48536
48541
48551
48552
48559
48561
48569
48570
48575
48576
48586
48587
48592
48594
48596
48604
48606
48610
48611
48614
48617
48629
48636
48639
48654
48655
48660
48661
48662
48672
48676
48677
48678
48679
48684
48686
48687
48688
48689
48693
48699
48700
48703
48707
48718
48720
48727
48728
48730
48731
48754
48756
48758
48761
48775
48781
48782
48783
48786
48788
48790
48794
48796
48797
48800
48803
48809
48812
48828
48831
48832
48836
48841
48843
48845
48855
48857
48860
48863
48865
48870
48873
48881
48883
48890
48892
48896
48897
48899
48903
48907
48915
48918
48923
48925
48932
48939
48943
48945
48947
48957
48960
48967
48969
48977
48986
48998
48999
49000
49001
49003
49004
49005
49007
49008
49010
49011
49012
49013
49014
49015
49016
49017
49018
49019
49021
49022
49024
49025
49026
49028
49030
49032
49033
49034
49035
49037
49038
49039
49040
49041
49043
49045
49046
49047
49048
49049
49051
49053
49054
49055
49057
49058
49061
49062
49064
49071
49073
49074
49079
49081
49083
49085
49086
49087
49088
49089
49093
49095
49096
49097
49098
49099
49101
49103
49104
49105
49106
49108
49109
49110
49111
49112
49113
49114
49116
49117
49118
49119
49123
49125
49127
49128
49129
49131
49132
49134
49135
49136
49137
49138
49141
49142
49145
49147
49149
49151
49154
49157
49160
49163
49164
49165
49167
49168
49171
49172
49173
49175
49177
49179
49180
49181
49182
49186
49188
49189
49190
49192
49194
49195
49199
49200
49201
49202
49204
49205
49206
49207
49208
49214
49217
49220
49221
49222
49223
49224
49225
49227
49228
49233
49234
49235
49236
49239
49241
49246
49248
49249
49250
49251
49252
49254
49259
49260
49261
49263
49264
49265
49268
49269
49270
49271
49272
49273
49274
49275
49276
49278
49279
49280
49282
49283
49285
49287
49290
49291
49293
49297
49299
49300
49301
49302
49304
49305
49306
49307
49309
49311
49314
49315
49317
49321
49323
49324
49325
49326
49327
49329
49332
49333
49335
49338
49340
49345
49352
49353
49355
49357
49364
49365
49370
49371
49372
49375
49376
49377
49378
49379
49380
49381
49383
49384
49385
49387
49389
49391
49392
49393
49394
49397
49403
49405
49406
49407
49408
49410
49411
49412
49415
49416
49417
49418
49419
49420
49421
49425
49428
49429
49431
49433
49434
49435
49438
49439
49440
49441
49442
49443
49444
49445
49446
49447
49450
49451
49452
49456
49457
49459
49460
49464
49465
49466
49467
49469
49470
49471
49472
49473
49474
49475
49476
49478
49479
49481
49482
49483
49486
49487
49488
49489
49492
49493
49494
49495
49496
49497
49500
49502
49509
49510
49512
49518
49519
49525
49527
49532
49534
49535
49541
49542
49547
49550
49551
49553
49560
49561
49562
49564
49570
49580
49582
49588
49589
49590
49592
49593
49594
49597
49598
49599
49602
49604
49611
49616
49617
49620
49621
49624
49629
49632
49635
49637
49641
49642
49644
49660
49668
49670
49671
49675
49676
49678
49680
49684
49695
49700
49702
49707
49717
49718
49719
49721
49725
49731
49736
49739
49741
49753
49754
49758
49761
49768
49771
49781
49782
49787
49788
49800
49802
49803
49806
49808
49809
49811
49817
49822
49827
49830
49831
49839
49840
49843
49845
49856
49857
49859
49862
49870
49882
49884
49885
49888
49900
49902
49908
49912
49915
49916
49923
49924
49928
49931
49938
49943
49945
49949
49951
49954
49962
49969
49977
49982
49985
49987
49989
49991
49993
49994
49996
49997
49999
