1
4
13
17
18
20
27
34
37
45
47
67
69
81
90
95
96
100
101
102
110
119
120
122
127
143
146
148
151
178
180
184
195
201
203
204
211
214
215
224
228
235
238
239
248
249
265
267
270
275
288
292
297
312
322
337
343
347
352
353
358
361
363
377
388
395
397
409
412
415
420
421
423
427
431
433
441
442
451
467
468
481
484
488
492
501
503
504
506
509
513
516
524
538
542
575
576
581
584
610
611
612
628
649
655
658
679
683
694
729
731
732
739
759
808
811
818
832
857
874
879
888
900
938
958
966
979
1000
1001
1006
1007
1009
1010
1021
1030
1031
1032
1033
1036
1037
1041
1044
1048
1055
1057
1061
1064
1070
1073
1081
1084
1087
1099
1101
1105
1114
1118
1122
1128
1129
1130
1133
1137
1140
1142
1144
1148
1150
1156
1163
1170
1171
1172
1173
1176
1182
1185
1186
1187
1195
1197
1201
1207
1209
1216
1218
1219
1221
1230
1233
1237
1239
1240
1244
1249
1251
1252
1255
1261
1266
1268
1269
1271
1272
1273
1275
1276
1277
1278
1282
1283
1284
1286
1292
1294
1296
1301
1313
1315
1320
1321
1327
1332
1333
1334
1340
1341
1342
1347
1348
1352
1355
1362
1363
1373
1374
1376
1381
1382
1383
1385
1390
1393
1394
1397
1399
1401
1403
1405
1408
1411
1412
1425
1428
1431
1433
1442
1443
1453
1460
1463
1468
1470
1476
1480
1483
1485
1487
1492
1509
1512
1516
1521
1526
1531
1542
1545
1546
1551
1562
1569
1572
1576
1577
1578
1580
1582
1584
1585
1586
1594
1595
1598
1607
1617
1624
1625
1637
1640
1641
1644
1647
1653
1657
1660
1667
1671
1677
1678
1682
1686
1690
1697
1698
1703
1710
1711
1715
1719
1724
1725
1728
1735
1738
1739
1740
1747
1750
1751
1761
1763
1766
1771
1772
1774
1776
1782
1783
1793
1799
1801
1806
1808
1819
1820
1826
1827
1828
1831
1835
1836
1839
1841
1844
1845
1855
1856
1862
1863
1869
1875
1878
1880
1884
1885
1904
1907
1922
1928
1932
1946
1951
1955
1959
1960
1966
1971
1974
1981
1983
1985
1986
1989
2000
2002
2012
2016
2020
2026
2031
2033
2035
2036
2054
2066
2067
2069
2072
2077
2078
2079
2081
2082
2083
2086
2108
2117
2125
2126
2132
2141
2151
2166
2169
2173
2174
2182
2183
2191
2192
2194
2195
2199
2201
2203
2205
2216
2222
2225
2226
2229
2232
2237
2238
2245
2250
2263
2269
2285
2287
2298
2303
2314
2315
2322
2324
2329
2334
2335
2337
2349
2351
2361
2364
2367
2371
2394
2400
2402
2415
2421
2423
2425
2428
2435
2438
2441
2447
2459
2461
2463
2466
2467
2470
2479
2481
2482
2484
2489
2494
2516
2517
2518
2523
2528
2529
2532
2534
2536
2545
2546
2547
2554
2562
2565
2567
2569
2576
2578
2582
2585
2587
2593
2594
2595
2599
2602
2607
2608
2609
2610
2621
2623
2627
2636
2642
2643
2644
2646
2649
2650
2655
2657
2658
2661
2668
2673
2674
2676
2677
2680
2681
2682
2690
2696
2697
2703
2704
2706
2707
2715
2722
2723
2724
2731
2733
2736
2741
2746
2750
2751
2756
2760
2763
2764
2766
2767
2768
2769
2770
2787
2790
2796
2803
2807
2809
2812
2813
2818
2824
2834
2841
2842
2844
2847
2850
2852
2853
2855
2858
2861
2866
2868
2870
2887
2888
2890
2894
2901
2909
2912
2915
2917
2923
2941
2953
2954
2959
2961
2966
2978
2984
2989
2990
3006
3015
3019
3020
3023
3024
3027
3043
3044
3060
3070
3080
3083
3084
3087
3103
3112
3124
3139
3140
3143
3147
3151
3160
3164
3172
3188
3191
3193
3194
3203
3206
3210
3214
3217
3221
3224
3239
3240
3242
3249
3263
3264
3268
3273
3275
3281
3283
3295
3309
3310
3312
3318
3320
3324
3325
3327
3329
3330
3332
3338
3340
3342
3343
3344
3355
3356
3361
3366
3378
3382
3385
3387
3393
3395
3397
3404
3406
3411
3417
3419
3420
3428
3438
3439
3446
3452
3456
3468
3469
3471
3487
3493
3494
3495
3498
3511
3515
3521
3526
3527
3534
3546
3553
3560
3570
3574
3578
3581
3583
3584
3596
3602
3608
3612
3615
3617
3621
3628
3634
3639
3640
3644
3646
3654
3657
3664
3666
3668
3675
3680
3681
3682
3694
3698
3700
3716
3721
3725
3726
3731
3738
3739
3742
3743
3751
3761
3764
3765
3777
3784
3785
3787
3788
3795
3796
3798
3800
3801
3803
3823
3846
3858
3859
3872
3876
3877
3886
3887
3892
3893
3895
3896
3901
3903
3906
3912
3916
3917
3932
3940
3941
3943
3946
3954
3959
3961
3963
3964
3968
3972
3973
3976
3977
3997
3998
4023
4029
4034
4043
4044
4054
4070
4072
4095
4105
4111
4125
4135
4136
4144
4147
4148
4156
4157
4168
4170
4171
4175
4176
4179
4183
4191
4197
4213
4226
4232
4241
4250
4252
4271
4272
4274
4285
4296
4300
4307
4308
4310
4328
4341
4343
4345
4352
4355
4365
4368
4372
4383
4394
4398
4399
4401
4406
4412
4416
4444
4450
4451
4456
4459
4464
4478
4496
4499
4520
4525
4530
4549
4552
4555
4568
4583
4599
4623
4631
4632
4648
4660
4662
4663
4673
4683
4691
4703
4707
4708
4710
4714
4728
4730
4731
4747
4764
4773
4774
4777
4782
4786
4797
4804
4806
4809
4811
4827
4830
4835
4839
4846
4864
4868
4888
4915
4917
4919
4926
4927
4936
4938
4947
4950
4955
4965
4969
4992
4996
4997
5000
5013
5023
5026
5034
5036
5049
5050
5053
5054
5060
5067
5068
5077
5079
5080
5081
5091
5096
5099
5107
5108
5115
5117
5123
5124
5125
5128
5130
5131
5134
5136
5137
5142
5145
5147
5154
5155
5157
5166
5170
5172
5173
5174
5175
5177
5181
5184
5187
5192
5194
5197
5198
5200
5201
5203
5205
5207
5208
5209
5216
5218
5221
5224
5226
5230
5231
5239
5244
5246
5247
5248
5250
5251
5256
5267
5269
5273
5282
5284
5289
5290
5292
5293
5303
5304
5306
5308
5311
5315
5332
5342
5346
5376
5384
5409
5412
5420
5435
5437
5438
5442
5450
5465
5467
5474
5475
5495
5507
5508
5512
5525
5527
5529
5534
5536
5540
5541
5546
5547
5548
5549
5551
5552
5555
5556
5557
5558
5560
5563
5566
5567
5572
5575
5580
5583
5587
5588
5589
5592
5596
5606
5609
5611
5614
5615
5621
5622
5626
5628
5634
5635
5636
5643
5645
5646
5649
5653
5655
5657
5660
5665
5668
5669
5671
5672
5673
5674
5679
5680
5688
5689
5690
5693
5695
5697
5705
5715
5718
5719
5720
5723
5724
5727
5729
5733
5735
5738
5739
5747
5748
5753
5754
5756
5761
5770
5773
5776
5778
5782
5787
5789
5791
5792
5793
5796
5799
5801
5802
5804
5805
5812
5815
5816
5817
5819
5820
5824
5826
5827
5829
5835
5839
5841
5851
5863
5864
5865
5867
5878
5881
5883
5887
5889
5890
5892
5894
5895
5896
5897
5901
5902
5910
5913
5914
5919
5920
5921
5925
5926
5928
5933
5936
5948
5949
5950
5951
5957
5959
5963
5964
5966
5968
5972
5976
5977
5980
5986
5990
5991
6000
6012
6016
6019
6020
6023
6031
6033
6036
6037
6038
6040
6043
6047
6049
6053
6057
6061
6064
6071
6072
6076
6080
6088
6091
6092
6094
6095
6098
6103
6108
6120
6123
6124
6126
6150
6151
6152
6156
6170
6177
6178
6184
6196
6198
6203
6204
6208
6221
6222
6230
6240
6246
6248
6250
6251
6252
6255
6257
6278
6282
6283
6285
6300
6307
6316
6325
6326
6331
6332
6334
6347
6353
6357
6362
6367
6370
6379
6381
6382
6399
6402
6404
6408
6418
6422
6435
6437
6440
6442
6447
6449
6452
6467
6470
6471
6473
6474
6476
6477
6478
6491
6497
6501
6502
6505
6509
6511
6512
6513
6514
6523
6530
6532
6537
6545
6554
6556
6561
6568
6569
6574
6578
6579
6582
6586
6588
6589
6591
6597
6599
6601
6603
6609
6618
6625
6630
6635
6638
6643
6644
6645
6646
6649
6651
6652
6654
6658
6659
6660
6666
6667
6671
6673
6682
6683
6686
6689
6691
6692
6694
6695
6696
6698
6701
6703
6709
6716
6719
6721
6730
6738
6740
6744
6749
6750
6753
6757
6758
6761
6768
6771
6772
6773
6774
6776
6779
6782
6788
6790
6791
6793
6797
6798
6803
6804
6805
6811
6814
6820
6821
6824
6828
6829
6830
6837
6847
6848
6851
6856
6858
6862
6864
6866
6868
6871
6872
6874
6884
6885
6887
6888
6890
6900
6906
6911
6912
6919
6921
6922
6923
6928
6930
6931
6932
6933
6935
6938
6944
6951
6954
6958
6966
6973
6974
6975
6978
6981
6987
6989
6990
6991
6993
6999
7004
7015
7019
7026
7047
7049
7057
7059
7062
7063
7071
7072
7102
7112
7117
7119
7121
7122
7150
7154
7157
7158
7162
7163
7169
7174
7197
7200
7206
7214
7219
7238
7246
7248
7255
7260
7280
7283
7296
7300
7304
7317
7318
7326
7333
7341
7351
7354
7360
7366
7401
7414
7415
7419
7434
7437
7441
7449
7452
7470
7472
7474
7475
7483
7494
7497
7498
7500
7507
7514
7517
7523
7526
7528
7538
7550
7552
7559
7568
7586
7588
7596
7599
7604
7611
7615
7629
7633
7638
7657
7662
7674
7677
7703
7709
7745
7756
7760
7762
7784
7789
7800
7805
7810
7819
7821
7823
7828
7848
7851
7855
7856
7868
7885
7886
7897
7905
7906
7907
7917
7928
7941
7946
7958
7968
7972
7990
7992
7999
8003
8006
8010
8015
8021
8033
8036
8037
8050
8063
8086
8103
8104
8106
8112
8114
8115
8129
8140
8173
8178
8184
8186
8189
8199
8200
8205
8207
8212
8214
8223
8233
8235
8242
8250
8255
8256
8267
8268
8269
8272
8274
8276
8282
8286
8287
8290
8300
8302
8306
8312
8318
8321
8333
8340
8341
8346
8353
8364
8368
8379
8413
8418
8421
8434
8436
8437
8443
8447
8469
8477
8478
8500
8502
8503
8516
8518
8524
8528
8529
8535
8544
8546
8553
8554
8560
8562
8565
8577
8578
8583
8586
8588
8589
8593
8595
8597
8598
8599
8600
8602
8603
8615
8624
8636
8637
8642
8649
8665
8667
8679
8690
8693
8698
8709
8716
8725
8730
8741
8745
8753
8761
8782
8797
8813
8819
8825
8829
8839
8842
8847
8850
8852
8857
8861
8862
8864
8870
8874
8883
8892
8898
8904
8905
8908
8909
8915
8923
8926
8928
8933
8935
8939
8941
8942
8948
8952
8954
8956
8960
8967
8969
8975
8984
8986
8990
8993
8999
9002
9005
9009
9018
9019
9020
9023
9025
9029
9035
9039
9055
9062
9074
9086
9104
9107
9108
9122
9125
9135
9142
9146
9148
9153
9160
9161
9163
9164
9168
9184
9192
9196
9208
9209
9211
9212
9226
9240
9245
9246
9257
9261
9263
9266
9271
9292
9298
9312
9313
9327
9337
9340
9361
9363
9378
9381
9401
9403
9405
9412
9428
9449
9452
9473
9481
9485
9486
9488
9491
9505
9514
9519
9522
9523
9530
9533
9534
9544
9547
9560
9574
9578
9586
9590
9594
9595
9597
9605
9609
9611
9613
9617
9626
9628
9630
9640
9645
9657
9665
9672
9674
9676
9679
9681
9685
9694
9699
9700
9701
9704
9708
9721
9742
9745
9755
9757
9760
9778
9780
9796
9801
9802
9805
9808
9820
9822
9823
9825
9828
9838
9841
9856
9871
9889
9892
9917
9920
9926
9938
9939
9942
9951
9952
9968
9972
9977
9979
9980
9995
10004
10006
10009
10021
10035
10043
10054
10072
10081
10082
10094
10105
10106
10116
10125
10133
10136
10141
10151
10152
10155
10159
10166
10186
10191
10271
10282
10291
10295
10301
10308
10310
10316
10348
10349
10350
10369
10376
10378
10398
10403
10418
10419
10422
10427
10447
10448
10455
10477
10480
10496
10500
10507
10512
10516
10517
10524
10527
10529
10533
10536
10542
10546
10549
10550
10557
10560
10565
10576
10578
10579
10580
10581
10582
10585
10586
10594
10597
10600
10606
10612
10614
10623
10635
10639
10642
10643
10644
10649
10652
10660
10668
10673
10675
10681
10682
10687
10688
10689
10692
10694
10707
10711
10714
10716
10719
10734
10738
10742
10743
10746
10752
10765
10768
10775
10780
10790
10795
10803
10808
10810
10811
10825
10826
10831
10836
10839
10841
10843
10845
10851
10858
10859
10869
10870
10871
10876
10878
10881
10884
10890
10895
10896
10897
10912
10938
10939
10945
10953
10959
10960
10965
10968
10971
10978
10982
10993
10998
11004
11010
11011
11013
11020
11028
11032
11039
11047
11048
11049
11058
11068
11070
11084
11091
11102
11105
11107
11123
11132
11172
11184
11185
11187
11194
11196
11208
11228
11249
11276
11283
11304
11323
11336
11339
11343
11349
11360
11361
11382
11395
11397
11407
11409
11420
11421
11424
11469
11475
11477
11481
11498
11504
11507
11511
11512
11516
11517
11524
11526
11529
11533
11544
11545
11550
11551
11552
11555
11560
11561
11565
11567
11568
11576
11578
11581
11582
11605
11607
11613
11623
11625
11627
11628
11633
11645
11649
11651
11656
11661
11668
11671
11673
11675
11679
11681
11690
11694
11705
11711
11713
11722
11723
11732
11737
11739
11741
11745
11750
11751
11755
11756
11763
11764
11769
11771
11778
11789
11793
11800
11805
11808
11810
11812
11818
11827
11829
11833
11846
11848
11856
11858
11862
11866
11868
11870
11876
11878
11879
11882
11884
11885
11886
11888
11905
11907
11911
11912
11918
11922
11935
11939
11940
11943
11944
11946
11949
11951
11953
11958
11963
11964
11970
11971
11973
11977
11981
11982
11989
11995
11996
12015
12018
12027
12033
12041
12058
12078
12079
12080
12085
12088
12109
12115
12126
12131
12149
12150
12154
12181
12187
12199
12206
12215
12217
12221
12222
12230
12232
12242
12256
12272
12279
12285
12286
12313
12318
12319
12323
12324
12329
12340
12344
12360
12368
12379
12390
12393
12398
12414
12415
12417
12419
12423
12458
12467
12473
12478
12480
12484
12485
12497
12498
12500
12526
12529
12532
12533
12540
12544
12548
12552
12553
12561
12565
12567
12570
12574
12576
12579
12589
12595
12600
12603
12617
12623
12627
12635
12646
12650
12653
12655
12659
12665
12667
12669
12675
12677
12682
12683
12684
12686
12688
12694
12695
12696
12698
12708
12719
12732
12733
12735
12738
12740
12742
12749
12761
12768
12771
12774
12778
12790
12795
12797
12802
12807
12808
12825
12832
12834
12849
12857
12862
12864
12867
12870
12886
12889
12892
12898
12904
12907
12908
12913
12919
12929
12930
12932
12936
12938
12940
12946
12969
12975
12984
12987
12998
13024
13032
13038
13044
13055
13057
13062
13063
13066
13071
13080
13087
13090
13096
13098
13107
13113
13114
13125
13129
13134
13137
13143
13146
13148
13162
13163
13164
13166
13169
13173
13177
13200
13235
13240
13247
13249
13258
13260
13266
13268
13274
13278
13283
13287
13290
13296
13298
13324
13328
13330
13331
13339
13341
13343
13351
13352
13361
13371
13377
13383
13388
13390
13397
13407
13409
13415
13419
13421
13422
13423
13424
13439
13440
13448
13499
13500
13501
13505
13509
13511
13515
13516
13517
13519
13524
13527
13533
13537
13541
13544
13545
13548
13551
13553
13556
13562
13564
13568
13572
13575
13579
13582
13584
13591
13592
13602
13603
13608
13609
13613
13615
13618
13620
13621
13622
13625
13627
13629
13631
13635
13647
13658
13659
13660
13665
13670
13677
13678
13681
13682
13684
13685
13686
13690
13691
13692
13693
13695
13697
13704
13705
13710
13713
13722
13731
13732
13735
13736
13739
13743
13753
13755
13764
13767
13769
13770
13772
13776
13781
13788
13794
13796
13797
13799
13802
13811
13814
13815
13816
13818
13821
13823
13825
13829
13835
13847
13850
13853
13854
13857
13858
13867
13870
13876
13896
13906
13907
13911
13914
13921
13922
13923
13926
13927
13931
13932
13938
13941
13942
13943
13949
13955
13962
13967
13969
13977
13978
13981
13983
13986
13989
13996
13997
13999
14003
14018
14022
14026
14029
14056
14058
14064
14092
14104
14105
14107
14111
14131
14135
14137
14148
14157
14162
14165
14167
14188
14190
14194
14201
14206
14229
14248
14251
14260
14267
14278
14282
14302
14303
14316
14321
14331
14333
14344
14358
14380
14394
14415
14423
14425
14439
14448
14453
14454
14463
14468
14469
14490
14519
14521
14531
14537
14548
14571
14590
14645
14665
14668
14672
14695
14736
14753
14775
14781
14799
14814
14820
14837
14848
14851
14854
14861
14877
14879
14890
14893
14903
14913
14917
14920
14922
14926
14943
14948
14951
14959
14965
14993
15002
15005
15012
15020
15022
15029
15034
15036
15042
15045
15046
15047
15048
15050
15051
15056
15059
15060
15061
15063
15065
15066
15074
15075
15076
15078
15080
15087
15089
15091
15092
15094
15095
15096
15097
15098
15100
15101
15103
15106
15107
15110
15113
15117
15118
15119
15120
15121
15123
15134
15135
15138
15140
15141
15147
15152
15155
15167
15169
15173
15175
15179
15180
15182
15185
15197
15198
15201
15205
15207
15211
15214
15218
15220
15223
15232
15236
15239
15248
15252
15256
15257
15258
15263
15270
15273
15275
15280
15281
15287
15288
15289
15292
15293
15294
15296
15298
15299
15301
15304
15310
15313
15315
15316
15317
15321
15322
15323
15324
15326
15330
15337
15339
15340
15341
15344
15345
15346
15348
15350
15351
15352
15353
15354
15356
15361
15365
15367
15372
15373
15374
15378
15398
15400
15403
15405
15407
15409
15411
15423
15428
15435
15438
15441
15447
15449
15456
15461
15467
15471
15482
15483
15485
15489
15490
15494
15496
15497
15498
15505
15508
15513
15525
15527
15539
15543
15546
15572
15580
15583
15587
15588
15592
15595
15596
15597
15598
15602
15604
15606
15609
15615
15622
15627
15644
15646
15650
15656
15667
15672
15676
15680
15681
15683
15685
15688
15697
15699
15700
15702
15709
15727
15735
15738
15747
15751
15756
15763
15770
15771
15772
15777
15780
15788
15796
15806
15807
15812
15819
15822
15830
15834
15841
15843
15850
15851
15857
15858
15866
15874
15875
15889
15890
15905
15906
15907
15908
15914
15917
15919
15920
15923
15925
15928
15932
15933
15934
15939
15940
15941
15944
15956
15962
15967
15970
15974
15975
15976
15978
15979
15980
15981
15996
16002
16005
16016
16020
16021
16024
16025
16027
16029
16031
16032
16042
16047
16063
16068
16070
16072
16078
16096
16100
16114
16122
16129
16130
16137
16153
16160
16161
16166
16184
16189
16196
16207
16209
16210
16216
16217
16218
16219
16220
16243
16257
16276
16278
16280
16294
16296
16297
16299
16300
16301
16324
16329
16337
16354
16359
16365
16381
16401
16410
16425
16432
16433
16437
16440
16442
16454
16456
16473
16474
16475
16483
16501
16509
16515
16520
16521
16523
16527
16535
16536
16545
16546
16548
16549
16552
16555
16556
16558
16559
16562
16563
16566
16572
16573
16576
16577
16582
16586
16588
16589
16594
16598
16605
16610
16620
16622
16626
16634
16636
16662
16664
16667
16668
16684
16686
16691
16694
16699
16701
16704
16709
16710
16714
16716
16720
16722
16724
16727
16730
16731
16733
16738
16740
16744
16746
16750
16751
16758
16763
16770
16777
16779
16783
16784
16786
16787
16790
16792
16801
16805
16808
16826
16836
16837
16846
16856
16860
16861
16866
16871
16876
16878
16879
16884
16891
16893
16896
16898
16903
16904
16908
16913
16916
16917
16924
16927
16929
16933
16936
16941
16946
16949
16955
16962
16963
16964
16966
16973
16975
16977
16978
16979
16986
16989
16990
16992
16994
17002
17007
17010
17011
17030
17031
17038
17043
17050
17052
17067
17071
17077
17079
17090
17108
17113
17114
17115
17121
17128
17136
17156
17160
17168
17170
17183
17189
17198
17199
17227
17232
17259
17263
17293
17295
17300
17316
17337
17340
17347
17352
17357
17373
17374
17379
17391
17394
17402
17409
17418
17419
17423
17428
17430
17431
17432
17439
17449
17470
17477
17486
17501
17502
17505
17507
17508
17509
17513
17515
17516
17517
17520
17523
17524
17525
17526
17528
17529
17536
17537
17540
17543
17544
17548
17549
17554
17555
17556
17561
17563
17564
17565
17568
17571
17573
17578
17580
17582
17584
17585
17590
17593
17595
17598
17600
17601
17603
17605
17607
17610
17612
17613
17619
17620
17621
17625
17630
17632
17634
17635
17636
17638
17639
17643
17646
17647
17649
17651
17652
17653
17654
17655
17656
17659
17661
17671
17672
17674
17676
17680
17681
17689
17691
17695
17698
17699
17700
17701
17703
17705
17709
17714
17717
17718
17719
17721
17724
17725
17726
17727
17728
17729
17730
17733
17734
17737
17738
17739
17740
17741
17743
17745
17747
17749
17753
17754
17757
17760
17762
17763
17764
17765
17766
17767
17769
17773
17774
17777
17778
17783
17784
17785
17787
17789
17790
17792
17793
17794
17797
17800
17802
17803
17804
17807
17808
17814
17815
17819
17823
17825
17826
17827
17830
17834
17840
17841
17844
17851
17852
17859
17863
17870
17871
17872
17873
17875
17876
17877
17880
17882
17885
17889
17892
17894
17896
17897
17898
17900
17901
17903
17904
17906
17907
17911
17913
17914
17916
17918
17920
17923
17926
17929
17933
17935
17937
17938
17942
17946
17947
17951
17952
17953
17956
17959
17963
17967
17968
17969
17970
17971
17972
17975
17984
17985
17990
17993
17994
17997
17998
18019
18030
18045
18053
18060
18061
18070
18074
18078
18082
18085
18086
18090
18092
18095
18096
18097
18099
18113
18119
18129
18142
18151
18159
18177
18179
18187
18200
18202
18217
18223
18245
18246
18249
18259
18265
18267
18268
18270
18271
18276
18289
18294
18303
18304
18314
18319
18337
18338
18341
18342
18345
18347
18348
18350
18351
18353
18357
18377
18380
18384
18397
18412
18414
18417
18418
18426
18433
18435
18441
18442
18455
18458
18462
18468
18469
18486
18487
18489
18496
18499
18502
18506
18512
18514
18518
18521
18525
18533
18534
18540
18542
18544
18550
18551
18552
18557
18559
18570
18571
18577
18583
18588
18589
18592
18597
18598
18599
18606
18612
18616
18617
18621
18625
18627
18631
18632
18636
18637
18639
18640
18641
18645
18646
18653
18654
18656
18657
18658
18660
18663
18668
18675
18681
18691
18701
18703
18705
18706
18711
18715
18717
18718
18721
18726
18727
18732
18737
18739
18745
18746
18748
18752
18754
18755
18762
18771
18772
18781
18784
18786
18793
18794
18797
18803
18814
18816
18819
18821
18824
18826
18830
18831
18833
18838
18840
18841
18847
18852
18869
18870
18879
18881
18889
18890
18895
18897
18903
18908
18911
18915
18917
18918
18920
18924
18927
18930
18931
18941
18945
18949
18950
18951
18952
18953
18956
18979
18982
18983
18986
19003
19009
19010
19013
19020
19025
19026
19028
19031
19032
19035
19036
19037
19047
19048
19063
19065
19072
19079
19081
19092
19098
19099
19100
19101
19117
19119
19121
19122
19125
19128
19130
19132
19148
19149
19159
19178
19183
19185
19188
19192
19197
19198
19203
19204
19208
19219
19220
19225
19229
19238
19239
19240
19245
19249
19251
19259
19265
19266
19267
19268
19275
19276
19278
19280
19282
19287
19289
19291
19294
19301
19308
19318
19324
19328
19333
19334
19336
19339
19343
19346
19356
19377
19378
19380
19381
19384
19392
19395
19400
19406
19408
19410
19414
19418
19420
19426
19431
19432
19433
19436
19438
19446
19453
19454
19458
19459
19464
19469
19481
19499
19502
19504
19516
19534
19555
19556
19581
19591
19618
19655
19681
19682
19707
19719
19728
19752
19758
19769
19795
19796
19799
19806
19808
19813
19817
19819
19845
19858
19869
19871
19892
19896
19903
19907
19920
19931
19948
19965
19975
19980
19982
19983
19998
20004
20012
20024
20039
20040
20044
20072
20073
20094
20097
20103
20111
20114
20116
20143
20148
20156
20170
20174
20175
20189
20190
20193
20205
20227
20243
20252
20274
20288
20293
20299
20307
20308
20324
20335
20337
20340
20350
20356
20384
20389
20394
20411
20419
20431
20435
20437
20444
20445
20450
20468
20471
20472
20475
20483
20485
20494
20497
20501
20517
20519
20548
20549
20556
20563
20593
20607
20625
20628
20637
20647
20668
20676
20681
20687
20694
20708
20742
20750
20767
20768
20776
20778
20786
20800
20810
20817
20825
20831
20848
20852
20864
20866
20868
20884
20886
20892
20896
20912
20930
20931
20945
20959
20971
20985
20988
20991
20998
21007
21011
21013
21018
21020
21039
21042
21046
21047
21052
21058
21059
21066
21068
21077
21082
21090
21099
21100
21106
21109
21117
21119
21127
21130
21134
21135
21145
21160
21162
21163
21168
21183
21184
21187
21194
21200
21224
21226
21228
21229
21238
21254
21264
21265
21266
21269
21277
21278
21282
21286
21287
21290
21293
21294
21306
21309
21313
21323
21332
21333
21335
21336
21350
21362
21373
21375
21381
21386
21389
21390
21392
21402
21403
21404
21407
21410
21416
21417
21419
21420
21422
21428
21432
21447
21456
21458
21459
21470
21473
21475
21479
21489
21493
21496
21498
21499
21505
21514
21515
21520
21533
21536
21542
21545
21547
21552
21555
21561
21566
21572
21574
21586
21587
21591
21593
21599
21605
21606
21615
21616
21627
21643
21646
21648
21660
21669
21671
21676
21682
21685
21689
21694
21702
21708
21712
21723
21725
21726
21738
21741
21744
21747
21760
21761
21765
21787
21790
21794
21810
21812
21826
21831
21845
21849
21852
21860
21869
21877
21879
21883
21884
21887
21890
21892
21902
21906
21933
21947
21952
21957
21962
21975
21976
21977
21980
21988
21996
22012
22013
22034
22042
22048
22051
22053
22065
22071
22073
22082
22083
22085
22095
22098
22101
22102
22106
22112
22113
22114
22119
22122
22128
22129
22134
22137
22141
22155
22160
22166
22169
22170
22172
22175
22180
22185
22189
22214
22228
22229
22230
22232
22235
22237
22247
22254
22255
22256
22261
22263
22267
22269
22287
22290
22296
22299
22306
22309
22310
22311
22312
22314
22317
22323
22325
22326
22331
22334
22341
22348
22358
22370
22373
22393
22400
22413
22417
22419
22421
22425
22429
22439
22443
22445
22447
22456
22459
22464
22471
22485
22486
22501
22505
22508
22511
22516
22518
22532
22538
22540
22543
22546
22549
22552
22557
22561
22563
22569
22572
22574
22576
22579
22582
22585
22590
22592
22594
22600
22601
22604
22606
22609
22610
22622
22624
22631
22640
22641
22648
22651
22652
22653
22659
22660
22669
22675
22680
22687
22692
22697
22702
22703
22704
22706
22707
22712
22717
22722
22730
22734
22739
22751
22753
22771
22772
22773
22779
22781
22784
22789
22809
22816
22820
22822
22825
22829
22833
22835
22838
22842
22843
22848
22859
22860
22867
22871
22873
22881
22891
22893
22896
22898
22907
22912
22918
22920
22925
22934
22943
22945
22946
22958
22963
22973
22975
22977
22978
22980
22982
22983
22994
22995
22996
22998
23001
23004
23009
23010
23011
23014
23017
23020
23022
23025
23030
23039
23040
23041
23042
23050
23053
23062
23065
23068
23070
23071
23074
23075
23081
23084
23087
23096
23097
23100
23112
23115
23116
23119
23121
23123
23127
23134
23135
23136
23138
23139
23142
23143
23144
23146
23154
23156
23169
23171
23173
23180
23181
23182
23183
23184
23188
23190
23194
23195
23196
23197
23198
23200
23203
23204
23211
23212
23214
23217
23223
23230
23238
23240
23244
23248
23252
23255
23256
23261
23262
23265
23268
23272
23275
23279
23280
23281
23283
23287
23289
23292
23294
23295
23299
23302
23303
23307
23311
23314
23315
23317
23318
23326
23330
23333
23336
23337
23349
23352
23353
23354
23358
23361
23363
23366
23369
23371
23374
23375
23381
23385
23388
23395
23401
23411
23414
23430
23431
23434
23437
23443
23444
23458
23461
23465
23466
23468
23469
23475
23477
23479
23480
23481
23482
23483
23484
23486
23487
23495
23499
23502
23504
23505
23508
23509
23511
23514
23515
23516
23517
23519
23525
23527
23531
23534
23535
23536
23539
23540
23542
23545
23546
23547
23548
23550
23556
23557
23558
23559
23563
23565
23566
23569
23570
23572
23573
23575
23582
23584
23588
23590
23592
23593
23595
23596
23597
23602
23603
23604
23606
23609
23611
23614
23616
23618
23626
23627
23628
23630
23632
23633
23637
23643
23644
23646
23650
23651
23652
23654
23660
23665
23668
23669
23672
23675
23677
23678
23679
23681
23684
23687
23691
23693
23694
23696
23703
23704
23706
23711
23712
23715
23718
23722
23724
23727
23736
23737
23738
23742
23747
23748
23749
23750
23756
23759
23761
23763
23764
23766
23770
23773
23777
23783
23784
23785
23786
23789
23791
23792
23796
23799
23802
23806
23807
23811
23815
23818
23819
23823
23824
23825
23826
23834
23836
23837
23838
23842
23847
23849
23856
23857
23859
23861
23863
23864
23870
23871
23875
23877
23878
23883
23889
23890
23891
23895
23896
23899
23900
23902
23903
23904
23905
23906
23910
23912
23913
23917
23918
23922
23924
23926
23927
23928
23930
23931
23935
23940
23942
23945
23949
23951
23952
23953
23954
23955
23959
23963
23965
23969
23970
23972
23975
23976
23977
23978
23979
23980
23983
23984
23985
23987
23988
23989
23996
24000
24009
24013
24022
24030
24034
24050
24051
24061
24062
24079
24085
24087
24091
24096
24101
24105
24108
24125
24132
24134
24138
24144
24156
24157
24158
24165
24169
24171
24183
24189
24190
24196
24198
24199
24205
24206
24210
24213
24227
24237
24240
24246
24249
24266
24272
24275
24277
24282
24283
24292
24298
24305
24326
24328
24341
24347
24348
24349
24368
24375
24379
24380
24387
24411
24416
24418
24420
24423
24424
24426
24429
24430
24435
24437
24447
24452
24455
24456
24467
24468
24470
24475
24478
24480
24481
24512
24515
24530
24539
24543
24547
24550
24555
24564
24566
24574
24575
24584
24585
24586
24600
24605
24606
24611
24613
24614
24616
24621
24626
24627
24639
24642
24647
24651
24656
24665
24666
24669
24674
24678
24684
24693
24698
24700
24709
24711
24712
24713
24718
24720
24721
24724
24727
24740
24747
24750
24751
24755
24756
24767
24773
24775
24784
24797
24815
24822
24829
24831
24834
24835
24836
24838
24840
24866
24869
24871
24878
24880
24882
24892
24897
24903
24908
24911
24920
24928
24936
24937
24944
24947
24948
24949
24953
24956
24965
24976
24980
24982
24999
25000
25005
25021
25042
25050
25061
25069
25073
25081
25089
25096
25100
25101
25106
25109
25117
25125
25131
25143
25149
25157
25161
25177
25199
25206
25208
25216
25222
25223
25224
25225
25227
25228
25237
25238
25248
25249
25251
25263
25276
25277
25284
25294
25300
25304
25315
25318
25323
25326
25331
25336
25338
25345
25346
25350
25352
25358
25359
25364
25370
25377
25380
25382
25383
25385
25390
25396
25397
25403
25405
25414
25419
25423
25426
25430
25434
25438
25441
25446
25451
25470
25475
25477
25478
25481
25490
25499
25512
25513
25514
25522
25527
25534
25538
25540
25543
25544
25546
25554
25558
25559
25563
25566
25569
25570
25571
25578
25593
25596
25602
25603
25608
25609
25621
25624
25635
25638
25649
25659
25664
25668
25669
25670
25680
25697
25702
25708
25709
25711
25713
25714
25717
25726
25735
25744
25753
25760
25764
25769
25770
25771
25774
25779
25780
25784
25789
25792
25795
25802
25806
25810
25811
25815
25816
25824
25828
25837
25838
25843
25845
25846
25850
25851
25866
25869
25882
25889
25904
25914
25918
25931
25954
25955
25957
25961
25962
25965
25977
25988
25993
25994
25998
26000
26001
26004
26008
26010
26013
26014
26015
26016
26017
26018
26020
26022
26024
26025
26027
26028
26031
26033
26034
26035
26037
26039
26040
26041
26046
26050
26051
26054
26055
26056
26057
26058
26059
26064
26065
26068
26069
26070
26071
26075
26078
26081
26082
26083
26086
26088
26089
26091
26093
26095
26096
26099
26100
26102
26109
26111
26113
26116
26120
26121
26125
26127
26128
26129
26131
26134
26135
26138
26141
26142
26145
26147
26148
26150
26151
26153
26155
26156
26157
26158
26159
26160
26163
26166
26168
26173
26174
26175
26176
26177
26179
26181
26182
26183
26184
26185
26186
26188
26192
26193
26194
26196
26201
26202
26203
26205
26206
26207
26208
26209
26210
26211
26212
26213
26214
26215
26219
26225
26227
26232
26234
26237
26238
26239
26242
26245
26246
26247
26251
26252
26253
26254
26256
26257
26264
26267
26269
26270
26274
26276
26277
26279
26281
26285
26287
26292
26293
26294
26295
26298
26300
26301
26302
26304
26306
26308
26309
26310
26312
26313
26314
26315
26319
26320
26322
26324
26330
26336
26338
26343
26344
26350
26352
26355
26356
26359
26360
26361
26362
26367
26374
26376
26378
26381
26382
26384
26385
26386
26387
26388
26390
26391
26393
26397
26398
26400
26401
26403
26404
26405
26406
26407
26408
26410
26411
26413
26414
26416
26418
26420
26421
26426
26427
26428
26430
26433
26435
26438
26439
26442
26443
26445
26450
26451
26453
26456
26457
26458
26459
26460
26463
26464
26466
26468
26470
26471
26472
26474
26476
26479
26480
26482
26484
26486
26491
26492
26494
26495
26496
26497
26499
26501
26508
26513
26514
26520
26532
26533
26534
26542
26543
26550
26555
26557
26561
26569
26574
26585
26588
26591
26599
26601
26604
26606
26609
26611
26626
26634
26640
26645
26662
26664
26668
26688
26692
26707
26711
26720
26732
26733
26737
26742
26743
26745
26750
26764
26768
26770
26778
26781
26789
26807
26810
26825
26827
26842
26844
26847
26849
26870
26875
26878
26884
26886
26887
26889
26890
26891
26894
26896
26912
26918
26934
26940
26941
26942
26944
26950
26961
26962
26969
26978
26982
26985
26997
26999
27002
27011
27012
27017
27021
27022
27035
27041
27043
27044
27047
27052
27062
27066
27067
27073
27074
27078
27079
27087
27090
27092
27095
27096
27099
27106
27112
27116
27122
27127
27131
27133
27136
27148
27151
27152
27153
27160
27161
27168
27170
27171
27176
27185
27187
27188
27192
27193
27194
27201
27202
27206
27208
27220
27221
27228
27242
27243
27249
27250
27255
27259
27273
27276
27278
27303
27307
27314
27317
27333
27348
27349
27353
27354
27358
27370
27378
27382
27394
27405
27415
27417
27418
27421
27422
27427
27430
27434
27437
27442
27446
27450
27459
27467
27473
27474
27476
27477
27479
27482
27483
27484
27485
27492
27496
27504
27516
27526
27527
27531
27537
27542
27544
27576
27580
27588
27596
27607
27618
27628
27633
27639
27642
27644
27647
27648
27653
27659
27660
27667
27671
27678
27684
27689
27690
27694
27706
27708
27730
27739
27754
27755
27762
27764
27765
27770
27788
27796
27801
27806
27811
27821
27822
27827
27828
27833
27834
27836
27840
27841
27842
27844
27848
27849
27862
27892
27895
27896
27898
27906
27909
27911
27912
27937
27956
27962
27967
27969
27973
28000
28004
28020
28032
28035
28037
28058
28059
28063
28068
28070
28083
28084
28123
28125
28126
28151
28168
28173
28177
28180
28213
28215
28224
28231
28233
28252
28253
28281
28291
28301
28317
28324
28336
28338
28343
28344
28376
28377
28393
28398
28405
28409
28421
28427
28429
28430
28440
28449
28456
28470
28475
28481
28488
28490
28508
28515
28521
28522
28526
28528
28543
28553
28556
28560
28563
28565
28570
28571
28582
28584
28590
28592
28600
28616
28619
28625
28627
28628
28629
28635
28637
28638
28642
28646
28652
28658
28662
28667
28671
28673
28675
28681
28686
28689
28691
28693
28701
28711
28718
28723
28737
28738
28740
28742
28743
28752
28763
28764
28765
28767
28768
28770
28773
28776
28777
28778
28780
28783
28785
28786
28795
28811
28812
28814
28815
28818
28820
28821
28825
28826
28827
28833
28847
28849
28853
28857
28858
28859
28866
28869
28870
28878
28881
28895
28908
28912
28918
28919
28920
28922
28923
28924
28928
28930
28933
28935
28940
28943
28944
28945
28947
28954
28962
28963
28969
28980
28983
28989
28999
29003
29005
29026
29030
29066
29069
29076
29103
29104
29105
29120
29127
29143
29147
29161
29162
29163
29173
29181
29185
29199
29208
29210
29211
29214
29226
29227
29241
29266
29274
29283
29302
29322
29331
29338
29340
29354
29355
29358
29359
29362
29369
29397
29408
29410
29412
29416
29425
29427
29428
29429
29432
29440
29456
29459
29472
29487
29500
29504
29505
29507
29510
29514
29516
29517
29520
29525
29527
29529
29535
29537
29538
29539
29541
29543
29545
29552
29555
29557
29561
29562
29563
29567
29568
29569
29572
29576
29580
29583
29584
29586
29587
29589
29591
29594
29597
29599
29600
29601
29604
29606
29607
29617
29619
29620
29623
29625
29631
29636
29638
29642
29644
29649
29655
29657
29658
29659
29661
29663
29664
29668
29671
29672
29679
29681
29685
29686
29689
29691
29692
29694
29702
29706
29707
29713
29714
29715
29716
29721
29722
29724
29725
29734
29735
29736
29740
29742
29752
29754
29766
29768
29774
29780
29781
29783
29784
29785
29786
29787
29794
29795
29802
29803
29806
29808
29815
29826
29832
29833
29834
29835
29837
29838
29840
29843
29847
29852
29859
29863
29865
29868
29871
29872
29876
29877
29878
29886
29888
29889
29892
29900
29905
29906
29911
29913
29914
29915
29929
29931
29932
29933
29934
29939
29945
29946
29950
29951
29953
29954
29962
29964
29965
29968
29969
29970
29971
29972
29974
29976
29978
29980
29981
29982
29985
29986
29987
29991
29995
29996
29997
29998
29999
30001
30011
30013
30015
30025
30027
30028
30040
30050
30062
30063
30067
30068
30070
30071
30078
30082
30085
30086
30093
30095
30098
30110
30117
30123
30125
30128
30129
30136
30138
30141
30143
30145
30146
30148
30159
30160
30164
30168
30171
30193
30194
30199
30200
30210
30217
30240
30242
30247
30250
30253
30267
30270
30273
30279
30284
30309
30316
30318
30324
30325
30328
30335
30337
30340
30350
30353
30359
30366
30367
30377
30378
30379
30380
30384
30388
30393
30394
30395
30398
30399
30402
30406
30420
30425
30426
30428
30430
30431
30434
30435
30436
30438
30443
30445
30449
30450
30452
30457
30462
30466
30468
30469
30475
30479
30482
30484
30485
30492
30498
30501
30504
30505
30507
30524
30531
30533
30537
30540
30543
30546
30557
30561
30574
30579
30593
30606
30617
30621
30622
30629
30636
30638
30640
30646
30658
30664
30666
30669
30675
30676
30680
30683
30697
30699
30703
30707
30709
30720
30722
30723
30724
30725
30728
30729
30730
30733
30734
30736
30737
30743
30745
30748
30749
30750
30753
30754
30762
30763
30764
30771
30772
30777
30781
30783
30785
30786
30792
30793
30797
30802
30808
30813
30819
30824
30828
30830
30835
30841
30848
30853
30860
30865
30867
30885
30895
30896
30898
30899
30901
30905
30917
30928
30932
30935
30936
30938
30941
30942
30944
30946
30950
30951
30952
30955
30958
30959
30960
30961
30972
30973
30977
30978
30983
30984
30985
30986
30990
30991
30992
30994
31000
31015
31018
31023
31024
31030
31032
31033
31037
31042
31045
31047
31060
31063
31067
31072
31075
31077
31079
31083
31084
31086
31094
31098
31102
31104
31105
31106
31108
31109
31111
31117
31120
31122
31127
31138
31139
31143
31144
31146
31149
31151
31154
31156
31158
31160
31163
31164
31166
31168
31174
31178
31179
31182
31183
31184
31194
31198
31203
31206
31207
31208
31209
31218
31226
31227
31228
31231
31234
31236
31242
31247
31255
31256
31258
31261
31265
31271
31273
31278
31279
31281
31283
31284
31287
31288
31290
31297
31301
31304
31308
31310
31312
31315
31319
31320
31322
31323
31324
31328
31330
31338
31339
31342
31345
31348
31362
31363
31369
31370
31375
31379
31384
31391
31393
31398
31399
31401
31403
31404
31406
31408
31411
31412
31415
31421
31427
31433
31435
31438
31439
31450
31459
31463
31482
31485
31493
31496
31508
31512
31513
31514
31521
31523
31529
31534
31535
31539
31554
31559
31560
31561
31564
31577
31578
31581
31588
31591
31600
31606
31610
31613
31626
31629
31631
31634
31639
31641
31662
31673
31675
31680
31681
31683
31686
31688
31689
31690
31694
31695
31698
31700
31704
31710
31713
31717
31728
31730
31748
31761
31764
31771
31772
31778
31784
31786
31787
31791
31798
31800
31805
31808
31820
31821
31824
31839
31840
31842
31847
31848
31849
31858
31861
31866
31871
31876
31892
31896
31900
31905
31907
31928
31953
31961
31969
31970
31975
31984
31995
32000
32006
32010
32012
32020
32021
32023
32032
32047
32054
32081
32084
32088
32097
32100
32108
32122
32137
32141
32165
32166
32169
32181
32182
32187
32204
32216
32226
32237
32238
32252
32256
32262
32275
32283
32291
32319
32325
32331
32332
32349
32363
32376
32382
32388
32395
32408
32415
32422
32430
32442
32454
32460
32468
32484
32487
32499
32507
32509
32524
32525
32534
32540
32554
32558
32560
32600
32601
32632
32635
32636
32638
32653
32680
32699
32711
32716
32720
32725
32730
32731
32740
32743
32744
32746
32755
32759
32768
32778
32779
32805
32815
32816
32817
32833
32853
32857
32859
32874
32901
32905
32910
32916
32921
32934
32939
32950
32959
32961
32968
32970
32972
32974
32979
32982
32983
32992
33024
33033
33050
33052
33054
33080
33084
33096
33122
33127
33132
33146
33156
33159
33160
33173
33176
33199
33217
33253
33254
33263
33277
33311
33336
33341
33344
33346
33351
33383
33387
33390
33396
33435
33437
33439
33456
33459
33462
33463
33470
33478
33486
33496
33503
33504
33510
33513
33520
33522
33534
33542
33549
33551
33556
33560
33566
33571
33572
33573
33575
33578
33580
33581
33582
33587
33592
33593
33595
33599
33605
33608
33618
33627
33633
33637
33639
33640
33649
33650
33652
33655
33657
33666
33667
33673
33678
33681
33687
33688
33701
33704
33705
33715
33717
33721
33727
33728
33730
33731
33733
33735
33743
33744
33749
33751
33754
33763
33766
33767
33775
33779
33783
33798
33800
33801
33802
33803
33818
33823
33828
33829
33835
33836
33839
33845
33855
33873
33882
33885
33894
33895
33899
33900
33901
33904
33909
33916
33917
33923
33925
33937
33940
33942
33953
33956
33957
33962
33975
33979
33981
33986
33989
33991
33993
34000
34001
34008
34012
34019
34021
34032
34039
34049
34073
34082
34085
34103
34113
34125
34136
34142
34143
34144
34151
34163
34165
34167
34168
34172
34186
34197
34203
34208
34215
34220
34225
34232
34253
34279
34302
34304
34314
34319
34332
34339
34349
34356
34366
34369
34380
34390
34398
34423
34428
34431
34432
34433
34435
34438
34455
34467
34486
34490
34508
34516
34522
34530
34539
34540
34544
34548
34555
34564
34572
34593
34594
34600
34614
34615
34644
34654
34666
34671
34676
34681
34716
34720
34724
34727
34733
34740
34743
34746
34748
34761
34764
34769
34775
34784
34787
34788
34795
34799
34807
34838
34850
34851
34853
34858
34891
34895
34900
34902
34907
34908
34914
34941
34942
34946
34950
34952
34960
34964
34968
34970
34981
34991
34994
34997
35000
35012
35013
35014
35016
35017
35020
35024
35026
35030
35034
35035
35037
35038
35045
35047
35051
35053
35057
35058
35061
35063
35064
35065
35072
35075
35077
35079
35095
35097
35100
35102
35105
35106
35118
35123
35125
35126
35127
35133
35138
35140
35150
35152
35155
35159
35164
35165
35170
35176
35178
35188
35193
35198
35200
35204
35213
35215
35216
35217
35219
35221
35223
35228
35231
35234
35235
35236
35238
35239
35242
35245
35264
35265
35266
35267
35269
35272
35273
35275
35281
35282
35287
35290
35294
35303
35304
35308
35314
35331
35333
35334
35335
35336
35339
35340
35342
35343
35344
35349
35350
35351
35352
35356
35358
35361
35364
35365
35370
35374
35375
35378
35383
35384
35386
35391
35393
35399
35409
35410
35413
35416
35421
35424
35430
35431
35436
35440
35445
35454
35457
35460
35463
35464
35466
35469
35473
35477
35480
35481
35483
35484
35485
35490
35491
35495
35498
35502
35504
35505
35508
35511
35516
35518
35520
35522
35524
35526
35531
35533
35538
35540
35541
35544
35545
35558
35559
35565
35567
35569
35576
35580
35581
35582
35586
35589
35591
35592
35595
35599
35603
35607
35608
35612
35613
35614
35616
35626
35641
35644
35646
35648
35657
35659
35660
35664
35672
35674
35676
35677
35678
35682
35684
35687
35689
35695
35700
35705
35709
35710
35712
35719
35720
35723
35728
35730
35733
35735
35736
35738
35742
35744
35747
35752
35753
35754
35759
35765
35767
35770
35776
35780
35785
35789
35790
35792
35798
35802
35806
35811
35814
35815
35817
35826
35829
35831
35834
35836
35838
35839
35840
35845
35851
35854
35860
35864
35865
35867
35868
35870
35871
35872
35873
35874
35875
35877
35879
35880
35884
35885
35890
35892
35895
35896
35903
35909
35911
35912
35920
35924
35928
35930
35932
35935
35938
35939
35947
35948
35949
35953
35960
35965
35969
35970
35972
35976
35982
35984
35990
35992
35994
35996
35999
36001
36008
36013
36018
36024
36029
36055
36061
36063
36066
36067
36070
36072
36075
36087
36091
36097
36106
36114
36122
36130
36131
36136
36146
36158
36159
36165
36167
36176
36186
36187
36192
36197
36202
36203
36217
36218
36219
36229
36232
36233
36242
36245
36247
36255
36272
36274
36275
36277
36286
36288
36290
36300
36302
36307
36308
36322
36325
36326
36334
36340
36361
36362
36364
36372
36385
36387
36390
36394
36401
36404
36406
36412
36416
36423
36431
36432
36439
36440
36445
36448
36449
36452
36455
36460
36462
36477
36478
36485
36486
36491
36492
36498
36502
36504
36507
36509
36510
36514
36517
36518
36522
36526
36528
36535
36546
36547
36551
36558
36560
36563
36567
36568
36571
36573
36581
36582
36584
36586
36587
36589
36594
36595
36597
36598
36602
36608
36609
36610
36615
36616
36617
36620
36624
36628
36630
36634
36636
36637
36638
36646
36654
36656
36661
36664
36665
36673
36674
36690
36692
36695
36696
36697
36698
36699
36701
36703
36711
36713
36715
36722
36724
36728
36730
36733
36734
36736
36738
36739
36749
36750
36752
36757
36758
36759
36765
36769
36776
36777
36781
36783
36785
36788
36789
36791
36796
36798
36800
36803
36804
36808
36809
36812
36815
36819
36820
36824
36827
36828
36830
36834
36837
36839
36840
36843
36845
36846
36848
36849
36850
36854
36856
36857
36860
36863
36864
36867
36873
36877
36878
36879
36883
36886
36887
36891
36892
36893
36897
36898
36901
36905
36908
36913
36914
36920
36924
36927
36936
36937
36938
36942
36945
36946
36947
36948
36949
36950
36952
36954
36956
36960
36963
36966
36967
36972
36974
36978
36979
36980
36990
36991
36994
36996
36997
36999
37007
37008
37015
37018
37021
37023
37029
37031
37033
37044
37045
37054
37056
37061
37062
37063
37065
37068
37073
37074
37081
37082
37092
37095
37098
37100
37103
37110
37112
37113
37117
37129
37131
37134
37136
37140
37145
37146
37147
37155
37159
37165
37174
37175
37177
37180
37183
37185
37188
37198
37199
37206
37207
37219
37222
37235
37236
37242
37250
37252
37255
37256
37258
37260
37261
37265
37275
37277
37278
37284
37288
37300
37305
37307
37317
37319
37325
37330
37333
37334
37336
37339
37341
37345
37351
37359
37366
37371
37372
37374
37378
37381
37388
37389
37390
37391
37392
37395
37400
37402
37403
37416
37417
37420
37430
37433
37436
37437
37438
37441
37442
37450
37457
37467
37468
37472
37476
37481
37489
37497
37502
37513
37514
37515
37517
37519
37532
37534
37550
37554
37561
37602
37644
37652
37655
37662
37670
37671
37712
37726
37736
37743
37751
37756
37762
37767
37773
37778
37784
37785
37787
37792
37805
37849
37851
37854
37861
37866
37879
37888
37897
37902
37908
37915
37933
37938
37940
37948
37958
37961
37968
37980
37981
37987
38011
38012
38013
38017
38028
38034
38035
38036
38038
38051
38055
38060
38068
38069
38074
38079
38082
38083
38089
38090
38100
38103
38106
38108
38109
38113
38116
38120
38123
38127
38129
38137
38139
38141
38150
38155
38163
38177
38182
38183
38195
38205
38206
38207
38210
38214
38216
38217
38220
38224
38243
38247
38252
38259
38263
38270
38279
38286
38330
38337
38347
38354
38356
38366
38368
38373
38392
38418
38434
38441
38444
38445
38446
38456
38458
38467
38477
38489
38491
38497
38506
38514
38540
38559
38584
38591
38593
38596
38600
38603
38611
38614
38615
38620
38624
38627
38639
38660
38677
38680
38693
38709
38712
38715
38724
38727
38729
38739
38742
38751
38753
38761
38763
38770
38777
38778
38791
38793
38797
38807
38811
38812
38815
38819
38829
38831
38839
38858
38862
38891
38893
38903
38909
38910
38911
38917
38918
38921
38922
38946
38950
38969
38972
38986
38992
39002
39007
39009
39011
39015
39017
39022
39023
39028
39030
39034
39037
39038
39045
39049
39051
39053
39056
39063
39067
39072
39076
39079
39083
39084
39097
39098
39102
39104
39107
39114
39120
39121
39135
39141
39149
39177
39180
39184
39185
39193
39198
39199
39200
39205
39208
39214
39215
39216
39217
39222
39223
39232
39251
39254
39255
39262
39265
39273
39284
39288
39289
39291
39302
39303
39306
39308
39311
39321
39322
39336
39340
39342
39361
39363
39367
39374
39378
39384
39393
39420
39429
39430
39432
39436
39446
39451
39453
39457
39466
39468
39470
39473
39480
39481
39482
39485
39503
39506
39508
39526
39549
39550
39572
39579
39589
39592
39600
39618
39619
39625
39632
39633
39638
39640
39650
39651
39652
39660
39670
39675
39677
39687
39689
39694
39697
39703
39708
39714
39718
39730
39735
39736
39744
39748
39749
39754
39755
39757
39774
39779
39788
39790
39791
39792
39797
39819
39827
39832
39839
39841
39843
39845
39848
39849
39852
39859
39861
39864
39868
39887
39898
39901
39919
39937
39939
39951
39956
39961
39971
39980
39983
39987
39988
39990
39992
40002
40016
40027
40029
40030
40032
40049
40067
40079
40081
40086
40087
40091
40108
40122
40123
40126
40134
40142
40144
40157
40162
40163
40167
40174
40177
40178
40180
40186
40188
40189
40192
40200
40202
40203
40209
40219
40225
40231
40238
40241
40242
40249
40252
40275
40303
40310
40317
40320
40328
40330
40346
40348
40356
40360
40374
40393
40397
40400
40403
40409
40412
40418
40420
40424
40425
40428
40430
40435
40453
40470
40486
40488
40489
40501
40502
40503
40506
40514
40517
40518
40523
40525
40528
40533
40534
40537
40542
40544
40546
40551
40552
40556
40557
40561
40562
40563
40566
40567
40568
40572
40573
40574
40576
40577
40578
40579
40580
40581
40584
40591
40593
40594
40595
40596
40597
40600
40605
40612
40614
40615
40616
40618
40620
40623
40633
40634
40640
40642
40643
40647
40650
40651
40652
40653
40655
40656
40657
40658
40662
40666
40669
40671
40672
40675
40677
40678
40680
40683
40686
40688
40703
40704
40708
40709
40715
40718
40722
40723
40724
40725
40729
40731
40734
40736
40737
40739
40740
40742
40743
40745
40746
40748
40751
40755
40756
40758
40759
40760
40765
40768
40770
40772
40774
40775
40777
40778
40783
40784
40785
40786
40788
40790
40793
40800
40801
40803
40804
40805
40809
40810
40811
40816
40817
40819
40822
40824
40825
40833
40839
40842
40843
40844
40848
40851
40852
40854
40855
40858
40859
40862
40863
40865
40866
40871
40872
40882
40885
40890
40892
40898
40899
40907
40908
40909
40910
40912
40914
40916
40922
40926
40929
40932
40935
40943
40946
40947
40948
40953
40954
40957
40958
40960
40961
40962
40964
40965
40966
40968
40969
40973
40974
40977
40978
40984
40987
40992
40994
41006
41011
41012
41015
41035
41087
41088
41103
41104
41117
41128
41132
41133
41135
41142
41154
41176
41182
41220
41228
41237
41240
41241
41242
41251
41252
41253
41266
41273
41286
41328
41342
41358
41372
41384
41399
41408
41410
41421
41433
41447
41448
41461
41466
41468
41501
41502
41508
41515
41516
41523
41525
41532
41534
41538
41540
41541
41543
41546
41550
41551
41554
41556
41557
41565
41566
41572
41574
41578
41580
41581
41585
41587
41589
41591
41594
41601
41603
41605
41621
41627
41633
41637
41638
41643
41646
41648
41659
41672
41673
41679
41686
41687
41691
41694
41695
41699
41702
41703
41708
41709
41719
41720
41723
41725
41729
41734
41738
41741
41751
41752
41755
41758
41766
41767
41768
41771
41773
41775
41779
41790
41794
41797
41799
41801
41805
41812
41816
41826
41827
41828
41833
41835
41846
41851
41852
41853
41854
41856
41860
41862
41864
41865
41870
41873
41877
41879
41884
41886
41894
41898
41899
41900
41901
41902
41903
41904
41908
41917
41918
41923
41928
41929
41930
41934
41942
41944
41946
41947
41948
41955
41956
41957
41960
41961
41963
41967
41969
41971
41972
41974
41978
41979
41981
41984
41985
41986
41992
41994
41996
41999
42010
42011
42014
42028
42033
42036
42045
42047
42050
42054
42062
42067
42086
42091
42101
42103
42108
42123
42135
42138
42140
42142
42148
42154
42157
42171
42175
42181
42186
42198
42210
42213
42214
42218
42220
42221
42231
42237
42240
42242
42247
42255
42261
42275
42282
42285
42289
42295
42301
42302
42304
42311
42312
42314
42315
42316
42341
42351
42358
42364
42365
42366
42379
42385
42390
42391
42394
42403
42404
42412
42415
42418
42420
42427
42431
42436
42440
42446
42451
42452
42453
42456
42467
42469
42472
42474
42477
42482
42485
42488
42490
42491
42499
42501
42512
42513
42517
42526
42539
42541
42542
42545
42548
42558
42562
42570
42576
42586
42594
42596
42597
42613
42621
42622
42630
42633
42639
42666
42673
42674
42678
42679
42680
42689
42690
42693
42698
42699
42703
42704
42711
42715
42717
42722
42726
42728
42735
42745
42759
42765
42769
42772
42783
42787
42790
42791
42792
42797
42801
42808
42811
42815
42832
42841
42843
42849
42850
42856
42857
42860
42861
42866
42869
42875
42879
42887
42888
42894
42903
42906
42920
42927
42930
42940
42941
42946
42960
42968
42984
42992
42994
43001
43025
43033
43039
43050
43052
43054
43056
43073
43079
43088
43136
43144
43169
43179
43181
43184
43185
43203
43213
43223
43232
43263
43264
43266
43267
43272
43279
43325
43333
43337
43367
43383
43388
43399
43403
43426
43428
43434
43440
43462
43474
43480
43486
43495
43499
43510
43513
43515
43521
43536
43537
43543
43549
43550
43552
43558
43568
43569
43573
43576
43580
43582
43593
43600
43601
43602
43604
43606
43608
43613
43616
43624
43631
43633
43637
43644
43645
43646
43649
43654
43659
43664
43667
43677
43683
43691
43692
43694
43695
43701
43708
43710
43714
43715
43719
43721
43726
43734
43737
43739
43741
43746
43749
43766
43769
43773
43774
43776
43777
43802
43806
43810
43818
43827
43829
43834
43839
43849
43859
43861
43868
43877
43883
43889
43893
43897
43899
43911
43912
43913
43916
43917
43920
43924
43930
43946
43947
43958
43965
43969
43973
43981
43987
43988
44005
44006
44012
44030
44063
44070
44075
44077
44079
44101
44112
44130
44133
44155
44164
44169
44176
44183
44184
44192
44195
44206
44210
44212
44215
44225
44231
44238
44240
44244
44248
44250
44255
44258
44261
44266
44270
44280
44291
44296
44312
44319
44327
44337
44341
44347
44352
44353
44355
44368
44370
44374
44377
44378
44385
44394
44409
44411
44418
44436
44439
44444
44450
44468
44484
44486
44488
44492
44495
44502
44513
44517
44527
44532
44534
44540
44551
44552
44558
44562
44565
44570
44572
44577
44579
44590
44591
44592
44593
44594
44603
44604
44609
44610
44624
44626
44631
44634
44639
44654
44670
44680
44688
44692
44693
44696
44701
44707
44709
44719
44732
44737
44739
44753
44756
44759
44761
44764
44775
44776
44779
44782
44785
44799
44802
44806
44809
44813
44815
44819
44824
44828
44831
44834
44844
44845
44849
44856
44857
44858
44873
44893
44896
44903
44909
44912
44918
44922
44934
44938
44939
44940
44944
44948
44952
44956
44957
44960
44962
44969
44971
44972
44982
44986
44987
44995
44999
45004
45005
45006
45015
45031
45039
45040
45041
45042
45044
45050
45053
45057
45059
45069
45074
45078
45080
45087
45088
45090
45091
45092
45097
45103
45110
45112
45116
45120
45129
45131
45132
45136
45140
45146
45153
45157
45158
45162
45165
45175
45178
45194
45196
45200
45203
45204
45208
45217
45223
45224
45227
45228
45229
45243
45252
45253
45254
45258
45259
45262
45263
45267
45270
45273
45279
45283
45284
45288
45292
45302
45313
45314
45320
45322
45323
45341
45349
45354
45359
45362
45375
45378
45379
45381
45383
45384
45392
45397
45402
45405
45406
45414
45416
45419
45422
45425
45427
45450
45453
45455
45459
45463
45480
45483
45489
45490
45493
45494
45499
45501
45534
45539
45556
45560
45561
45562
45591
45593
45594
45596
45616
45628
45639
45651
45654
45663
45664
45665
45669
45672
45680
45683
45695
45700
45714
45725
45729
45759
45774
45799
45800
45830
45831
45861
45882
45886
45890
45891
45895
45903
45904
45909
45912
45914
45926
45944
45946
45956
45957
45960
45981
45982
45983
46007
46008
46009
46010
46015
46019
46020
46023
46025
46026
46027
46028
46034
46037
46038
46040
46048
46049
46051
46052
46053
46054
46056
46057
46059
46062
46063
46071
46073
46075
46076
46080
46087
46098
46105
46106
46108
46116
46118
46119
46121
46122
46123
46124
46125
46127
46131
46134
46137
46141
46143
46144
46145
46148
46153
46154
46155
46166
46171
46172
46174
46178
46185
46189
46190
46191
46194
46195
46199
46200
46201
46207
46209
46216
46221
46223
46224
46226
46227
46229
46232
46233
46234
46238
46241
46244
46245
46247
46253
46254
46257
46261
46273
46281
46285
46286
46296
46297
46299
46300
46303
46305
46306
46311
46325
46331
46338
46339
46342
46343
46347
46359
46363
46373
46377
46378
46381
46382
46385
46386
46390
46395
46396
46397
46398
46401
46411
46413
46418
46420
46421
46428
46431
46433
46436
46437
46439
46443
46444
46450
46452
46453
46454
46455
46456
46457
46458
46459
46460
46461
46468
46470
46478
46479
46481
46486
46487
46489
46493
46498
46499
46506
46510
46514
46528
46532
46536
46540
46552
46577
46581
46582
46583
46588
46593
46601
46627
46634
46647
46648
46649
46654
46657
46662
46669
46670
46674
46704
46705
46706
46713
46715
46750
46765
46779
46780
46786
46790
46793
46795
46798
46804
46821
46822
46845
46869
46872
46902
46906
46909
46922
46924
46931
46932
46947
46954
46962
46964
46974
46976
46980
46981
46991
47014
47016
47023
47029
47039
47042
47051
47056
47069
47073
47089
47096
47097
47099
47105
47106
47112
47119
47121
47129
47141
47160
47166
47174
47178
47183
47191
47199
47201
47202
47219
47228
47236
47237
47244
47250
47266
47270
47273
47282
47286
47295
47301
47310
47311
47325
47326
47330
47331
47340
47345
47349
47351
47355
47364
47371
47375
47381
47384
47397
47407
47408
47428
47437
47441
47444
47453
47458
47473
47482
47501
47503
47506
47507
47515
47516
47520
47521
47522
47525
47535
47536
47537
47540
47549
47561
47562
47568
47569
47577
47585
47587
47591
47594
47596
47597
47599
47601
47602
47608
47610
47611
47612
47614
47620
47623
47625
47631
47633
47635
47639
47644
47646
47648
47650
47651
47654
47662
47664
47665
47667
47671
47672
47673
47674
47675
47677
47678
47679
47682
47687
47690
47691
47692
47693
47695
47700
47704
47707
47710
47711
47718
47722
47724
47725
47727
47730
47735
47738
47740
47744
47746
47751
47754
47757
47758
47764
47767
47770
47774
47775
47776
47784
47786
47788
47789
47791
47801
47807
47809
47818
47819
47825
47828
47831
47835
47836
47838
47842
47843
47847
47850
47851
47854
47855
47856
47858
47859
47862
47864
47865
47871
47872
47874
47876
47877
47880
47884
47886
47890
47891
47902
47906
47907
47909
47912
47914
47918
47922
47929
47934
47940
47941
47942
47946
47952
47954
47957
47958
47960
47965
47970
47972
47977
47980
47981
47994
47995
47996
48002
48003
48008
48012
48013
48014
48015
48016
48017
48018
48020
48024
48028
48030
48031
48033
48036
48043
48050
48051
48052
48057
48058
48062
48067
48068
48070
48071
48074
48075
48076
48077
48078
48083
48085
48087
48088
48089
48091
48093
48100
48101
48104
48117
48119
48121
48123
48126
48128
48137
48140
48141
48142
48145
48146
48150
48151
48152
48154
48158
48159
48160
48162
48166
48168
48171
48172
48176
48182
48188
48193
48194
48195
48196
48198
48199
48201
48204
48206
48207
48208
48210
48211
48212
48213
48215
48217
48218
48219
48224
48229
48231
48235
48240
48241
48242
48244
48245
48246
48250
48251
48260
48263
48264
48266
48268
48269
48272
48280
48281
48284
48291
48292
48293
48296
48299
48303
48306
48307
48309
48311
48312
48314
48315
48318
48319
48321
48330
48333
48334
48336
48337
48340
48343
48344
48345
48349
48350
48351
48354
48355
48357
48358
48359
48360
48362
48363
48366
48369
48370
48371
48372
48378
48379
48381
48384
48394
48396
48398
48405
48406
48407
48408
48412
48413
48415
48416
48419
48421
48424
48427
48442
48445
48450
48451
48452
48453
48456
48457
48459
48460
48461
48462
48464
48466
48467
48469
48472
48473
48474
48475
48478
48480
48485
48487
48489
48490
48493
48496
48498
48499
48512
48516
48520
48521
48528
48536
48541
48551
48552
48559
48561
48570
48576
48586
48592
48594
48604
48610
48629
48654
48660
48661
48662
48672
48679
48689
48699
48703
48707
48720
48728
48731
48754
48756
48758
48775
48782
48783
48786
48790
48796
48800
48803
48809
48812
48828
48831
48832
48836
48841
48843
48845
48857
48860
48863
48870
48873
48883
48890
48892
48896
48899
48907
48915
48918
48923
48925
48939
48943
48947
48960
48977
48999
49000
49001
49003
49004
49007
49010
49012
49013
49014
49015
49016
49018
49019
49021
49024
49025
49026
49028
49033
49034
49035
49037
49039
49040
49041
49046
49048
49051
49054
49055
49057
49058
49061
49062
49071
49073
49079
49081
49083
49085
49086
49087
49089
49096
49098
49099
49101
49103
49104
49106
49108
49109
49110
49112
49113
49114
49116
49119
49123
49125
49127
49129
49131
49132
49134
49135
49136
49137
49138
49141
49147
49151
49154
49157
49160
49163
49165
49167
49168
49172
49175
49177
49179
49180
49182
49186
49188
49189
49192
49194
49195
49199
49200
49201
49204
49206
49207
49208
49214
49217
49220
49221
49222
49223
49224
49225
49228
49233
49235
49236
49246
49248
49249
49250
49251
49252
49254
49259
49260
49263
49264
49265
49268
49269
49271
49272
49273
49274
49275
49276
49279
49280
49283
49285
49287
49290
49293
49301
49302
49305
49306
49307
49309
49311
49314
49317
49323
49324
49325
49326
49327
49329
49332
49333
49345
49353
49357
49364
49365
49370
49371
49375
49376
49377
49379
49380
49381
49383
49384
49385
49387
49389
49391
49393
49397
49403
49405
49406
49407
49408
49410
49415
49417
49418
49419
49420
49421
49425
49431
49435
49439
49440
49441
49442
49443
49444
49445
49446
49456
49457
49459
49464
49465
49466
49467
49469
49473
49474
49475
49478
49479
49481
49482
49483
49486
49487
49492
49493
49494
49495
49496
49497
49500
49512
49518
49519
49525
49532
49535
49541
49542
49550
49551
49560
49561
49562
49564
49580
49582
49588
49589
49593
49594
49597
49598
49599
49611
49617
49620
49621
49624
49629
49635
49642
49644
49676
49678
49684
49702
49718
49721
49725
49731
49739
49741
49753
49754
49761
49768
49771
49781
49788
49800
49802
49806
49811
49822
49827
49830
49831
49845
49856
49857
49859
49862
49870
49884
49885
49888
49900
49902
49908
49912
49915
49916
49931
49938
49943
49951
49954
49969
49977
49985
49987
49989
49991
49993
49994
49996
49997
