12
19
21
34
57
67
79
95
102
123
127
148
168
178
203
210
220
230
231
262
263
272
280
290
302
303
312
322
325
334
343
355
356
363
364
370
374
389
403
404
412
418
421
425
441
443
451
457
471
519
523
528
531
538
542
549
550
552
564
565
566
591
594
596
600
612
617
620
621
627
637
646
654
679
690
691
700
721
722
730
745
747
766
771
785
791
797
809
819
824
836
840
844
859
862
868
895
896
903
916
926
929
930
934
938
939
941
942
944
947
955
958
961
962
986
999
1000
1002
1004
1007
1012
1013
1018
1019
1020
1021
1022
1023
1024
1025
1026
1027
1028
1039
1040
1042
1045
1046
1050
1052
1059
1060
1062
1065
1067
1070
1072
1075
1077
1078
1079
1080
1085
1086
1089
1090
1093
1094
1096
1097
1102
1104
1109
1112
1124
1125
1131
1133
1134
1135
1136
1141
1143
1145
1148
1153
1158
1160
1161
1164
1165
1166
1169
1170
1179
1190
1191
1193
1198
1199
1203
1206
1211
1214
1215
1217
1222
1224
1226
1228
1230
1231
1241
1242
1243
1247
1253
1255
1258
1261
1262
1264
1274
1279
1280
1281
1282
1286
1287
1288
1289
1297
1300
1302
1305
1306
1307
1308
1310
1317
1318
1319
1325
1329
1330
1338
1343
1346
1349
1350
1351
1357
1359
1360
1361
1364
1367
1371
1379
1388
1389
1394
1398
1399
1403
1407
1408
1409
1410
1415
1420
1421
1422
1427
1429
1430
1432
1433
1436
1442
1448
1449
1451
1454
1457
1458
1459
1462
1471
1474
1476
1477
1479
1482
1488
1489
1493
1494
1497
1498
1499
1500
1501
1502
1503
1504
1505
1506
1507
1510
1512
1513
1514
1516
1518
1519
1520
1522
1523
1525
1528
1529
1530
1531
1533
1534
1535
1538
1539
1542
1543
1544
1545
1547
1549
1550
1552
1555
1556
1557
1558
1559
1560
1561
1562
1563
1565
1566
1567
1568
1570
1571
1572
1574
1575
1576
1577
1578
1581
1583
1584
1585
1587
1589
1592
1593
1594
1596
1597
1599
1600
1601
1602
1603
1606
1607
1608
1609
1610
1611
1612
1613
1614
1615
1616
1617
1618
1620
1621
1622
1624
1626
1627
1628
1629
1630
1632
1633
1634
1635
1636
1637
1638
1639
1642
1643
1646
1648
1649
1650
1651
1652
1654
1657
1658
1659
1660
1661
1662
1663
1664
1665
1666
1667
1669
1670
1672
1673
1674
1676
1677
1679
1680
1681
1682
1683
1684
1685
1687
1688
1689
1690
1691
1692
1693
1694
1695
1697
1698
1699
1700
1701
1703
1704
1705
1706
1707
1709
1710
1712
1713
1715
1716
1719
1720
1721
1722
1723
1724
1725
1726
1727
1728
1729
1730
1731
1733
1734
1735
1736
1738
1739
1741
1742
1743
1744
1745
1746
1748
1752
1753
1755
1756
1757
1758
1759
1760
1762
1764
1765
1767
1768
1771
1773
1775
1776
1777
1779
1780
1781
1784
1785
1786
1787
1788
1789
1790
1791
1792
1794
1795
1796
1797
1798
1802
1803
1804
1805
1806
1808
1809
1810
1811
1812
1815
1817
1818
1821
1822
1823
1824
1825
1826
1827
1829
1830
1832
1833
1836
1837
1838
1840
1841
1842
1843
1844
1846
1847
1848
1849
1852
1853
1855
1857
1860
1861
1864
1865
1866
1868
1870
1872
1873
1874
1877
1878
1879
1880
1881
1882
1883
1884
1885
1887
1889
1890
1891
1892
1893
1894
1895
1897
1901
1902
1903
1904
1905
1907
1908
1910
1911
1913
1914
1915
1916
1917
1918
1919
1920
1921
1922
1923
1924
1925
1926
1927
1929
1930
1931
1933
1934
1935
1936
1937
1940
1941
1943
1945
1946
1947
1949
1950
1951
1952
1953
1954
1957
1958
1961
1962
1963
1964
1965
1967
1968
1970
1971
1972
1973
1975
1976
1977
1978
1979
1982
1983
1984
1985
1986
1987
1988
1989
1991
1992
1993
1994
1996
1997
2000
2002
2003
2004
2005
2008
2009
2010
2011
2013
2014
2016
2017
2018
2022
2023
2025
2027
2028
2030
2031
2032
2033
2034
2035
2037
2038
2039
2041
2042
2043
2044
2045
2051
2053
2054
2056
2058
2059
2060
2061
2063
2064
2065
2067
2070
2072
2074
2075
2076
2077
2081
2082
2087
2088
2089
2091
2095
2097
2098
2099
2101
2102
2103
2104
2106
2107
2109
2110
2113
2114
2115
2118
2120
2121
2123
2124
2127
2133
2134
2135
2136
2137
2139
2141
2142
2143
2144
2146
2147
2148
2149
2152
2155
2158
2161
2162
2163
2165
2166
2168
2170
2171
2173
2176
2177
2178
2179
2180
2181
2184
2185
2188
2189
2190
2191
2192
2194
2195
2196
2197
2198
2204
2205
2206
2207
2209
2210
2212
2213
2214
2215
2217
2218
2219
2220
2221
2223
2224
2225
2227
2228
2231
2233
2234
2236
2237
2239
2241
2242
2243
2244
2245
2247
2248
2250
2251
2252
2253
2255
2256
2257
2260
2261
2262
2264
2266
2267
2269
2270
2271
2272
2273
2275
2276
2279
2280
2281
2282
2283
2285
2286
2287
2288
2289
2291
2292
2295
2296
2297
2299
2301
2302
2303
2306
2307
2308
2309
2310
2311
2313
2321
2323
2325
2327
2330
2332
2334
2335
2336
2340
2341
2342
2343
2344
2345
2352
2354
2355
2356
2357
2359
2360
2361
2363
2365
2366
2367
2368
2369
2370
2373
2374
2376
2379
2380
2381
2382
2383
2384
2385
2386
2387
2388
2389
2390
2391
2393
2395
2396
2399
2401
2403
2404
2406
2407
2408
2409
2411
2412
2413
2414
2417
2420
2422
2423
2424
2427
2429
2430
2431
2432
2433
2434
2436
2437
2438
2439
2440
2441
2442
2443
2446
2447
2449
2450
2451
2452
2456
2459
2460
2463
2464
2465
2466
2467
2468
2469
2471
2472
2473
2477
2480
2481
2484
2485
2486
2493
2494
2495
2496
2497
2498
2504
2505
2514
2518
2527
2537
2545
2554
2561
2567
2575
2577
2589
2599
2600
2601
2604
2610
2612
2615
2616
2618
2625
2631
2635
2657
2658
2662
2675
2680
2684
2697
2703
2706
2707
2710
2714
2715
2729
2731
2733
2739
2749
2760
2761
2766
2770
2775
2776
2781
2788
2789
2790
2792
2798
2804
2807
2818
2819
2820
2823
2825
2828
2834
2836
2838
2848
2850
2855
2859
2870
2876
2879
2882
2893
2895
2900
2907
2920
2921
2927
2932
2934
2936
2945
2951
2953
2960
2963
2966
2973
2981
2995
2999
3004
3028
3031
3033
3036
3044
3050
3053
3054
3055
3058
3063
3064
3066
3069
3071
3073
3075
3077
3081
3086
3090
3091
3105
3109
3114
3119
3123
3127
3130
3133
3136
3138
3139
3141
3144
3147
3148
3151
3155
3158
3159
3165
3171
3177
3179
3185
3186
3188
3190
3193
3200
3202
3208
3215
3217
3221
3222
3223
3228
3230
3233
3234
3236
3240
3244
3245
3248
3252
3253
3256
3261
3263
3264
3267
3276
3280
3286
3289
3300
3301
3306
3311
3321
3323
3328
3330
3334
3335
3336
3344
3346
3347
3361
3365
3367
3369
3380
3381
3386
3387
3392
3396
3399
3400
3408
3414
3420
3425
3430
3432
3439
3446
3448
3451
3458
3460
3461
3465
3467
3473
3474
3478
3480
3481
3482
3493
3494
3495
3500
3501
3502
3505
3506
3509
3510
3511
3514
3515
3516
3517
3518
3519
3520
3521
3524
3525
3526
3527
3529
3537
3538
3540
3542
3546
3547
3548
3549
3550
3552
3554
3556
3557
3558
3559
3562
3563
3564
3565
3566
3567
3572
3578
3580
3581
3589
3590
3591
3593
3595
3596
3597
3598
3602
3604
3605
3608
3610
3612
3615
3616
3621
3622
3623
3626
3627
3629
3630
3631
3633
3634
3635
3636
3637
3644
3645
3646
3647
3649
3650
3652
3653
3654
3655
3656
3657
3661
3662
3663
3667
3668
3670
3671
3673
3674
3676
3677
3679
3682
3683
3687
3688
3689
3692
3694
3696
3697
3698
3699
3700
3702
3703
3705
3710
3716
3718
3722
3724
3725
3726
3728
3730
3732
3733
3735
3736
3738
3741
3742
3745
3749
3750
3751
3753
3754
3755
3759
3760
3761
3762
3764
3765
3766
3768
3769
3771
3772
3773
3775
3776
3777
3778
3779
3783
3784
3785
3786
3787
3789
3791
3792
3793
3794
3795
3798
3799
3804
3807
3810
3811
3813
3814
3815
3816
3818
3820
3821
3822
3827
3829
3833
3834
3835
3836
3838
3842
3843
3844
3846
3847
3848
3852
3854
3857
3860
3861
3862
3863
3870
3871
3872
3874
3875
3876
3877
3878
3879
3890
3892
3893
3895
3897
3900
3901
3903
3905
3907
3909
3910
3911
3913
3917
3920
3922
3923
3924
3928
3929
3930
3931
3932
3933
3935
3937
3938
3941
3943
3944
3946
3947
3952
3953
3955
3957
3959
3960
3961
3962
3965
3966
3970
3971
3974
3977
3978
3980
3981
3983
3984
3986
3987
3989
3992
3995
3998
4013
4015
4017
4092
4150
4161
4168
4197
4198
4257
4296
4318
4324
4331
4357
4406
4445
4485
4507
4510
4511
4512
4517
4525
4527
4531
4535
4540
4542
4543
4546
4551
4553
4556
4559
4567
4572
4576
4584
4591
4592
4593
4594
4596
4600
4605
4609
4618
4626
4629
4630
4631
4632
4649
4656
4660
4670
4671
4673
4674
4685
4694
4697
4701
4721
4729
4731
4734
4744
4747
4774
4777
4778
4780
4787
4793
4804
4805
4808
4810
4813
4820
4823
4825
4828
4837
4839
4848
4849
4850
4856
4864
4871
4888
4890
4893
4894
4897
4898
4901
4903
4913
4917
4918
4919
4923
4929
4943
4950
4962
4970
4971
4973
4989
4993
4995
4998
4999
5001
5002
5003
5007
5010
5015
5018
5019
5021
5022
5028
5031
5037
5042
5043
5046
5051
5055
5056
5059
5064
5069
5072
5075
5078
5080
5082
5084
5088
5090
5094
5095
5096
5102
5103
5106
5108
5111
5113
5114
5115
5120
5121
5122
5127
5129
5135
5139
5144
5146
5151
5153
5156
5159
5163
5170
5172
5173
5174
5177
5178
5180
5183
5185
5191
5193
5195
5196
5204
5208
5211
5214
5215
5216
5217
5219
5220
5225
5227
5228
5229
5231
5232
5236
5237
5240
5249
5255
5256
5257
5258
5259
5261
5270
5271
5272
5278
5279
5280
5281
5285
5295
5297
5298
5299
5302
5305
5307
5312
5313
5317
5318
5319
5321
5322
5325
5328
5332
5333
5337
5340
5341
5342
5343
5346
5350
5352
5353
5355
5360
5363
5368
5370
5372
5375
5376
5377
5378
5381
5386
5394
5397
5398
5399
5400
5402
5405
5406
5410
5418
5419
5420
5421
5422
5423
5426
5430
5431
5434
5439
5441
5443
5444
5445
5446
5447
5448
5452
5454
5455
5457
5460
5461
5462
5464
5470
5472
5473
5474
5478
5479
5481
5483
5484
5488
5489
5491
5497
5500
5502
5503
5505
5506
5508
5509
5510
5511
5513
5514
5515
5517
5519
5520
5521
5522
5523
5531
5533
5535
5537
5538
5543
5544
5545
5554
5555
5556
5558
5559
5561
5562
5563
5564
5565
5566
5568
5569
5570
5571
5573
5574
5575
5577
5578
5579
5581
5582
5584
5589
5592
5593
5594
5595
5596
5597
5598
5599
5602
5603
5604
5606
5608
5612
5613
5616
5617
5619
5621
5625
5627
5628
5630
5631
5632
5633
5637
5638
5639
5641
5642
5644
5646
5648
5649
5650
5651
5652
5654
5656
5658
5659
5661
5667
5670
5672
5676
5677
5678
5680
5681
5682
5683
5684
5685
5686
5687
5691
5695
5696
5699
5700
5701
5702
5704
5706
5707
5708
5710
5711
5712
5713
5714
5715
5717
5721
5724
5725
5727
5730
5731
5732
5734
5735
5736
5737
5740
5741
5744
5745
5746
5749
5750
5751
5752
5757
5761
5762
5763
5765
5766
5768
5769
5771
5772
5779
5780
5781
5786
5787
5789
5790
5792
5794
5798
5801
5803
5805
5807
5808
5809
5810
5811
5813
5818
5819
5822
5824
5825
5828
5830
5831
5835
5836
5837
5840
5841
5843
5845
5846
5847
5849
5850
5852
5853
5854
5855
5856
5858
5859
5861
5868
5870
5871
5873
5874
5875
5876
5877
5879
5880
5882
5883
5884
5885
5888
5892
5893
5897
5898
5905
5906
5907
5911
5915
5918
5919
5922
5928
5929
5931
5932
5935
5936
5937
5938
5940
5941
5945
5947
5948
5949
5951
5952
5953
5954
5955
5956
5958
5960
5962
5964
5966
5969
5970
5973
5974
5977
5978
5981
5982
5984
5985
5986
5988
5989
5991
5993
5994
5995
5996
5998
6003
6006
6012
6014
6015
6017
6023
6027
6034
6035
6036
6037
6043
6044
6045
6047
6049
6056
6058
6065
6069
6071
6074
6078
6082
6090
6092
6096
6102
6103
6104
6107
6110
6112
6116
6124
6132
6138
6142
6144
6151
6152
6154
6158
6161
6162
6163
6164
6166
6168
6175
6179
6180
6184
6185
6186
6189
6192
6193
6202
6205
6210
6216
6218
6219
6220
6223
6225
6228
6235
6239
6243
6260
6263
6264
6267
6270
6271
6272
6275
6285
6289
6296
6298
6300
6304
6305
6306
6307
6308
6309
6312
6313
6314
6316
6321
6323
6325
6328
6329
6330
6331
6332
6333
6334
6335
6346
6351
6358
6364
6365
6366
6367
6368
6369
6370
6375
6377
6384
6389
6397
6398
6401
6403
6406
6411
6413
6414
6416
6417
6427
6428
6429
6431
6435
6439
6440
6444
6453
6455
6456
6465
6466
6469
6473
6474
6477
6480
6481
6484
6488
6489
6492
6494
6496
6497
6499
6503
6516
6519
6526
6541
6543
6557
6562
6566
6570
6580
6588
6596
6600
6608
6613
6621
6627
6628
6634
6655
6657
6665
6680
6685
6711
6725
6745
6749
6752
6777
6794
6802
6804
6806
6826
6839
6846
6850
6853
6861
6892
6897
6901
6910
6936
6940
6942
6949
6955
6957
6958
6963
6967
6972
6979
6988
7006
7011
7021
7022
7025
7027
7032
7035
7038
7040
7043
7045
7046
7055
7058
7068
7075
7082
7083
7084
7085
7091
7093
7094
7095
7096
7097
7099
7100
7101
7103
7108
7113
7128
7129
7133
7134
7139
7142
7145
7146
7148
7156
7159
7160
7161
7164
7171
7180
7181
7188
7189
7196
7207
7213
7223
7226
7230
7240
7241
7248
7249
7258
7263
7270
7271
7272
7275
7276
7279
7283
7285
7302
7310
7315
7329
7330
7331
7332
7334
7339
7342
7343
7344
7349
7351
7356
7361
7362
7375
7388
7390
7396
7403
7407
7421
7423
7428
7432
7433
7438
7440
7443
7444
7446
7454
7456
7460
7462
7467
7491
7501
7508
7510
7512
7514
7515
7519
7521
7522
7529
7536
7540
7541
7544
7545
7548
7549
7553
7557
7561
7567
7568
7570
7580
7585
7586
7593
7598
7606
7609
7613
7616
7619
7628
7632
7640
7648
7649
7651
7654
7658
7659
7668
7669
7671
7672
7680
7692
7695
7698
7700
7702
7705
7706
7709
7712
7716
7726
7739
7740
7749
7753
7757
7763
7767
7771
7773
7780
7782
7783
7785
7786
7790
7793
7797
7812
7814
7824
7827
7829
7834
7835
7843
7850
7851
7854
7875
7890
7891
7903
7912
7914
7918
7920
7927
7928
7933
7938
7940
7943
7945
7952
7953
7956
7957
7962
7966
7967
7971
7974
7976
7981
7984
7989
7995
8000
8007
8018
8025
8026
8034
8037
8040
8041
8045
8050
8051
8059
8062
8064
8068
8069
8071
8076
8078
8080
8087
8090
8093
8094
8097
8105
8108
8110
8111
8115
8117
8118
8120
8128
8131
8140
8141
8143
8144
8150
8153
8158
8159
8160
8162
8170
8177
8181
8182
8183
8184
8185
8190
8192
8194
8195
8201
8206
8210
8217
8222
8224
8226
8227
8230
8231
8232
8235
8237
8241
8243
8247
8249
8251
8252
8254
8263
8266
8270
8276
8280
8284
8285
8287
8289
8290
8295
8298
8311
8314
8317
8335
8338
8339
8340
8343
8345
8350
8358
8360
8361
8363
8368
8369
8371
8373
8374
8378
8381
8387
8390
8391
8392
8394
8397
8398
8407
8408
8415
8423
8430
8432
8436
8439
8442
8446
8448
8452
8455
8458
8463
8468
8474
8476
8477
8479
8481
8493
8499
8502
8503
8504
8506
8508
8510
8515
8521
8524
8527
8528
8529
8531
8544
8547
8548
8553
8554
8555
8560
8562
8563
8577
8578
8586
8594
8597
8598
8599
8600
8615
8626
8627
8633
8636
8637
8642
8649
8655
8659
8665
8671
8679
8680
8682
8686
8690
8693
8697
8698
8700
8706
8709
8719
8722
8725
8730
8731
8733
8734
8743
8746
8748
8750
8761
8762
8764
8771
8772
8777
8782
8796
8798
8799
8800
8807
8816
8819
8820
8833
8837
8839
8842
8844
8846
8850
8857
8861
8862
8869
8872
8873
8874
8875
8877
8884
8885
8891
8892
8898
8908
8909
8910
8916
8917
8921
8922
8928
8933
8936
8940
8941
8942
8948
8950
8954
8960
8966
8967
8968
8979
8980
8982
8984
8986
8987
8990
8992
8995
8998
8999
9004
9005
9007
9008
9010
9011
9024
9026
9027
9030
9031
9042
9044
9046
9052
9053
9054
9056
9060
9063
9068
9071
9073
9075
9078
9081
9085
9087
9089
9091
9093
9094
9097
9100
9101
9103
9107
9111
9112
9114
9116
9118
9124
9128
9130
9131
9132
9140
9141
9143
9147
9150
9151
9153
9154
9157
9161
9166
9168
9169
9174
9176
9177
9179
9181
9185
9187
9188
9189
9192
9195
9198
9200
9204
9205
9206
9215
9216
9217
9219
9221
9224
9226
9228
9231
9234
9236
9237
9241
9244
9247
9249
9251
9252
9255
9256
9258
9260
9265
9278
9281
9283
9284
9285
9286
9289
9292
9294
9295
9297
9300
9302
9304
9306
9308
9316
9319
9324
9325
9328
9336
9338
9343
9344
9346
9347
9353
9357
9358
9359
9362
9363
9364
9367
9370
9373
9374
9376
9377
9378
9379
9383
9384
9385
9386
9391
9392
9393
9394
9398
9404
9405
9406
9407
9409
9413
9417
9418
9422
9426
9430
9431
9432
9434
9435
9436
9437
9438
9439
9442
9443
9447
9450
9454
9455
9459
9464
9468
9469
9472
9474
9476
9477
9478
9481
9485
9486
9489
9492
9493
9494
9495
9500
9506
9507
9508
9517
9524
9527
9531
9532
9534
9537
9543
9546
9549
9552
9553
9556
9557
9558
9560
9564
9565
9572
9573
9575
9577
9580
9583
9585
9587
9588
9596
9600
9606
9610
9616
9618
9619
9620
9623
9626
9627
9629
9630
9635
9637
9641
9643
9646
9650
9653
9656
9657
9662
9664
9668
9670
9673
9675
9679
9686
9687
9698
9701
9702
9709
9710
9711
9718
9719
9728
9731
9733
9734
9739
9741
9743
9744
9747
9752
9755
9758
9760
9761
9763
9770
9771
9775
9777
9782
9787
9788
9789
9791
9794
9798
9800
9801
9803
9805
9806
9808
9809
9810
9817
9820
9822
9830
9831
9833
9839
9847
9849
9853
9856
9861
9862
9863
9865
9866
9867
9869
9870
9871
9873
9874
9877
9878
9880
9882
9883
9886
9889
9891
9904
9906
9909
9910
9911
9913
9917
9920
9921
9924
9927
9930
9935
9938
9940
9943
9944
9948
9949
9954
9956
9957
9960
9961
9962
9963
9964
9966
9967
9975
9977
9979
9982
9987
9992
9993
9995
9997
9998
10056
10082
10099
10136
10150
10169
10170
10174
10186
10239
10271
10278
10357
10392
10401
10429
10430
10463
10478
10479
10502
10513
10522
10530
10538
10540
10545
10546
10547
10555
10560
10563
10566
10582
10589
10602
10605
10617
10621
10622
10632
10636
10656
10661
10666
10670
10698
10706
10714
10728
10745
10759
10774
10776
10782
10786
10793
10797
10810
10835
10844
10847
10851
10857
10859
10866
10887
10903
10918
10934
10936
10940
10949
10952
10954
10956
10957
10965
10983
10990
10993
11004
11005
11009
11011
11013
11014
11015
11017
11020
11021
11025
11026
11027
11030
11031
11032
11034
11036
11037
11039
11040
11042
11043
11046
11047
11048
11049
11050
11051
11054
11055
11056
11058
11059
11060
11062
11063
11067
11068
11070
11071
11072
11075
11079
11082
11083
11084
11086
11088
11089
11096
11097
11101
11102
11103
11107
11108
11110
11115
11116
11117
11119
11121
11124
11128
11130
11131
11132
11133
11136
11138
11141
11142
11144
11145
11150
11151
11152
11154
11155
11156
11157
11158
11159
11160
11161
11163
11168
11169
11170
11171
11172
11175
11177
11179
11183
11184
11185
11187
11189
11192
11193
11194
11196
11197
11202
11203
11204
11205
11208
11210
11213
11214
11215
11218
11219
11221
11222
11224
11226
11227
11231
11232
11233
11235
11236
11239
11240
11241
11243
11244
11245
11246
11249
11250
11252
11256
11258
11260
11265
11269
11275
11276
11278
11283
11287
11288
11290
11294
11295
11297
11298
11299
11302
11303
11304
11307
11309
11311
11313
11316
11317
11321
11322
11329
11339
11343
11345
11347
11350
11351
11353
11354
11355
11356
11357
11358
11359
11361
11362
11363
11365
11367
11370
11372
11375
11376
11378
11379
11380
11382
11384
11387
11388
11390
11391
11394
11398
11399
11402
11403
11404
11407
11408
11409
11410
11411
11412
11414
11416
11421
11422
11423
11428
11430
11433
11434
11435
11436
11437
11438
11439
11440
11441
11442
11444
11446
11449
11450
11451
11452
11458
11459
11460
11464
11465
11466
11469
11470
11472
11473
11475
11476
11477
11478
11482
11483
11487
11488
11496
11497
11498
11506
11511
11523
11525
11529
11536
11539
11543
11545
11548
11563
11580
11592
11593
11596
11619
11622
11628
11635
11641
11652
11657
11674
11697
11710
11712
11724
11728
11737
11747
11750
11752
11760
11787
11790
11792
11799
11806
11808
11810
11813
11818
11830
11845
11848
11877
11881
11887
11898
11906
11913
11922
11925
11941
11944
11945
11949
11965
11978
12004
12016
12021
12029
12036
12038
12040
12041
12051
12058
12073
12089
12097
12098
12109
12111
12119
12123
12143
12159
12170
12182
12183
12207
12208
12210
12218
12224
12228
12233
12236
12255
12265
12266
12273
12297
12301
12312
12314
12335
12340
12341
12345
12359
12373
12385
12391
12394
12398
12434
12437
12438
12473
12486
12496
12503
12505
12507
12508
12509
12510
12511
12512
12514
12523
12524
12528
12531
12533
12534
12540
12541
12543
12544
12545
12546
12549
12552
12554
12556
12558
12559
12560
12563
12565
12566
12567
12569
12573
12574
12575
12578
12580
12581
12584
12585
12589
12592
12593
12594
12595
12599
12600
12601
12602
12604
12607
12608
12612
12614
12617
12624
12625
12626
12627
12628
12629
12638
12642
12649
12654
12657
12658
12660
12664
12668
12671
12672
12678
12682
12684
12685
12686
12688
12690
12692
12694
12700
12701
12704
12711
12712
12714
12715
12716
12717
12720
12721
12724
12725
12728
12729
12738
12744
12745
12747
12748
12753
12755
12756
12757
12759
12760
12761
12762
12765
12766
12767
12770
12772
12774
12780
12782
12789
12792
12797
12798
12801
12802
12807
12811
12812
12813
12818
12822
12828
12831
12833
12837
12840
12842
12843
12845
12846
12848
12853
12854
12858
12860
12861
12865
12866
12868
12869
12871
12872
12873
12874
12875
12881
12882
12887
12888
12892
12894
12896
12897
12910
12911
12912
12913
12916
12921
12922
12923
12926
12931
12933
12937
12938
12944
12948
12953
12955
12957
12963
12964
12971
12973
12974
12977
12979
12981
12982
12985
12987
12988
12994
12996
12999
13001
13006
13007
13008
13010
13014
13019
13020
13021
13023
13027
13028
13030
13033
13039
13046
13048
13051
13055
13056
13060
13065
13070
13074
13088
13089
13090
13091
13092
13103
13105
13115
13121
13122
13124
13126
13138
13142
13145
13147
13148
13149
13150
13153
13154
13156
13158
13161
13166
13167
13172
13175
13180
13182
13184
13186
13188
13191
13196
13198
13207
13208
13209
13211
13214
13216
13219
13226
13227
13228
13232
13233
13236
13237
13239
13241
13242
13244
13245
13246
13247
13250
13251
13252
13254
13255
13259
13264
13269
13273
13277
13279
13281
13290
13293
13294
13300
13301
13302
13303
13308
13309
13311
13315
13317
13321
13326
13327
13329
13340
13341
13342
13344
13345
13346
13347
13351
13352
13356
13358
13362
13365
13368
13370
13372
13378
13382
13384
13387
13390
13394
13398
13399
13403
13406
13407
13408
13411
13413
13417
13426
13429
13430
13434
13436
13437
13438
13441
13442
13443
13444
13445
13446
13449
13451
13456
13457
13465
13466
13467
13469
13470
13473
13475
13479
13482
13484
13486
13487
13489
13490
13491
13494
13496
13497
13499
13503
13511
13512
13513
13514
13516
13517
13520
13522
13523
13525
13526
13527
13528
13532
13533
13535
13536
13537
13538
13545
13548
13552
13554
13556
13558
13560
13562
13567
13568
13570
13571
13573
13575
13576
13578
13580
13582
13586
13589
13590
13594
13595
13596
13597
13599
13600
13604
13607
13611
13615
13619
13623
13625
13634
13636
13638
13639
13642
13643
13644
13646
13648
13651
13653
13654
13657
13660
13661
13667
13668
13669
13670
13671
13674
13675
13678
13680
13682
13686
13687
13690
13692
13694
13698
13699
13704
13708
13714
13719
13721
13724
13725
13726
13734
13737
13743
13746
13747
13749
13750
13751
13752
13755
13756
13759
13760
13761
13762
13765
13767
13768
13770
13771
13778
13779
13782
13787
13789
13790
13795
13796
13798
13801
13804
13806
13807
13810
13811
13812
13813
13815
13817
13819
13825
13827
13830
13831
13832
13834
13835
13837
13839
13840
13845
13846
13848
13855
13856
13857
13859
13863
13865
13867
13868
13869
13871
13872
13878
13879
13880
13882
13885
13888
13897
13899
13904
13905
13907
13911
13912
13913
13916
13919
13922
13925
13926
13929
13930
13933
13934
13942
13945
13946
13947
13950
13952
13954
13956
13957
13964
13966
13973
13975
13977
13979
13984
13987
13988
13989
13990
13998
14001
14003
14007
14019
14023
14028
14030
14040
14044
14051
14055
14078
14081
14085
14086
14095
14115
14128
14150
14158
14161
14164
14170
14182
14191
14195
14198
14199
14200
14210
14213
14216
14220
14225
14226
14228
14246
14251
14269
14276
14278
14283
14289
14291
14292
14295
14298
14301
14302
14303
14306
14307
14310
14315
14320
14323
14324
14327
14328
14334
14335
14367
14377
14378
14393
14414
14423
14429
14434
14437
14439
14445
14456
14469
14481
14482
14486
14496
14500
14503
14507
14509
14510
14511
14513
14515
14517
14518
14519
14526
14532
14534
14541
14545
14548
14550
14551
14556
14558
14559
14564
14565
14567
14568
14570
14573
14574
14580
14581
14582
14584
14586
14587
14590
14592
14597
14601
14605
14606
14608
14610
14614
14619
14620
14621
14623
14626
14627
14635
14636
14643
14644
14645
14646
14650
14656
14657
14662
14666
14668
14669
14676
14677
14679
14687
14693
14697
14700
14701
14703
14706
14707
14711
14712
14716
14718
14720
14723
14727
14730
14731
14735
14746
14751
14755
14756
14757
14761
14767
14768
14772
14775
14776
14777
14779
14785
14787
14789
14790
14792
14794
14796
14797
14798
14799
14809
14814
14817
14818
14819
14828
14831
14834
14841
14844
14845
14853
14868
14869
14871
14873
14874
14876
14877
14879
14882
14883
14885
14887
14888
14889
14892
14896
14899
14902
14905
14906
14909
14912
14920
14921
14926
14931
14937
14938
14944
14948
14949
14952
14953
14955
14957
14960
14962
14963
14967
14968
14969
14974
14976
14982
14987
14989
14991
14992
14994
14995
14998
15000
15008
15011
15017
15018
15030
15037
15038
15057
15068
15070
15092
15101
15104
15106
15107
15108
15118
15133
15142
15145
15146
15147
15150
15155
15160
15161
15172
15176
15177
15178
15179
15187
15192
15199
15206
15209
15212
15217
15225
15226
15227
15233
15237
15243
15246
15251
15252
15261
15262
15265
15268
15272
15273
15274
15277
15279
15285
15286
15290
15300
15306
15315
15319
15323
15329
15331
15338
15354
15357
15372
15377
15384
15385
15387
15394
15395
15396
15399
15402
15410
15414
15418
15424
15427
15432
15437
15443
15444
15448
15451
15452
15454
15458
15461
15462
15464
15465
15473
15474
15478
15498
15499
15510
15519
15523
15529
15530
15541
15545
15548
15551
15552
15553
15561
15569
15571
15591
15596
15601
15613
15616
15626
15628
15634
15640
15641
15642
15648
15652
15653
15658
15665
15672
15678
15690
15698
15701
15712
15715
15765
15767
15768
15780
15783
15785
15791
15794
15802
15813
15826
15827
15828
15830
15831
15846
15847
15860
15863
15865
15881
15903
15904
15929
15930
15950
15955
15971
15992
15997
16000
16001
16002
16005
16006
16007
16008
16013
16015
16019
16026
16027
16029
16034
16035
16042
16046
16048
16049
16050
16051
16054
16056
16057
16058
16060
16061
16065
16066
16069
16078
16084
16085
16086
16088
16090
16092
16102
16103
16104
16107
16108
16111
16112
16116
16117
16124
16131
16134
16137
16138
16142
16144
16145
16150
16154
16155
16162
16165
16167
16168
16170
16172
16173
16174
16175
16176
16180
16181
16182
16185
16189
16191
16201
16204
16205
16211
16212
16213
16217
16218
16220
16221
16223
16224
16225
16226
16229
16230
16233
16234
16237
16239
16241
16242
16243
16246
16248
16252
16253
16256
16262
16265
16267
16268
16269
16270
16271
16272
16273
16274
16279
16281
16284
16292
16294
16297
16298
16304
16305
16306
16307
16308
16310
16311
16313
16317
16319
16320
16321
16327
16328
16332
16335
16336
16339
16340
16342
16343
16345
16346
16347
16348
16349
16350
16357
16362
16364
16365
16366
16368
16370
16376
16378
16380
16384
16385
16388
16389
16393
16396
16398
16403
16411
16413
16417
16422
16423
16425
16426
16427
16428
16434
16438
16440
16443
16446
16448
16450
16451
16453
16454
16455
16458
16459
16460
16461
16462
16463
16466
16467
16476
16479
16480
16481
16485
16486
16487
16493
16494
16498
16501
16502
16508
16512
16513
16514
16516
16519
16520
16525
16526
16527
16529
16531
16537
16539
16541
16544
16548
16550
16554
16560
16565
16569
16576
16577
16578
16581
16582
16593
16596
16597
16609
16615
16617
16619
16620
16623
16626
16632
16643
16644
16645
16651
16653
16655
16659
16663
16664
16665
16671
16672
16675
16677
16679
16686
16688
16692
16696
16697
16698
16706
16709
16710
16711
16712
16714
16715
16717
16724
16730
16733
16734
16736
16738
16740
16742
16745
16747
16750
16754
16757
16759
16772
16775
16776
16778
16781
16783
16785
16787
16790
16794
16796
16801
16804
16807
16812
16813
16817
16826
16827
16829
16831
16832
16843
16845
16846
16847
16850
16852
16854
16855
16857
16862
16863
16865
16866
16868
16869
16870
16871
16874
16876
16880
16885
16886
16891
16896
16901
16902
16905
16910
16915
16919
16922
16923
16926
16927
16933
16938
16939
16943
16945
16951
16953
16954
16958
16961
16963
16964
16969
16971
16974
16986
16994
16995
16999
17002
17006
17007
17008
17009
17010
17011
17012
17014
17017
17021
17024
17027
17029
17030
17032
17034
17039
17041
17042
17043
17044
17045
17047
17049
17051
17052
17053
17054
17056
17057
17061
17065
17066
17070
17076
17079
17082
17083
17085
17088
17090
17093
17094
17095
17098
17101
17103
17105
17106
17107
17108
17111
17112
17113
17114
17120
17121
17122
17123
17124
17126
17127
17128
17129
17133
17134
17135
17136
17138
17139
17141
17146
17147
17150
17151
17154
17155
17156
17159
17162
17163
17166
17168
17169
17172
17173
17178
17179
17183
17185
17187
17188
17191
17193
17194
17195
17196
17198
17200
17201
17202
17204
17205
17206
17214
17220
17223
17231
17232
17233
17238
17239
17241
17242
17243
17244
17245
17246
17248
17251
17252
17253
17254
17258
17262
17263
17264
17268
17270
17272
17274
17277
17278
17280
17283
17284
17286
17290
17291
17295
17301
17302
17303
17304
17306
17307
17312
17316
17322
17329
17333
17334
17335
17341
17342
17344
17346
17348
17349
17350
17351
17353
17356
17357
17358
17360
17362
17366
17368
17369
17371
17372
17373
17375
17376
17377
17378
17379
17381
17382
17383
17384
17387
17388
17389
17390
17391
17392
17393
17394
17396
17397
17398
17400
17402
17403
17404
17406
17407
17408
17413
17415
17418
17419
17420
17423
17424
17430
17433
17436
17438
17440
17441
17443
17445
17446
17447
17450
17454
17460
17462
17464
17465
17466
17468
17469
17471
17474
17475
17477
17478
17480
17482
17483
17490
17493
17494
17497
17498
17500
17502
17503
17505
17507
17508
17512
17514
17515
17518
17521
17523
17526
17527
17530
17531
17533
17538
17539
17540
17542
17545
17546
17551
17552
17553
17557
17558
17560
17561
17562
17563
17565
17566
17567
17572
17576
17577
17580
17581
17582
17583
17584
17586
17587
17588
17589
17590
17591
17592
17593
17594
17595
17597
17598
17599
17601
17604
17605
17606
17607
17608
17609
17611
17612
17613
17614
17615
17616
17617
17618
17619
17621
17622
17624
17626
17627
17628
17629
17630
17631
17633
17634
17635
17636
17637
17640
17642
17644
17645
17646
17647
17648
17650
17654
17657
17659
17663
17666
17667
17670
17671
17672
17673
17674
17675
17677
17679
17684
17685
17686
17687
17691
17694
17695
17699
17700
17701
17702
17704
17705
17706
17707
17708
17709
17710
17712
17713
17714
17716
17719
17721
17724
17727
17728
17729
17731
17732
17734
17735
17736
17737
17740
17741
17742
17744
17747
17750
17752
17753
17755
17756
17757
17758
17759
17761
17763
17764
17766
17768
17769
17770
17771
17772
17773
17775
17776
17777
17779
17780
17781
17783
17786
17788
17789
17791
17793
17794
17795
17796
17797
17798
17799
17801
17802
17805
17806
17808
17809
17810
17812
17814
17815
17817
17819
17820
17821
17822
17824
17829
17830
17831
17833
17834
17835
17838
17839
17840
17842
17843
17845
17846
17848
17849
17850
17851
17853
17854
17855
17858
17860
17861
17862
17863
17864
17865
17867
17868
17870
17874
17875
17876
17877
17878
17881
17883
17884
17886
17887
17888
17890
17891
17892
17893
17894
17898
17899
17900
17901
17902
17903
17904
17906
17908
17910
17912
17913
17917
17920
17921
17922
17925
17927
17928
17930
17932
17937
17939
17940
17941
17942
17943
17944
17945
17947
17948
17949
17950
17951
17952
17954
17958
17960
17961
17962
17963
17964
17966
17970
17971
17973
17974
17975
17976
17977
17978
17979
17980
17983
17984
17985
17986
17989
17990
17991
17992
17993
17994
17995
17998
17999
18000
18001
18008
18017
18020
18032
18035
18036
18039
18040
18043
18044
18045
18051
18052
18060
18068
18069
18075
18077
18082
18083
18091
18107
18116
18125
18134
18140
18159
18166
18170
18172
18173
18177
18178
18180
18181
18194
18198
18206
18207
18221
18225
18228
18240
18242
18248
18249
18283
18285
18291
18294
18317
18319
18320
18324
18335
18336
18363
18364
18382
18386
18388
18389
18392
18400
18404
18407
18417
18420
18421
18428
18429
18435
18441
18442
18448
18449
18478
18480
18492
18501
18505
18507
18514
18516
18525
18527
18529
18531
18536
18545
18547
18549
18551
18553
18556
18558
18567
18568
18574
18577
18580
18586
18596
18605
18608
18611
18613
18615
18624
18625
18630
18631
18632
18633
18640
18644
18645
18646
18649
18651
18652
18654
18659
18662
18667
18668
18669
18673
18675
18684
18685
18687
18688
18690
18707
18713
18725
18726
18728
18731
18743
18745
18749
18755
18758
18759
18763
18779
18781
18790
18793
18801
18810
18814
18818
18822
18824
18825
18826
18831
18835
18842
18854
18856
18872
18876
18883
18897
18898
18903
18907
18911
18913
18919
18920
18923
18931
18932
18934
18936
18940
18942
18949
18951
18955
18960
18962
18964
18968
18974
18980
18981
18983
18984
18986
19008
19009
19010
19011
19012
19014
19018
19021
19024
19029
19030
19039
19040
19044
19049
19052
19057
19058
19059
19062
19068
19070
19073
19075
19078
19088
19090
19092
19094
19095
19096
19100
19103
19106
19107
19110
19111
19115
19116
19118
19120
19126
19127
19130
19131
19133
19135
19136
19137
19138
19141
19143
19145
19153
19156
19158
19163
19165
19168
19169
19170
19171
19173
19178
19182
19186
19187
19190
19195
19199
19200
19202
19204
19210
19213
19214
19215
19217
19221
19224
19234
19237
19241
19242
19243
19244
19249
19252
19256
19257
19262
19263
19264
19266
19267
19270
19271
19274
19278
19284
19285
19295
19297
19298
19302
19303
19305
19312
19313
19315
19316
19318
19319
19321
19322
19324
19327
19328
19331
19336
19337
19343
19344
19345
19346
19350
19351
19352
19354
19355
19356
19360
19362
19363
19365
19366
19372
19374
19381
19383
19388
19391
19401
19408
19409
19411
19415
19418
19423
19427
19428
19429
19430
19434
19435
19437
19442
19444
19447
19448
19450
19455
19466
19467
19468
19473
19475
19476
19477
19479
19481
19483
19484
19488
19489
19490
19495
19497
19498
19522
19523
19546
19556
19590
19591
19612
19616
19626
19630
19659
19670
19675
19682
19726
19729
19730
19739
19743
19745
19755
19761
19782
19783
19790
19794
19796
19810
19813
19839
19865
19867
19879
19883
19900
19903
19937
19941
19943
19948
19961
20001
20002
20005
20006
20007
20009
20010
20011
20012
20014
20017
20018
20026
20028
20029
20031
20033
20036
20037
20041
20043
20046
20050
20055
20058
20060
20061
20062
20063
20068
20069
20071
20079
20080
20081
20083
20085
20086
20087
20089
20095
20096
20098
20100
20104
20107
20112
20113
20116
20124
20125
20126
20127
20128
20132
20135
20139
20141
20143
20144
20145
20146
20147
20153
20155
20157
20158
20166
20167
20172
20173
20176
20177
20179
20181
20183
20184
20188
20191
20192
20194
20197
20200
20205
20207
20209
20212
20214
20215
20218
20221
20224
20226
20230
20231
20233
20238
20240
20242
20244
20245
20246
20247
20248
20252
20253
20254
20259
20260
20261
20264
20270
20273
20277
20278
20279
20280
20282
20283
20286
20288
20289
20290
20293
20295
20297
20302
20303
20305
20306
20307
20309
20310
20312
20317
20318
20320
20323
20327
20328
20330
20331
20332
20333
20334
20339
20341
20342
20344
20347
20348
20352
20353
20354
20356
20357
20359
20364
20367
20368
20371
20373
20376
20377
20379
20380
20382
20386
20396
20397
20399
20401
20403
20404
20405
20417
20418
20422
20423
20425
20427
20429
20430
20433
20437
20441
20442
20443
20445
20446
20452
20454
20455
20456
20457
20458
20460
20465
20466
20472
20475
20476
20477
20480
20482
20485
20488
20489
20491
20495
20496
20498
20504
20511
20513
20515
20516
20519
20520
20527
20528
20535
20540
20545
20549
20553
20562
20565
20582
20588
20593
20594
20599
20601
20605
20606
20608
20610
20614
20619
20620
20625
20626
20628
20630
20638
20642
20656
20661
20662
20672
20680
20681
20684
20687
20688
20695
20696
20710
20716
20720
20723
20727
20733
20741
20761
20762
20767
20768
20776
20786
20794
20801
20819
20827
20832
20835
20843
20845
20846
20849
20850
20852
20863
20865
20866
20877
20878
20879
20886
20887
20892
20895
20906
20909
20910
20912
20914
20915
20919
20924
20929
20930
20931
20943
20945
20948
20958
20959
20962
20973
20976
20986
20991
21002
21014
21020
21023
21026
21031
21034
21038
21039
21044
21046
21047
21048
21051
21053
21054
21056
21068
21072
21076
21083
21084
21086
21087
21088
21090
21094
21098
21099
21100
21106
21111
21112
21115
21119
21126
21127
21128
21132
21134
21135
21141
21143
21146
21148
21157
21161
21162
21163
21165
21166
21167
21173
21174
21175
21178
21180
21189
21191
21193
21195
21197
21198
21199
21201
21204
21205
21209
21215
21218
21220
21221
21222
21223
21233
21237
21238
21240
21243
21245
21247
21251
21253
21254
21256
21259
21261
21263
21265
21268
21271
21277
21279
21281
21282
21283
21286
21288
21290
21293
21298
21303
21305
21307
21308
21309
21312
21318
21324
21329
21330
21338
21346
21349
21352
21357
21367
21368
21369
21370
21371
21381
21382
21384
21395
21397
21400
21405
21406
21409
21413
21423
21427
21429
21430
21439
21440
21441
21445
21446
21451
21455
21462
21463
21469
21472
21473
21474
21487
21490
21493
21508
21528
21538
21539
21543
21553
21560
21561
21562
21566
21568
21589
21594
21600
21603
21607
21616
21618
21633
21639
21642
21644
21645
21646
21652
21671
21681
21689
21693
21703
21706
21709
21712
21716
21717
21720
21724
21733
21734
21736
21739
21746
21749
21751
21761
21780
21783
21808
21810
21830
21831
21840
21841
21842
21850
21851
21855
21871
21887
21893
21894
21901
21903
21909
21910
21912
21913
21918
21924
21929
21945
21947
21957
21965
21969
21971
21972
21974
21992
21993
21994
22001
22002
22005
22006
22010
22011
22014
22018
22020
22021
22022
22023
22024
22026
22030
22031
22032
22034
22037
22039
22040
22041
22044
22045
22046
22047
22049
22052
22054
22055
22056
22058
22061
22062
22063
22068
22069
22070
22072
22073
22074
22077
22078
22079
22080
22081
22084
22086
22088
22089
22090
22092
22093
22094
22096
22097
22099
22100
22103
22105
22106
22107
22109
22113
22115
22117
22118
22123
22124
22125
22126
22128
22129
22131
22132
22133
22134
22135
22138
22139
22140
22141
22143
22146
22147
22148
22150
22151
22152
22154
22156
22157
22159
22160
22161
22162
22168
22169
22171
22172
22173
22174
22175
22176
22177
22182
22184
22185
22186
22187
22189
22190
22194
22195
22196
22197
22198
22199
22202
22203
22205
22206
22210
22211
22212
22213
22215
22217
22222
22223
22224
22225
22227
22230
22231
22233
22234
22235
22236
22238
22239
22240
22241
22242
22244
22245
22246
22248
22249
22250
22251
22252
22253
22257
22258
22260
22261
22262
22264
22266
22268
22270
22273
22274
22278
22279
22280
22281
22282
22283
22284
22286
22288
22289
22291
22292
22294
22295
22296
22297
22300
22301
22302
22303
22304
22306
22307
22308
22310
22312
22313
22315
22316
22318
22319
22321
22322
22325
22327
22328
22329
22330
22331
22334
22336
22337
22338
22339
22343
22344
22345
22346
22347
22349
22350
22351
22352
22355
22356
22357
22360
22361
22362
22364
22366
22368
22369
22370
22371
22374
22375
22376
22377
22378
22380
22381
22383
22384
22385
22387
22388
22390
22391
22392
22394
22395
22396
22397
22399
22400
22401
22402
22403
22404
22405
22406
22407
22408
22410
22411
22412
22414
22415
22416
22419
22420
22422
22428
22431
22433
22435
22437
22438
22439
22441
22442
22443
22444
22445
22446
22448
22449
22450
22454
22457
22458
22459
22460
22461
22462
22463
22465
22466
22468
22469
22471
22472
22473
22476
22477
22479
22480
22481
22482
22483
22484
22486
22487
22488
22489
22491
22493
22494
22495
22496
22497
22498
22499
22500
22501
22502
22503
22506
22507
22510
22513
22515
22517
22521
22524
22525
22526
22528
22530
22531
22532
22534
22536
22538
22539
22540
22542
22543
22546
22547
22549
22551
22553
22554
22557
22558
22559
22563
22565
22567
22571
22573
22575
22576
22579
22582
22583
22587
22588
22590
22591
22593
22595
22596
22597
22598
22600
22601
22602
22605
22606
22609
22614
22617
22618
22619
22620
22621
22623
22624
22625
22627
22628
22630
22632
22636
22637
22639
22642
22645
22646
22647
22651
22654
22655
22656
22658
22660
22661
22667
22669
22672
22677
22683
22684
22688
22689
22690
22692
22694
22695
22696
22698
22699
22702
22704
22707
22709
22710
22712
22713
22718
22719
22721
22722
22725
22731
22734
22736
22737
22739
22741
22742
22743
22744
22747
22748
22749
22751
22752
22756
22757
22759
22761
22762
22764
22765
22768
22771
22774
22776
22777
22778
22779
22780
22784
22785
22786
22788
22790
22791
22792
22793
22798
22800
22801
22802
22804
22806
22808
22809
22811
22814
22815
22816
22818
22823
22824
22825
22826
22827
22828
22830
22831
22832
22835
22836
22837
22845
22846
22847
22848
22849
22850
22852
22853
22854
22857
22858
22859
22861
22863
22864
22865
22868
22869
22870
22872
22874
22876
22878
22882
22884
22885
22886
22889
22890
22892
22893
22897
22899
22900
22901
22903
22904
22910
22912
22914
22915
22916
22917
22918
22920
22921
22922
22923
22926
22927
22929
22930
22931
22935
22937
22939
22940
22941
22944
22945
22946
22947
22948
22950
22951
22952
22954
22955
22956
22959
22962
22964
22965
22966
22968
22970
22971
22972
22974
22981
22984
22986
22987
22988
22989
22992
22994
22997
22998
23004
23005
23006
23008
23011
23012
23015
23017
23019
23023
23027
23029
23034
23035
23036
23044
23046
23048
23051
23057
23058
23069
23072
23079
23080
23081
23082
23086
23088
23093
23094
23095
23098
23099
23101
23105
23107
23108
23109
23111
23113
23114
23116
23117
23122
23125
23129
23131
23132
23134
23141
23143
23144
23148
23149
23150
23155
23156
23157
23158
23161
23162
23163
23164
23165
23167
23168
23172
23176
23178
23179
23186
23187
23192
23193
23199
23209
23213
23214
23215
23219
23220
23221
23229
23234
23235
23236
23237
23238
23239
23241
23243
23245
23246
23247
23251
23253
23257
23259
23262
23268
23270
23276
23277
23278
23284
23288
23290
23291
23293
23296
23297
23298
23300
23304
23306
23309
23313
23319
23320
23321
23323
23324
23327
23328
23329
23335
23338
23339
23341
23343
23344
23346
23348
23356
23357
23358
23360
23372
23377
23378
23384
23385
23389
23393
23394
23395
23397
23399
23400
23403
23407
23408
23409
23411
23412
23415
23416
23418
23419
23421
23425
23427
23429
23432
23433
23439
23440
23449
23452
23456
23457
23460
23467
23470
23473
23474
23476
23479
23482
23485
23488
23493
23494
23495
23496
23497
23498
23501
23504
23505
23506
23509
23511
23514
23515
23516
23517
23518
23519
23522
23523
23524
23528
23530
23532
23534
23535
23536
23539
23540
23541
23542
23543
23544
23547
23548
23554
23555
23556
23557
23558
23560
23562
23564
23565
23566
23572
23573
23576
23580
23582
23589
23590
23595
23597
23599
23600
23601
23602
23603
23604
23607
23615
23618
23620
23621
23622
23626
23627
23630
23633
23637
23642
23643
23644
23645
23646
23651
23655
23656
23659
23662
23663
23666
23669
23670
23672
23674
23677
23678
23679
23681
23683
23684
23685
23687
23697
23702
23703
23704
23706
23707
23709
23710
23711
23712
23715
23716
23720
23727
23730
23732
23733
23736
23737
23742
23745
23748
23749
23751
23755
23756
23759
23763
23766
23770
23771
23772
23773
23776
23777
23780
23781
23785
23786
23788
23791
23792
23793
23799
23801
23802
23804
23806
23807
23808
23815
23818
23819
23822
23823
23824
23826
23831
23836
23837
23838
23839
23841
23842
23847
23849
23850
23853
23854
23856
23864
23866
23869
23870
23874
23875
23877
23878
23880
23883
23884
23889
23891
23893
23895
23896
23903
23904
23905
23906
23910
23912
23915
23916
23917
23918
23922
23926
23928
23930
23932
23935
23937
23941
23943
23944
23945
23948
23949
23950
23951
23952
23953
23954
23955
23959
23963
23965
23966
23970
23973
23976
23977
23978
23979
23983
23987
23988
23989
23992
23993
23994
23996
24008
24010
24022
24030
24037
24049
24050
24061
24066
24082
24101
24108
24127
24132
24135
24152
24154
24156
24165
24168
24171
24176
24193
24203
24210
24214
24217
24222
24227
24237
24250
24252
24266
24277
24279
24290
24292
24293
24320
24325
24341
24344
24347
24348
24354
24368
24369
24375
24378
24380
24418
24426
24429
24435
24437
24438
24452
24455
24478
24480
24481
24492
24497
24498
24500
24506
24508
24529
24534
24545
24552
24555
24562
24571
24574
24585
24587
24593
24600
24616
24623
24627
24639
24642
24648
24656
24657
24665
24674
24677
24682
24700
24701
24712
24715
24718
24738
24746
24755
24758
24772
24773
24777
24784
24788
24793
24800
24801
24802
24803
24815
24831
24841
24852
24858
24862
24866
24867
24869
24883
24893
24900
24921
24927
24928
24936
24939
24943
24947
24949
24955
24976
24979
24991
24995
24999
25000
25001
25002
25003
25004
25006
25007
25008
25009
25011
25012
25014
25015
25016
25017
25018
25019
25020
25021
25023
25024
25025
25026
25027
25028
25029
25030
25031
25032
25033
25034
25036
25037
25038
25039
25040
25041
25044
25045
25046
25049
25051
25053
25054
25056
25057
25058
25059
25060
25061
25062
25063
25065
25066
25067
25068
25069
25070
25071
25073
25074
25076
25078
25079
25080
25082
25083
25084
25085
25086
25087
25090
25091
25092
25094
25095
25096
25098
25099
25101
25103
25104
25105
25108
25110
25111
25119
25120
25121
25123
25125
25126
25127
25128
25130
25132
25133
25138
25139
25140
25141
25142
25143
25144
25145
25146
25147
25148
25150
25151
25153
25154
25156
25158
25159
25160
25165
25166
25167
25169
25170
25171
25172
25173
25174
25175
25176
25177
25178
25180
25181
25182
25183
25186
25187
25188
25190
25191
25193
25194
25195
25196
25197
25199
25200
25201
25202
25203
25204
25206
25207
25208
25210
25214
25216
25217
25218
25219
25220
25221
25226
25228
25229
25230
25232
25234
25235
25236
25237
25238
25240
25241
25242
25243
25244
25245
25246
25247
25248
25250
25252
25253
25254
25256
25257
25259
25261
25262
25263
25264
25267
25269
25270
25272
25273
25274
25275
25277
25278
25279
25281
25282
25283
25284
25285
25286
25287
25288
25289
25291
25292
25293
25294
25295
25296
25297
25298
25299
25302
25303
25305
25306
25308
25309
25310
25311
25312
25316
25317
25318
25322
25323
25324
25325
25328
25329
25330
25332
25333
25337
25338
25339
25340
25341
25342
25343
25345
25346
25347
25350
25351
25354
25355
25356
25357
25358
25359
25360
25361
25362
25363
25365
25366
25367
25369
25372
25373
25374
25375
25376
25379
25380
25383
25384
25386
25387
25388
25389
25393
25394
25395
25397
25399
25400
25401
25403
25406
25408
25411
25414
25415
25416
25417
25418
25420
25421
25422
25423
25424
25425
25427
25429
25431
25432
25433
25434
25435
25436
25437
25439
25440
25441
25442
25444
25445
25446
25447
25448
25449
25450
25452
25453
25455
25456
25457
25458
25459
25463
25464
25465
25467
25468
25469
25470
25471
25472
25473
25474
25476
25477
25479
25480
25482
25483
25484
25485
25486
25487
25489
25490
25491
25492
25493
25494
25495
25497
25498
25499
25501
25505
25508
25510
25511
25515
25522
25527
25528
25530
25534
25537
25538
25542
25543
25547
25548
25549
25554
25557
25561
25562
25566
25568
25569
25571
25578
25580
25585
25589
25594
25595
25598
25603
25604
25606
25608
25612
25619
25620
25621
25623
25624
25627
25628
25633
25634
25636
25637
25639
25640
25641
25643
25647
25648
25652
25656
25660
25665
25667
25681
25688
25690
25692
25693
25695
25701
25704
25708
25709
25712
25714
25716
25717
25723
25727
25728
25730
25734
25736
25737
25739
25743
25749
25751
25752
25753
25754
25755
25759
25762
25763
25768
25769
25771
25772
25773
25775
25777
25781
25783
25784
25785
25789
25791
25794
25801
25803
25805
25806
25813
25818
25821
25823
25825
25827
25840
25842
25844
25853
25854
25866
25867
25872
25873
25875
25882
25885
25886
25893
25895
25898
25904
25906
25908
25911
25920
25921
25922
25926
25927
25928
25930
25935
25937
25942
25949
25953
25954
25960
25966
25968
25971
25973
25976
25982
25995
25997
25999
26032
26216
26220
26262
26270
26434
26447
26558
26572
26608
26634
26653
26664
26706
26730
26739
26740
26755
26778
26780
26810
26851
26854
26877
26891
26893
26933
26944
27003
27039
27048
27065
27070
27071
27079
27080
27087
27089
27092
27097
27098
27099
27117
27124
27145
27150
27153
27166
27167
27173
27184
27196
27198
27204
27220
27232
27238
27299
27302
27306
27308
27317
27318
27319
27321
27322
27328
27330
27333
27338
27340
27356
27360
27363
27366
27376
27389
27390
27400
27410
27419
27421
27449
27470
27491
27499
27500
27502
27504
27505
27506
27507
27508
27509
27510
27511
27512
27513
27514
27515
27517
27519
27520
27522
27523
27524
27525
27526
27529
27530
27531
27532
27533
27534
27535
27536
27537
27539
27540
27541
27542
27543
27545
27546
27548
27549
27550
27551
27553
27554
27555
27556
27557
27558
27559
27560
27561
27562
27563
27565
27566
27567
27569
27570
27571
27572
27574
27575
27577
27578
27579
27582
27583
27586
27587
27588
27589
27590
27591
27592
27593
27594
27595
27596
27597
27598
27600
27601
27602
27603
27604
27605
27606
27607
27608
27609
27610
27611
27612
27613
27614
27616
27617
27620
27621
27622
27623
27624
27625
27627
27629
27630
27632
27634
27635
27636
27637
27638
27639
27640
27641
27642
27643
27644
27645
27646
27647
27649
27650
27651
27652
27653
27654
27655
27656
27657
27658
27660
27661
27663
27664
27665
27666
27667
27668
27669
27670
27671
27672
27674
27675
27677
27679
27680
27681
27682
27683
27684
27685
27686
27687
27688
27691
27692
27693
27695
27696
27697
27698
27699
27700
27701
27702
27703
27704
27705
27706
27707
27708
27711
27712
27713
27714
27715
27716
27717
27718
27719
27720
27721
27722
27723
27724
27725
27726
27727
27728
27729
27730
27731
27732
27733
27734
27736
27737
27738
27740
27741
27742
27743
27744
27745
27746
27747
27748
27749
27750
27751
27752
27753
27754
27755
27756
27757
27758
27759
27760
27761
27763
27764
27766
27767
27768
27771
27772
27773
27774
27775
27776
27777
27778
27779
27780
27782
27783
27784
27786
27787
27789
27790
27792
27794
27795
27797
27798
27799
27800
27801
27804
27805
27806
27807
27808
27809
27810
27812
27813
27814
27815
27816
27817
27818
27819
27820
27824
27825
27826
27827
27828
27829
27830
27831
27832
27834
27835
27837
27838
27839
27840
27842
27845
27846
27847
27849
27850
27851
27852
27853
27854
27856
27857
27858
27861
27863
27864
27866
27867
27868
27869
27870
27871
27872
27873
27874
27875
27877
27878
27879
27880
27881
27882
27883
27884
27885
27887
27888
27889
27890
27891
27892
27893
27897
27898
27899
27900
27901
27902
27903
27904
27905
27906
27907
27908
27909
27910
27912
27913
27914
27915
27918
27919
27920
27924
27925
27926
27927
27928
27929
27930
27931
27932
27933
27934
27935
27936
27938
27939
27940
27941
27942
27943
27944
27945
27946
27947
27951
27952
27953
27954
27955
27957
27958
27959
27960
27961
27963
27964
27965
27966
27968
27969
27971
27972
27973
27974
27975
27976
27977
27978
27980
27981
27982
27983
27985
27986
27987
27988
27989
27990
27991
27992
27993
27994
27996
27997
27998
28021
28028
28096
28152
28183
28212
28214
28219
28229
28246
28250
28254
28270
28303
28307
28338
28360
28375
28387
28389
28415
28419
28430
28491
28501
28503
28508
28509
28512
28516
28517
28521
28522
28529
28531
28535
28536
28537
28546
28551
28556
28559
28560
28561
28565
28569
28574
28580
28582
28604
28613
28621
28622
28623
28624
28625
28639
28646
28653
28655
28668
28672
28679
28680
28682
28684
28691
28696
28697
28698
28703
28704
28709
28717
28719
28723
28727
28731
28742
28744
28749
28755
28756
28766
28776
28784
28786
28788
28792
28793
28801
28805
28812
28815
28816
28819
28820
28822
28829
28837
28839
28847
28852
28858
28860
28862
28866
28871
28872
28874
28882
28888
28896
28897
28912
28924
28925
28928
28932
28934
28939
28943
28956
28964
28969
28971
28981
28991
28992
28995
28997
29003
29014
29030
29040
29053
29055
29059
29064
29069
29070
29076
29097
29111
29114
29123
29131
29136
29142
29150
29151
29154
29155
29159
29163
29165
29168
29174
29185
29188
29194
29201
29206
29224
29239
29241
29247
29251
29268
29285
29290
29297
29310
29318
29321
29325
29335
29340
29344
29352
29353
29359
29367
29368
29369
29378
29380
29388
29389
29397
29399
29402
29404
29405
29408
29410
29413
29416
29417
29424
29429
29439
29440
29441
29444
29445
29448
29456
29472
29480
29485
29489
29501
29504
29510
29512
29515
29523
29525
29526
29527
29528
29530
29531
29534
29535
29537
29538
29544
29547
29548
29550
29551
29552
29553
29555
29557
29558
29559
29560
29561
29562
29566
29568
29571
29572
29577
29578
29579
29580
29583
29585
29589
29596
29599
29600
29601
29602
29603
29604
29605
29609
29612
29613
29614
29618
29619
29621
29625
29627
29631
29633
29639
29642
29643
29644
29648
29649
29650
29654
29655
29658
29661
29662
29663
29665
29667
29668
29672
29673
29674
29675
29677
29679
29681
29682
29686
29689
29691
29692
29694
29696
29710
29713
29714
29715
29716
29720
29722
29725
29729
29731
29732
29734
29736
29737
29738
29740
29745
29747
29756
29759
29760
29763
29764
29766
29768
29774
29776
29777
29779
29780
29781
29782
29783
29788
29789
29791
29794
29797
29799
29808
29809
29810
29811
29814
29815
29817
29821
29824
29829
29832
29833
29834
29835
29837
29838
29840
29843
29844
29852
29854
29856
29862
29867
29868
29869
29871
29872
29874
29876
29882
29884
29889
29892
29893
29895
29905
29906
29909
29910
29914
29918
29919
29922
29923
29924
29925
29928
29929
29932
29933
29934
29935
29940
29942
29945
29948
29952
29954
29956
29957
29958
29962
29965
29968
29970
29974
29975
29978
29982
29986
29989
29996
29998
30009
30014
30028
30031
30034
30035
30057
30060
30061
30071
30075
30085
30102
30129
30141
30143
30147
30153
30176
30179
30188
30189
30196
30199
30225
30241
30244
30246
30262
30271
30297
30298
30308
30312
30318
30337
30343
30352
30363
30370
30384
30391
30399
30406
30434
30439
30455
30472
30483
30487
30495
30497
30506
30507
30512
30520
30526
30535
30543
30560
30585
30593
30594
30597
30606
30626
30638
30644
30654
30661
30664
30681
30686
30706
30715
30747
30780
30794
30795
30799
30804
30816
30817
30825
30836
30843
30845
30857
30869
30870
30876
30878
30884
30892
30905
30908
30913
30914
30923
30931
30936
30944
30952
30953
30954
30957
30966
30969
30976
31003
31005
31014
31020
31022
31025
31029
31031
31038
31041
31042
31044
31046
31050
31051
31053
31059
31061
31073
31078
31080
31085
31089
31097
31106
31115
31117
31119
31123
31130
31132
31135
31151
31153
31157
31158
31164
31167
31168
31170
31172
31177
31180
31186
31193
31195
31198
31201
31210
31216
31222
31236
31237
31238
31239
31246
31250
31251
31253
31259
31260
31265
31267
31268
31277
31282
31286
31291
31293
31298
31309
31311
31312
31317
31341
31349
31354
31355
31357
31358
31360
31364
31367
31375
31382
31386
31388
31389
31394
31395
31403
31404
31417
31423
31426
31429
31431
31432
31433
31438
31439
31445
31449
31450
31452
31453
31454
31461
31467
31475
31478
31479
31480
31484
31490
31495
31497
31499
31503
31506
31510
31518
31527
31529
31536
31537
31544
31545
31546
31547
31551
31553
31558
31564
31573
31574
31590
31602
31612
31617
31619
31630
31638
31639
31645
31647
31649
31653
31659
31662
31668
31670
31674
31681
31684
31688
31692
31703
31707
31719
31722
31724
31732
31735
31737
31746
31750
31761
31762
31763
31767
31781
31786
31787
31788
31791
31799
31804
31806
31815
31822
31824
31827
31829
31830
31832
31834
31835
31836
31842
31847
31854
31859
31862
31866
31872
31874
31878
31881
31882
31885
31888
31894
31895
31896
31899
31903
31905
31914
31921
31924
31925
31929
31933
31940
31941
31963
31968
31974
31976
31979
31983
31986
31988
31989
31991
31993
31998
32004
32006
32008
32009
32010
32012
32014
32015
32016
32017
32021
32025
32026
32027
32028
32032
32033
32035
32037
32038
32039
32041
32042
32044
32049
32050
32053
32056
32057
32059
32061
32062
32063
32065
32066
32067
32068
32070
32072
32073
32074
32075
32076
32077
32078
32080
32081
32083
32086
32087
32088
32089
32091
32092
32093
32094
32098
32100
32101
32102
32103
32107
32108
32111
32112
32115
32116
32117
32118
32121
32123
32124
32125
32126
32127
32128
32129
32130
32133
32135
32136
32137
32138
32139
32140
32141
32143
32146
32147
32152
32153
32154
32158
32159
32160
32161
32162
32163
32164
32165
32167
32169
32170
32173
32175
32176
32177
32179
32180
32181
32182
32183
32185
32186
32188
32191
32192
32193
32196
32197
32198
32199
32200
32201
32202
32203
32204
32205
32206
32210
32211
32212
32213
32214
32216
32217
32218
32220
32221
32222
32225
32226
32230
32232
32235
32240
32242
32243
32245
32246
32247
32248
32250
32253
32255
32256
32257
32258
32260
32261
32262
32264
32265
32266
32267
32272
32273
32274
32276
32277
32278
32280
32281
32282
32283
32284
32285
32287
32288
32292
32294
32295
32296
32297
32298
32301
32302
32304
32305
32306
32307
32308
32310
32311
32314
32316
32317
32319
32320
32321
32322
32323
32325
32326
32327
32329
32330
32332
32333
32334
32336
32337
32338
32340
32341
32342
32345
32347
32349
32351
32353
32356
32357
32358
32360
32361
32362
32363
32365
32368
32369
32372
32374
32375
32381
32383
32384
32385
32388
32389
32390
32392
32394
32396
32397
32400
32401
32402
32403
32405
32408
32409
32410
32411
32419
32422
32423
32424
32425
32426
32427
32430
32431
32432
32435
32436
32437
32438
32440
32443
32444
32445
32446
32450
32451
32452
32453
32455
32456
32457
32458
32459
32461
32462
32463
32465
32466
32467
32468
32470
32471
32472
32474
32475
32477
32478
32479
32481
32482
32483
32485
32486
32487
32488
32490
32492
32494
32499
32501
32505
32506
32507
32510
32512
32513
32514
32515
32517
32518
32519
32520
32521
32522
32523
32526
32527
32528
32529
32530
32532
32536
32538
32539
32541
32545
32546
32547
32555
32559
32560
32562
32563
32564
32566
32567
32568
32569
32571
32573
32574
32582
32583
32584
32586
32588
32589
32590
32592
32593
32594
32595
32597
32599
32601
32605
32606
32609
32610
32611
32612
32613
32615
32616
32617
32618
32619
32620
32622
32623
32624
32625
32626
32628
32629
32631
32633
32636
32637
32639
32644
32645
32646
32647
32648
32649
32651
32654
32658
32662
32664
32666
32667
32668
32669
32670
32671
32673
32674
32675
32676
32677
32678
32679
32682
32683
32686
32687
32688
32689
32692
32694
32696
32697
32698
32701
32702
32703
32704
32705
32706
32709
32710
32711
32712
32713
32714
32715
32716
32717
32718
32721
32723
32724
32725
32726
32727
32728
32729
32730
32732
32733
32734
32736
32737
32738
32739
32743
32749
32751
32752
32753
32754
32756
32762
32774
32776
32777
32780
32782
32783
32784
32785
32786
32787
32788
32791
32792
32793
32796
32797
32799
32801
32802
32806
32807
32808
32809
32810
32811
32814
32818
32819
32820
32821
32822
32823
32824
32830
32831
32834
32836
32837
32838
32839
32840
32842
32844
32846
32847
32848
32849
32851
32852
32856
32861
32863
32864
32865
32867
32871
32872
32873
32875
32877
32878
32879
32881
32882
32884
32886
32887
32888
32889
32890
32891
32892
32893
32894
32895
32897
32899
32901
32902
32904
32907
32908
32910
32911
32912
32913
32914
32915
32916
32917
32918
32919
32920
32922
32923
32924
32929
32930
32935
32936
32940
32941
32942
32944
32946
32947
32949
32952
32954
32956
32958
32960
32962
32964
32965
32969
32971
32972
32973
32975
32977
32978
32980
32984
32985
32987
32989
32990
32992
32993
32994
32995
32997
33006
33014
33016
33023
33028
33045
33047
33051
33065
33067
33073
33075
33076
33081
33087
33089
33094
33099
33105
33113
33116
33120
33144
33148
33152
33177
33200
33202
33207
33209
33210
33216
33221
33222
33226
33227
33230
33232
33240
33246
33257
33258
33269
33270
33281
33286
33293
33297
33305
33319
33330
33332
33334
33337
33339
33366
33376
33377
33388
33391
33404
33405
33415
33417
33419
33420
33421
33432
33435
33445
33447
33459
33465
33468
33471
33485
33489
33490
33494
33495
33499
33501
33502
33505
33507
33509
33510
33515
33516
33517
33519
33521
33523
33535
33539
33540
33541
33544
33546
33552
33553
33555
33557
33558
33561
33563
33568
33569
33570
33571
33573
33575
33576
33581
33584
33585
33588
33589
33591
33593
33597
33599
33600
33601
33604
33608
33609
33611
33615
33616
33619
33624
33625
33629
33638
33641
33642
33647
33648
33649
33651
33653
33657
33659
33661
33662
33664
33665
33668
33670
33672
33675
33676
33678
33680
33688
33690
33691
33698
33700
33701
33710
33712
33713
33714
33720
33723
33725
33732
33734
33736
33738
33740
33742
33743
33745
33746
33750
33752
33755
33764
33767
33773
33774
33776
33777
33780
33783
33785
33786
33789
33790
33793
33795
33798
33799
33800
33805
33806
33808
33810
33814
33815
33817
33820
33825
33826
33833
33838
33841
33846
33848
33860
33864
33865
33871
33877
33880
33881
33883
33884
33885
33890
33892
33896
33902
33903
33906
33908
33914
33915
33918
33919
33920
33921
33922
33926
33928
33934
33936
33937
33938
33944
33946
33947
33949
33950
33951
33952
33955
33956
33959
33961
33964
33965
33968
33969
33970
33973
33974
33976
33979
33980
33982
33985
33987
33988
33990
33991
33993
33995
33996
33997
34008
34009
34015
34049
34069
34078
34103
34107
34179
34186
34291
34362
34365
34398
34438
34455
34477
34498
34505
34528
34534
34544
34545
34548
34549
34550
34556
34562
34565
34566
34572
34577
34590
34593
34602
34615
34624
34625
34628
34632
34633
34640
34641
34642
34643
34646
34647
34653
34654
34658
34663
34678
34694
34714
34715
34719
34721
34724
34727
34729
34738
34740
34743
34753
34754
34756
34760
34775
34777
34780
34781
34784
34785
34823
34827
34831
34832
34839
34845
34847
34848
34851
34854
34864
34869
34876
34883
34887
34894
34895
34896
34904
34908
34910
34911
34918
34920
34922
34927
34939
34941
34947
34954
34963
34968
34981
34996
35000
35002
35003
35004
35011
35015
35024
35026
35029
35034
35035
35037
35039
35048
35050
35062
35063
35069
35072
35073
35075
35077
35080
35082
35083
35084
35100
35103
35110
35114
35120
35121
35123
35126
35128
35129
35130
35134
35135
35137
35143
35145
35150
35151
35153
35154
35157
35162
35164
35168
35171
35176
35178
35183
35185
35186
35189
35195
35196
35204
35205
35212
35217
35219
35220
35221
35224
35228
35229
35231
35234
35235
35236
35237
35238
35241
35242
35244
35245
35247
35248
35250
35252
35253
35254
35261
35262
35263
35264
35267
35272
35274
35282
35290
35293
35294
35302
35306
35312
35316
35318
35319
35321
35323
35324
35331
35333
35340
35343
35344
35346
35348
35350
35352
35358
35362
35363
35365
35367
35369
35373
35374
35375
35376
35377
35378
35382
35384
35386
35387
35388
35392
35393
35394
35398
35402
35404
35406
35408
35416
35420
35423
35425
35426
35427
35430
35431
35433
35436
35437
35438
35440
35441
35443
35445
35446
35448
35456
35457
35463
35464
35466
35471
35473
35477
35478
35479
35486
35488
35497
35498
35499
35500
35504
35506
35522
35545
35570
35574
35579
35589
35593
35599
35601
35607
35615
35616
35619
35637
35638
35642
35657
35660
35661
35674
35675
35688
35698
35699
35704
35711
35724
35728
35736
35739
35744
35747
35752
35764
35765
35769
35770
35774
35779
35782
35784
35785
35790
35791
35794
35798
35811
35834
35836
35841
35853
35872
35874
35875
35876
35883
35886
35898
35905
35908
35909
35915
35917
35921
35929
35932
35934
35944
35952
35953
35960
35963
35966
35967
35991
36000
36002
36003
36006
36007
36008
36009
36010
36011
36012
36013
36014
36016
36017
36019
36020
36021
36022
36023
36025
36026
36027
36028
36030
36031
36032
36033
36034
36035
36037
36039
36041
36042
36043
36044
36045
36046
36048
36050
36051
36052
36053
36054
36055
36056
36058
36059
36062
36064
36065
36066
36068
36069
36073
36078
36079
36080
36082
36083
36084
36087
36088
36089
36090
36092
36094
36096
36099
36100
36101
36102
36103
36104
36105
36107
36108
36109
36110
36112
36113
36117
36118
36119
36120
36122
36123
36124
36125
36126
36128
36130
36132
36133
36134
36135
36137
36138
36139
36140
36141
36143
36144
36145
36146
36148
36149
36150
36151
36152
36153
36154
36155
36156
36157
36160
36162
36164
36166
36168
36169
36170
36171
36172
36173
36174
36177
36178
36182
36183
36184
36186
36187
36188
36189
36190
36191
36193
36195
36196
36198
36199
36203
36204
36205
36206
36207
36208
36209
36210
36211
36212
36214
36215
36216
36218
36220
36223
36224
36225
36226
36227
36228
36230
36231
36234
36235
36236
36237
36238
36239
36240
36244
36248
36249
36250
36251
36252
36253
36254
36255
36256
36258
36259
36260
36262
36263
36264
36267
36268
36269
36270
36273
36276
36278
36279
36281
36283
36284
36285
36287
36290
36292
36296
36297
36298
36301
36303
36304
36305
36306
36310
36311
36312
36313
36314
36316
36317
36321
36323
36327
36328
36329
36330
36332
36333
36335
36336
36337
36341
36342
36343
36346
36347
36348
36349
36352
36353
36354
36355
36356
36357
36358
36359
36362
36363
36365
36366
36367
36369
36370
36371
36372
36373
36374
36375
36376
36377
36378
36379
36380
36383
36384
36385
36386
36387
36388
36389
36390
36391
36393
36395
36396
36397
36398
36399
36400
36401
36402
36403
36405
36408
36411
36413
36417
36418
36421
36422
36423
36424
36425
36426
36427
36428
36429
36433
36434
36435
36436
36437
36438
36440
36441
36442
36444
36446
36450
36451
36453
36454
36459
36460
36461
36464
36465
36466
36467
36468
36469
36470
36471
36472
36473
36474
36475
36476
36479
36480
36481
36482
36483
36484
36486
36487
36488
36489
36490
36491
36492
36494
36497
36499
36500
36501
36503
36506
36509
36510
36514
36516
36517
36518
36521
36522
36527
36529
36530
36533
36536
36537
36538
36542
36544
36545
36546
36548
36552
36553
36554
36555
36558
36559
36561
36564
36565
36566
36567
36576
36577
36578
36583
36585
36588
36589
36590
36591
36593
36594
36596
36597
36598
36604
36605
36606
36607
36612
36613
36614
36615
36616
36618
36621
36626
36631
36634
36642
36644
36645
36647
36650
36651
36653
36655
36657
36658
36659
36666
36669
36671
36672
36674
36680
36681
36682
36688
36691
36694
36698
36704
36706
36707
36708
36710
36712
36718
36719
36723
36727
36728
36729
36730
36736
36737
36740
36741
36743
36744
36747
36748
36755
36756
36761
36762
36765
36767
36770
36773
36778
36779
36782
36786
36795
36801
36805
36811
36813
36814
36822
36823
36824
36825
36826
36828
36830
36832
36835
36836
36837
36838
36840
36842
36843
36844
36847
36851
36852
36855
36856
36857
36861
36865
36867
36868
36869
36874
36875
36876
36879
36882
36885
36887
36889
36890
36895
36896
36900
36902
36903
36907
36909
36911
36912
36914
36915
36916
36917
36919
36920
36922
36923
36928
36930
36931
36936
36943
36945
36946
36949
36950
36951
36952
36954
36956
36957
36959
36964
36965
36966
36967
36969
36970
36976
36980
36981
36983
36984
36985
36986
36987
36988
36990
36993
37006
37012
37013
37020
37022
37024
37025
37036
37040
37041
37048
37050
37052
37066
37067
37069
37072
37075
37076
37079
37087
37099
37105
37107
37110
37115
37120
37122
37125
37126
37130
37137
37143
37144
37146
37150
37152
37153
37158
37162
37171
37178
37181
37182
37184
37185
37189
37191
37193
37194
37197
37200
37202
37203
37205
37208
37209
37213
37218
37227
37228
37229
37231
37234
37237
37242
37247
37249
37251
37262
37264
37273
37279
37280
37282
37284
37285
37286
37287
37289
37293
37294
37296
37302
37303
37306
37307
37312
37318
37320
37322
37324
37326
37327
37328
37331
37332
37338
37341
37344
37348
37349
37351
37353
37355
37357
37358
37360
37361
37362
37363
37364
37366
37369
37375
37376
37385
37387
37397
37399
37403
37406
37417
37418
37428
37429
37432
37444
37445
37449
37451
37454
37455
37456
37465
37470
37475
37478
37480
37482
37485
37491
37492
37493
37495
37496
37498
37503
37514
37516
37517
37519
37521
37526
37542
37548
37549
37550
37554
37563
37570
37572
37575
37587
37592
37612
37614
37616
37635
37639
37651
37652
37658
37665
37670
37673
37684
37685
37687
37690
37693
37699
37704
37711
37712
37713
37719
37720
37725
37726
37729
37734
37736
37737
37742
37743
37745
37746
37749
37751
37756
37759
37764
37770
37778
37780
37784
37785
37792
37794
37800
37811
37822
37823
37827
37835
37840
37850
37863
37865
37866
37867
37876
37888
37893
37894
37895
37900
37914
37919
37924
37926
37933
37940
37941
37942
37944
37947
37954
37956
37958
37959
37962
37967
37973
37976
37980
37981
37989
37991
38003
38021
38036
38043
38046
38056
38068
38073
38074
38078
38085
38090
38097
38128
38134
38139
38148
38184
38186
38218
38220
38235
38239
38247
38272
38273
38281
38282
38294
38300
38305
38311
38331
38333
38340
38354
38356
38357
38363
38366
38405
38407
38418
38421
38428
38434
38436
38439
38442
38448
38450
38453
38463
38493
38500
38501
38502
38503
38507
38512
38513
38515
38520
38521
38523
38525
38526
38529
38532
38533
38538
38539
38540
38542
38543
38544
38546
38547
38550
38552
38553
38555
38556
38558
38560
38573
38577
38583
38584
38589
38591
38592
38594
38597
38599
38602
38607
38608
38610
38611
38612
38614
38615
38618
38620
38624
38625
38627
38629
38631
38632
38633
38634
38637
38638
38639
38641
38642
38643
38644
38646
38648
38649
38651
38653
38657
38659
38663
38664
38666
38667
38669
38671
38673
38676
38677
38678
38680
38684
38685
38691
38692
38693
38694
38697
38698
38700
38701
38708
38713
38714
38715
38716
38718
38721
38722
38723
38724
38725
38727
38729
38730
38734
38738
38739
38740
38742
38744
38746
38749
38752
38755
38757
38761
38763
38764
38765
38767
38768
38770
38772
38777
38778
38781
38782
38784
38790
38791
38793
38794
38797
38798
38801
38803
38804
38811
38812
38816
38817
38819
38820
38821
38823
38829
38830
38831
38832
38834
38836
38837
38841
38843
38853
38855
38856
38859
38866
38867
38868
38871
38873
38874
38875
38877
38878
38879
38883
38884
38885
38886
38891
38896
38897
38901
38902
38903
38904
38905
38906
38916
38917
38918
38921
38922
38927
38928
38930
38931
38932
38934
38937
38939
38945
38947
38949
38951
38953
38955
38957
38958
38959
38960
38964
38965
38968
38969
38977
38981
38983
38985
38986
38988
38989
38992
38994
38997
38998
38999
39003
39004
39005
39006
39009
39010
39012
39013
39015
39020
39024
39027
39028
39033
39038
39040
39043
39046
39047
39052
39054
39055
39057
39066
39069
39072
39073
39075
39076
39086
39087
39088
39092
39094
39096
39098
39105
39108
39109
39113
39117
39125
39126
39132
39133
39136
39138
39142
39147
39148
39159
39162
39164
39169
39173
39174
39182
39187
39194
39195
39196
39197
39199
39202
39205
39207
39209
39212
39213
39221
39226
39229
39230
39238
39239
39240
39241
39243
39244
39249
39259
39263
39268
39271
39276
39277
39278
39279
39280
39281
39284
39290
39291
39292
39293
39294
39304
39307
39309
39310
39312
39316
39317
39319
39325
39327
39333
39334
39342
39345
39349
39351
39352
39355
39358
39359
39362
39366
39369
39371
39373
39376
39378
39379
39381
39382
39385
39386
39387
39388
39390
39397
39398
39399
39406
39410
39413
39417
39418
39419
39420
39422
39425
39426
39427
39429
39433
39436
39438
39440
39445
39446
39452
39454
39460
39462
39464
39465
39471
39475
39478
39479
39480
39484
39486
39487
39488
39489
39491
39492
39493
39496
39498
39500
39503
39513
39514
39519
39521
39525
39527
39528
39532
39535
39536
39541
39545
39547
39548
39551
39559
39560
39561
39562
39567
39571
39572
39576
39578
39593
39595
39598
39599
39610
39617
39621
39625
39628
39634
39635
39640
39643
39644
39648
39652
39654
39665
39666
39667
39669
39673
39675
39682
39683
39684
39685
39686
39691
39694
39698
39700
39704
39705
39707
39708
39713
39716
39717
39719
39721
39732
39737
39738
39743
39747
39750
39751
39761
39764
39767
39770
39778
39781
39784
39785
39786
39788
39790
39791
39792
39794
39795
39798
39800
39801
39806
39809
39813
39816
39818
39821
39824
39828
39831
39833
39836
39841
39842
39843
39844
39845
39855
39858
39862
39865
39869
39871
39889
39890
39892
39896
39897
39903
39904
39905
39911
39912
39914
39918
39919
39921
39925
39926
39930
39933
39938
39939
39940
39941
39942
39945
39946
39947
39950
39953
39954
39957
39963
39965
39968
39970
39971
39975
39980
39987
39989
39991
40001
40002
40003
40004
40005
40006
40008
40009
40010
40011
40012
40013
40014
40015
40017
40018
40019
40020
40021
40022
40025
40026
40027
40030
40031
40032
40033
40035
40036
40037
40038
40040
40041
40042
40043
40045
40046
40049
40051
40052
40053
40054
40055
40057
40058
40059
40062
40064
40065
40066
40067
40068
40069
40070
40071
40072
40073
40075
40078
40079
40080
40083
40085
40086
40089
40090
40091
40093
40095
40096
40098
40099
40100
40102
40104
40106
40107
40108
40109
40110
40111
40112
40113
40114
40116
40117
40118
40119
40121
40122
40124
40125
40126
40127
40129
40130
40131
40132
40134
40135
40136
40137
40138
40139
40140
40141
40142
40143
40145
40147
40148
40151
40152
40153
40155
40156
40157
40158
40160
40161
40164
40165
40166
40167
40168
40171
40172
40173
40174
40175
40176
40181
40183
40184
40186
40190
40192
40194
40195
40200
40201
40202
40205
40208
40209
40211
40212
40213
40214
40215
40216
40218
40219
40221
40222
40223
40225
40226
40227
40228
40232
40233
40236
40237
40239
40240
40241
40242
40244
40246
40247
40248
40249
40250
40252
40253
40254
40256
40257
40259
40261
40262
40263
40266
40267
40269
40270
40271
40272
40273
40274
40276
40278
40280
40281
40282
40283
40284
40285
40286
40287
40288
40289
40290
40291
40295
40296
40298
40299
40300
40301
40302
40304
40305
40306
40307
40309
40311
40312
40313
40314
40315
40316
40318
40319
40320
40321
40322
40323
40326
40327
40329
40331
40332
40333
40335
40337
40338
40339
40340
40341
40342
40343
40344
40345
40346
40347
40350
40351
40355
40356
40358
40359
40360
40361
40362
40363
40365
40366
40367
40368
40369
40373
40375
40376
40379
40380
40384
40385
40386
40387
40388
40390
40391
40393
40394
40395
40396
40397
40398
40399
40401
40402
40403
40404
40405
40407
40408
40409
40410
40413
40416
40417
40418
40420
40422
40423
40426
40428
40429
40430
40431
40432
40434
40435
40436
40437
40439
40441
40443
40446
40447
40448
40449
40453
40455
40456
40457
40458
40460
40461
40462
40463
40465
40467
40468
40469
40470
40472
40473
40474
40476
40477
40478
40479
40480
40482
40483
40484
40485
40487
40488
40489
40490
40491
40492
40494
40495
40496
40497
40498
40514
40518
40526
40528
40535
40536
40540
40542
40546
40551
40552
40556
40560
40564
40565
40568
40570
40573
40575
40579
40588
40596
40597
40599
40603
40604
40605
40606
40612
40613
40619
40622
40624
40635
40636
40637
40639
40649
40652
40653
40654
40659
40664
40665
40667
40671
40672
40676
40677
40683
40692
40694
40699
40700
40704
40707
40708
40712
40713
40714
40717
40718
40733
40735
40736
40737
40741
40745
40759
40762
40767
40768
40770
40774
40777
40781
40782
40783
40784
40786
40796
40799
40800
40801
40802
40803
40804
40809
40815
40816
40817
40821
40822
40823
40828
40833
40835
40842
40843
40844
40848
40856
40858
40859
40861
40865
40866
40867
40888
40898
40899
40920
40923
40926
40930
40932
40934
40936
40937
40943
40944
40961
40965
40967
40978
40981
40982
40995
40997
41006
41011
41013
41022
41024
41025
41030
41045
41067
41068
41081
41083
41092
41117
41123
41134
41149
41170
41182
41187
41188
41237
41241
41248
41266
41278
41322
41328
41342
41353
41378
41400
41425
41442
41483
41500
41508
41512
41514
41515
41516
41521
41522
41523
41524
41528
41529
41533
41538
41539
41540
41541
41546
41549
41552
41553
41556
41560
41561
41564
41566
41567
41568
41569
41574
41578
41579
41580
41586
41587
41593
41596
41598
41601
41604
41605
41607
41617
41619
41620
41623
41627
41642
41647
41650
41652
41655
41656
41658
41660
41661
41662
41663
41666
41668
41671
41675
41679
41681
41683
41690
41692
41694
41695
41696
41697
41698
41702
41704
41705
41706
41707
41713
41717
41718
41720
41721
41723
41725
41726
41727
41729
41730
41737
41742
41750
41751
41753
41758
41759
41764
41771
41772
41776
41782
41791
41799
41806
41809
41814
41816
41823
41824
41825
41827
41828
41829
41835
41840
41841
41844
41847
41852
41853
41857
41860
41861
41869
41875
41877
41878
41884
41890
41891
41897
41899
41901
41903
41904
41909
41910
41913
41929
41932
41934
41937
41940
41941
41942
41943
41946
41952
41955
41956
41958
41965
41970
41971
41975
41978
41980
41981
41982
41984
41990
41991
41992
42001
42008
42012
42016
42017
42023
42024
42025
42030
42034
42037
42038
42040
42049
42050
42058
42059
42068
42069
42072
42077
42088
42091
42092
42096
42106
42112
42113
42117
42119
42121
42126
42127
42130
42131
42132
42134
42135
42140
42141
42143
42148
42149
42155
42156
42159
42162
42163
42164
42165
42166
42170
42172
42174
42175
42176
42179
42182
42184
42186
42187
42196
42200
42205
42206
42207
42210
42215
42219
42223
42225
42226
42228
42231
42233
42239
42241
42242
42243
42245
42248
42249
42251
42252
42257
42260
42263
42271
42272
42275
42279
42281
42283
42286
42287
42288
42291
42298
42303
42304
42305
42310
42313
42323
42329
42332
42335
42337
42339
42344
42345
42348
42349
42351
42353
42355
42359
42361
42369
42371
42373
42374
42375
42380
42382
42383
42390
42394
42395
42401
42402
42403
42404
42406
42407
42408
42410
42417
42420
42423
42425
42426
42428
42431
42433
42438
42439
42440
42441
42444
42447
42462
42464
42469
42472
42473
42476
42477
42482
42486
42489
42490
42492
42501
42504
42524
42527
42529
42530
42532
42535
42542
42545
42546
42555
42570
42572
42577
42583
42586
42594
42597
42601
42603
42604
42609
42613
42639
42666
42668
42670
42673
42679
42682
42685
42686
42692
42693
42698
42702
42703
42707
42708
42715
42717
42718
42719
42722
42727
42728
42735
42738
42744
42753
42754
42759
42765
42776
42778
42787
42794
42800
42801
42808
42811
42815
42832
42837
42841
42858
42869
42870
42871
42875
42894
42903
42908
42916
42920
42926
42940
42941
42956
42968
42971
42976
42980
42983
42992
42996
43005
43016
43020
43021
43026
43029
43032
43033
43036
43041
43043
43047
43050
43057
43058
43060
43066
43071
43072
43080
43081
43084
43088
43091
43094
43100
43113
43114
43118
43121
43130
43136
43140
43144
43147
43156
43165
43167
43175
43186
43190
43191
43194
43197
43203
43204
43212
43213
43227
43230
43231
43234
43238
43241
43243
43244
43245
43252
43255
43257
43258
43260
43266
43269
43270
43271
43277
43278
43282
43288
43290
43294
43303
43311
43320
43324
43328
43337
43340
43345
43347
43351
43354
43356
43367
43376
43377
43384
43385
43387
43389
43390
43395
43400
43414
43417
43418
43427
43432
43434
43437
43445
43448
43449
43455
43460
43469
43479
43482
43483
43493
43500
43501
43507
43508
43525
43527
43531
43546
43550
43551
43552
43558
43559
43568
43569
43572
43573
43576
43577
43583
43588
43595
43598
43605
43612
43616
43617
43622
43627
43628
43640
43644
43648
43651
43659
43662
43669
43670
43672
43674
43676
43677
43684
43687
43688
43690
43694
43699
43701
43703
43708
43709
43715
43719
43726
43727
43748
43755
43756
43764
43769
43770
43778
43786
43790
43793
43799
43800
43803
43804
43805
43810
43815
43819
43824
43828
43832
43834
43836
43837
43838
43839
43840
43845
43847
43848
43852
43859
43860
43861
43862
43866
43867
43868
43869
43870
43872
43874
43877
43887
43892
43893
43895
43896
43897
43899
43900
43903
43905
43913
43916
43919
43932
43940
43943
43945
43946
43965
43968
43977
43979
43980
43984
43986
43987
43988
43993
43994
43997
43998
44000
44003
44005
44010
44030
44039
44044
44045
44050
44052
44053
44064
44066
44073
44074
44090
44091
44093
44096
44097
44098
44101
44109
44113
44116
44126
44139
44142
44150
44154
44158
44164
44172
44173
44175
44181
44182
44187
44195
44209
44216
44218
44223
44224
44228
44229
44232
44234
44238
44239
44240
44247
44260
44276
44281
44283
44288
44296
44300
44308
44312
44318
44323
44327
44334
44344
44348
44356
44357
44365
44378
44382
44388
44390
44397
44425
44429
44430
44436
44444
44452
44453
44471
44472
44473
44476
44479
44485
44495
44502
44504
44506
44508
44512
44515
44516
44525
44526
44527
44536
44550
44551
44553
44554
44557
44565
44566
44567
44570
44573
44575
44576
44578
44580
44583
44587
44588
44592
44595
44599
44606
44610
44612
44616
44621
44622
44626
44628
44629
44634
44637
44638
44639
44641
44649
44650
44655
44663
44666
44668
44669
44670
44671
44675
44680
44682
44689
44693
44696
44698
44701
44705
44706
44709
44712
44717
44719
44721
44730
44739
44741
44751
44752
44760
44761
44762
44764
44765
44772
44776
44780
44793
44794
44795
44799
44805
44808
44809
44810
44813
44819
44820
44821
44824
44831
44834
44850
44855
44858
44866
44867
44869
44873
44875
44884
44886
44890
44900
44904
44905
44907
44909
44911
44912
44918
44925
44926
44927
44930
44932
44938
44944
44948
44949
44952
44953
44955
44956
44957
44958
44969
44975
44980
44983
44985
44990
45001
45004
45005
45009
45010
45015
45016
45019
45020
45022
45030
45034
45041
45046
45051
45056
45057
45070
45076
45082
45084
45086
45089
45094
45098
45099
45101
45107
45108
45111
45115
45118
45121
45122
45124
45128
45134
45135
45139
45140
45145
45146
45150
45152
45157
45158
45160
45162
45164
45168
45169
45171
45172
45176
45182
45185
45186
45190
45197
45198
45202
45205
45209
45210
45212
45214
45215
45218
45219
45223
45227
45229
45239
45242
45245
45246
45253
45256
45257
45259
45262
45264
45267
45276
45277
45282
45296
45297
45298
45299
45301
45307
45310
45316
45317
45319
45321
45322
45324
45326
45328
45334
45335
45336
45340
45343
45345
45348
45349
45352
45353
45354
45358
45360
45362
45368
45375
45379
45380
45387
45389
45391
45394
45395
45401
45404
45409
45417
45418
45428
45430
45431
45433
45439
45440
45441
45451
45458
45464
45467
45468
45469
45471
45476
45477
45480
45481
45489
45494
45499
45504
45509
45517
45520
45523
45526
45527
45531
45541
45543
45548
45552
45554
45558
45572
45574
45575
45576
45580
45584
45585
45591
45593
45598
45600
45604
45607
45612
45613
45614
45617
45626
45631
45639
45642
45646
45649
45650
45654
45655
45658
45664
45668
45673
45675
45680
45682
45684
45685
45691
45692
45693
45695
45703
45710
45713
45716
45735
45739
45745
45748
45754
45755
45764
45770
45777
45780
45786
45793
45795
45796
45801
45819
45827
45829
45835
45837
45838
45839
45842
45845
45851
45853
45855
45865
45866
45870
45872
45874
45878
45883
45887
45888
45893
45897
45903
45905
45906
45915
45922
45936
45940
45946
45947
45949
45953
45958
45963
45968
45975
45977
45980
45998
46000
46003
46004
46005
46007
46008
46009
46011
46017
46020
46022
46024
46030
46032
46035
46036
46042
46046
46050
46057
46058
46059
46060
46065
46068
46072
46073
46074
46075
46076
46077
46081
46083
46093
46095
46096
46101
46103
46104
46109
46111
46112
46113
46115
46120
46129
46130
46131
46132
46139
46140
46144
46145
46151
46152
46156
46157
46162
46163
46165
46168
46169
46175
46178
46181
46182
46186
46188
46189
46191
46195
46196
46202
46205
46206
46213
46214
46216
46219
46221
46225
46229
46236
46244
46248
46250
46253
46255
46257
46259
46260
46262
46263
46268
46269
46271
46273
46274
46275
46278
46282
46284
46286
46289
46291
46295
46298
46299
46300
46301
46304
46306
46313
46314
46319
46322
46326
46327
46328
46329
46332
46333
46334
46336
46337
46347
46348
46350
46353
46356
46359
46361
46363
46365
46368
46370
46373
46378
46383
46385
46387
46393
46394
46397
46399
46402
46404
46405
46407
46408
46409
46412
46415
46423
46424
46425
46426
46428
46429
46432
46433
46434
46438
46440
46441
46442
46447
46448
46449
46454
46456
46461
46463
46464
46467
46469
46472
46473
46478
46479
46485
46486
46488
46490
46491
46492
46494
46497
46499
46500
46501
46503
46505
46509
46510
46511
46512
46513
46515
46516
46519
46521
46524
46530
46531
46538
46541
46542
46545
46547
46548
46549
46550
46556
46557
46558
46559
46561
46563
46565
46569
46570
46573
46577
46578
46579
46585
46586
46589
46592
46597
46599
46600
46601
46604
46605
46606
46609
46610
46611
46614
46615
46617
46619
46622
46623
46624
46625
46626
46628
46629
46630
46631
46632
46633
46634
46635
46636
46637
46639
46640
46642
46645
46646
46648
46650
46651
46652
46654
46655
46656
46658
46660
46664
46665
46666
46673
46675
46677
46679
46681
46684
46687
46691
46693
46694
46697
46699
46701
46705
46706
46709
46712
46714
46716
46718
46722
46723
46724
46725
46727
46728
46729
46731
46732
46738
46739
46740
46741
46742
46743
46744
46745
46746
46749
46751
46753
46755
46758
46760
46761
46764
46766
46767
46768
46769
46770
46772
46773
46777
46778
46781
46782
46784
46785
46786
46787
46788
46789
46790
46792
46793
46796
46798
46799
46801
46802
46803
46807
46808
46810
46812
46813
46814
46817
46819
46820
46823
46826
46828
46829
46830
46831
46832
46835
46837
46838
46844
46846
46848
46849
46850
46851
46852
46854
46855
46856
46857
46858
46860
46861
46862
46863
46864
46867
46868
46872
46873
46874
46876
46877
46878
46880
46881
46882
46883
46885
46887
46892
46894
46896
46897
46898
46899
46901
46903
46904
46905
46907
46916
46917
46919
46920
46921
46925
46926
46928
46930
46931
46933
46934
46935
46937
46938
46939
46940
46941
46943
46944
46945
46948
46950
46951
46952
46955
46957
46958
46960
46961
46963
46964
46965
46966
46967
46968
46975
46978
46979
46983
46987
46988
46989
46990
46991
46993
46996
46997
46998
47042
47054
47067
47068
47075
47077
47191
47288
47330
47375
47393
47398
47420
47465
47478
47488
47503
47507
47508
47515
47517
47521
47525
47527
47532
47535
47536
47537
47541
47542
47545
47551
47552
47553
47554
47555
47561
47564
47569
47572
47573
47575
47578
47580
47581
47582
47584
47587
47588
47590
47596
47597
47598
47601
47602
47603
47604
47608
47610
47615
47616
47623
47626
47629
47632
47638
47639
47640
47644
47645
47648
47653
47654
47656
47657
47664
47665
47677
47678
47679
47680
47682
47684
47687
47688
47690
47691
47693
47695
47703
47704
47707
47712
47716
47718
47720
47722
47727
47730
47731
47732
47733
47736
47737
47741
47742
47743
47744
47750
47751
47753
47754
47755
47757
47759
47765
47766
47768
47769
47770
47771
47777
47778
47779
47780
47786
47788
47790
47792
47796
47798
47800
47804
47808
47814
47815
47818
47820
47822
47827
47831
47832
47833
47835
47836
47850
47854
47856
47865
47867
47870
47876
47878
47879
47880
47886
47888
47890
47891
47901
47902
47907
47925
47926
47927
47931
47934
47935
47936
47939
47940
47942
47943
47944
47947
47949
47950
47961
47962
47963
47966
47981
47984
47986
47989
47991
47992
47994
47999
48002
48004
48005
48006
48007
48010
48012
48013
48014
48015
48016
48017
48018
48021
48022
48024
48026
48028
48030
48031
48032
48034
48036
48038
48040
48041
48044
48045
48046
48049
48050
48052
48055
48056
48058
48059
48060
48061
48063
48066
48068
48070
48071
48072
48073
48074
48075
48076
48077
48079
48080
48081
48085
48086
48087
48088
48089
48091
48092
48093
48094
48095
48097
48098
48099
48100
48101
48102
48103
48104
48105
48109
48114
48117
48119
48120
48121
48126
48130
48132
48133
48134
48135
48137
48142
48145
48146
48148
48149
48151
48153
48155
48157
48158
48159
48162
48164
48168
48170
48171
48172
48174
48178
48179
48183
48184
48185
48188
48190
48194
48197
48198
48199
48203
48204
48206
48207
48209
48211
48212
48213
48214
48215
48216
48219
48220
48221
48224
48227
48228
48229
48232
48240
48241
48243
48244
48245
48248
48250
48251
48252
48257
48260
48261
48262
48264
48266
48268
48269
48271
48272
48273
48274
48275
48276
48277
48279
48281
48283
48284
48286
48287
48288
48292
48293
48295
48296
48297
48299
48302
48305
48309
48311
48312
48313
48314
48315
48316
48318
48321
48322
48324
48327
48328
48329
48330
48331
48332
48333
48336
48337
48342
48345
48346
48347
48350
48351
48353
48357
48359
48362
48363
48366
48370
48375
48378
48381
48382
48383
48385
48387
48392
48393
48394
48395
48396
48398
48402
48405
48406
48408
48411
48414
48415
48416
48417
48419
48422
48429
48430
48432
48434
48437
48441
48442
48443
48445
48449
48450
48451
48456
48457
48459
48460
48462
48463
48464
48467
48469
48470
48472
48474
48475
48476
48481
48482
48485
48486
48487
48490
48491
48493
48494
48495
48496
48497
48498
48499
48501
48502
48508
48510
48514
48519
48525
48532
48533
48535
48539
48543
48544
48546
48560
48563
48567
48572
48576
48581
48592
48596
48600
48602
48604
48610
48618
48620
48625
48627
48628
48633
48634
48635
48639
48642
48644
48646
48647
48649
48655
48658
48675
48676
48678
48681
48684
48695
48699
48704
48705
48706
48708
48714
48716
48718
48723
48727
48731
48732
48734
48735
48736
48743
48749
48754
48760
48761
48764
48766
48768
48777
48779
48783
48787
48792
48798
48802
48806
48807
48814
48816
48825
48832
48838
48847
48855
48856
48857
48859
48860
48863
48873
48881
48884
48887
48897
48903
48904
48908
48909
48910
48914
48917
48921
48924
48925
48932
48934
48936
48937
48942
48944
48948
48950
48951
48954
48955
48959
48960
48961
48965
48966
48968
48970
48984
48985
49000
49003
49005
49006
49009
49010
49011
49013
49017
49020
49022
49027
49029
49030
49033
49036
49038
49040
49045
49050
49053
49054
49059
49063
49068
49069
49071
49074
49075
49077
49078
49080
49082
49084
49086
49087
49089
49091
49092
49095
49097
49100
49102
49103
49105
49111
49115
49117
49118
49122
49124
49134
49144
49146
49148
49151
49153
49154
49155
49156
49159
49164
49165
49166
49167
49169
49170
49171
49174
49178
49184
49185
49187
49191
49192
49203
49208
49209
49213
49215
49216
49218
49219
49224
49227
49229
49230
49234
49238
49244
49245
49246
49247
49254
49255
49257
49258
49261
49263
49272
49275
49277
49278
49281
49284
49285
49286
49288
49289
49292
49293
49296
49300
49301
49303
49307
49308
49310
49311
49313
49315
49316
49318
49319
49320
49321
49322
49324
49330
49334
49335
49337
49342
49343
49344
49347
49348
49349
49350
49351
49352
49354
49355
49356
49358
49359
49361
49362
49366
49367
49368
49372
49374
49375
49378
49379
49381
49386
49387
49388
49393
49395
49396
49398
49401
49402
49404
49408
49409
49412
49413
49415
49418
49419
49420
49424
49425
49426
49429
49432
49436
49438
49442
49443
49448
49449
49450
49451
49453
49454
49456
49461
49462
49464
49468
49476
49481
49483
49485
49487
49490
49491
49492
49495
49496
49498
49499
49501
49506
49509
49512
49516
49521
49522
49523
49524
49527
49528
49529
49535
49538
49539
49541
49545
49549
49553
49556
49567
49570
49572
49575
49595
49598
49599
49600
49602
49603
49604
49607
49609
49611
49629
49632
49639
49640
49647
49654
49660
49661
49667
49668
49670
49686
49688
49692
49693
49697
49699
49701
49710
49711
49715
49717
49719
49721
49733
49734
49737
49740
49741
49742
49743
49746
49749
49751
49752
49758
49759
49762
49766
49767
49769
49772
49775
49782
49784
49786
49787
49794
49795
49796
49803
49808
49813
49814
49818
49823
49825
49826
49830
49832
49849
49850
49851
49852
49853
49858
49862
49870
49874
49878
49879
49882
49885
49887
49891
49894
49897
49899
49901
49906
49912
49915
49920
49921
49926
49931
49933
49943
49944
49945
49947
49949
49951
49952
49953
49955
49957
49958
49962
49963
49965
49967
49971
49972
49979
49981
49989
49993
