19
21
34
57
102
123
168
210
220
230
231
262
263
272
290
302
303
312
322
325
343
363
370
374
389
403
421
425
443
451
457
471
519
523
528
531
542
549
564
591
594
617
620
627
646
654
690
722
730
745
766
771
785
791
809
836
840
859
868
895
896
903
916
926
930
934
938
939
941
947
961
962
1000
1002
1004
1007
1012
1013
1018
1022
1023
1024
1025
1039
1040
1042
1046
1050
1052
1059
1060
1065
1072
1077
1079
1080
1085
1086
1089
1090
1093
1094
1097
1104
1109
1124
1131
1135
1141
1143
1145
1153
1160
1164
1165
1166
1170
1179
1191
1193
1199
1206
1211
1214
1217
1222
1224
1226
1228
1230
1231
1241
1247
1262
1264
1274
1279
1288
1289
1297
1307
1308
1318
1319
1329
1338
1343
1346
1351
1357
1359
1360
1361
1367
1371
1379
1388
1399
1407
1408
1409
1410
1415
1422
1429
1430
1432
1436
1448
1449
1454
1458
1471
1479
1489
1493
1494
1498
1499
1500
1503
1504
1505
1506
1507
1510
1512
1513
1514
1518
1519
1520
1522
1523
1525
1528
1529
1530
1531
1533
1534
1535
1538
1539
1542
1543
1544
1545
1549
1550
1552
1555
1556
1557
1559
1560
1561
1563
1565
1566
1568
1570
1571
1576
1581
1587
1589
1592
1593
1594
1596
1597
1599
1600
1602
1603
1606
1608
1609
1610
1611
1612
1616
1618
1620
1621
1622
1624
1626
1627
1628
1629
1630
1632
1633
1634
1635
1636
1643
1646
1648
1650
1651
1652
1654
1657
1658
1662
1664
1665
1666
1667
1669
1670
1672
1673
1674
1676
1677
1681
1683
1684
1685
1687
1688
1689
1692
1693
1694
1695
1698
1700
1704
1706
1707
1712
1713
1715
1716
1719
1720
1721
1722
1723
1724
1725
1728
1730
1731
1733
1734
1735
1736
1738
1742
1743
1745
1746
1752
1753
1755
1757
1758
1760
1762
1764
1765
1767
1771
1773
1775
1776
1777
1779
1781
1784
1785
1786
1789
1790
1791
1792
1795
1796
1797
1798
1802
1803
1805
1806
1808
1810
1811
1815
1817
1821
1822
1823
1824
1826
1827
1829
1830
1832
1837
1840
1844
1846
1847
1848
1860
1861
1864
1866
1868
1870
1872
1873
1874
1877
1879
1880
1881
1882
1883
1885
1889
1890
1891
1892
1893
1894
1897
1902
1903
1904
1905
1910
1913
1914
1916
1918
1919
1920
1921
1922
1925
1926
1929
1930
1933
1934
1935
1936
1937
1940
1941
1943
1945
1946
1947
1952
1953
1954
1957
1958
1961
1962
1963
1964
1965
1967
1968
1970
1971
1972
1973
1975
1976
1977
1978
1979
1982
1983
1984
1986
1987
1989
1991
1994
1996
1997
2000
2003
2005
2008
2009
2011
2013
2014
2018
2023
2025
2030
2031
2032
2033
2034
2038
2039
2041
2042
2043
2044
2045
2054
2058
2059
2064
2065
2070
2072
2076
2087
2088
2089
2091
2095
2097
2098
2102
2103
2104
2107
2109
2110
2114
2115
2118
2120
2121
2123
2124
2134
2135
2136
2137
2139
2142
2144
2146
2148
2149
2152
2158
2161
2162
2163
2165
2168
2171
2179
2180
2184
2188
2190
2196
2197
2198
2204
2210
2212
2213
2214
2215
2217
2218
2221
2223
2224
2228
2233
2234
2241
2242
2243
2244
2245
2247
2248
2250
2251
2252
2257
2261
2264
2269
2270
2271
2273
2275
2276
2280
2281
2282
2283
2285
2287
2292
2297
2299
2301
2306
2307
2308
2309
2311
2313
2321
2323
2327
2330
2332
2334
2341
2342
2343
2345
2354
2357
2363
2366
2367
2369
2370
2374
2376
2379
2382
2384
2385
2387
2389
2390
2395
2396
2399
2401
2403
2406
2407
2408
2409
2411
2412
2413
2414
2417
2420
2427
2430
2432
2436
2437
2440
2442
2443
2446
2447
2451
2456
2463
2464
2465
2469
2472
2473
2477
2480
2484
2485
2486
2493
2495
2496
2497
2498
2505
2514
2518
2527
2537
2554
2561
2575
2577
2589
2599
2600
2604
2616
2618
2625
2658
2662
2680
2684
2707
2710
2714
2715
2729
2731
2739
2760
2761
2766
2770
2775
2776
2788
2789
2792
2798
2804
2807
2818
2819
2823
2825
2836
2848
2859
2870
2879
2882
2893
2895
2907
2920
2921
2927
2936
2945
2951
2960
2963
2973
2995
3004
3028
3031
3036
3053
3058
3063
3064
3066
3073
3081
3086
3091
3105
3109
3114
3119
3130
3133
3136
3139
3155
3159
3179
3185
3186
3188
3200
3202
3222
3223
3230
3233
3236
3240
3244
3245
3248
3253
3256
3263
3267
3276
3286
3289
3300
3311
3321
3330
3334
3335
3336
3346
3361
3365
3367
3369
3380
3386
3396
3399
3400
3408
3414
3420
3425
3430
3432
3439
3446
3448
3451
3460
3467
3473
3474
3480
3482
3493
3494
3501
3502
3506
3509
3511
3514
3516
3517
3518
3519
3520
3521
3524
3525
3527
3537
3538
3540
3546
3548
3549
3554
3556
3559
3564
3565
3566
3567
3572
3580
3589
3590
3591
3595
3596
3597
3598
3604
3605
3608
3610
3612
3615
3616
3622
3629
3630
3633
3634
3635
3636
3645
3647
3649
3650
3652
3653
3655
3656
3657
3661
3662
3663
3667
3668
3671
3676
3677
3679
3682
3683
3687
3688
3689
3694
3696
3697
3698
3699
3700
3702
3703
3705
3710
3718
3722
3725
3728
3730
3732
3733
3735
3736
3738
3741
3745
3749
3751
3753
3754
3755
3759
3760
3762
3765
3766
3768
3769
3771
3772
3773
3775
3776
3777
3779
3783
3784
3785
3786
3787
3789
3791
3792
3794
3798
3799
3804
3807
3810
3814
3815
3820
3821
3822
3827
3829
3834
3835
3836
3842
3843
3844
3846
3847
3852
3854
3857
3860
3861
3862
3863
3870
3871
3872
3874
3875
3876
3879
3890
3892
3895
3897
3900
3905
3909
3910
3911
3920
3924
3928
3929
3930
3931
3933
3937
3941
3944
3946
3947
3952
3957
3961
3962
3965
3966
3971
3974
3977
3980
3981
3983
3984
3986
3987
3989
3992
3995
3998
4013
4015
4092
4161
4198
4257
4318
4406
4445
4485
4507
4511
4512
4517
4525
4527
4531
4535
4540
4542
4543
4546
4551
4556
4572
4584
4591
4592
4593
4594
4596
4600
4605
4618
4626
4630
4649
4656
4670
4671
4673
4685
4694
4701
4721
4729
4734
4744
4747
4774
4777
4778
4804
4805
4808
4810
4813
4820
4823
4825
4828
4837
4839
4848
4849
4850
4856
4864
4890
4893
4898
4901
4903
4913
4918
4919
4923
4929
4943
4950
4962
4970
4971
4989
4995
4999
5001
5002
5003
5007
5010
5015
5018
5019
5021
5028
5042
5043
5056
5059
5064
5069
5072
5075
5082
5084
5095
5096
5102
5103
5111
5113
5115
5120
5121
5122
5127
5129
5139
5151
5153
5156
5159
5163
5170
5174
5178
5180
5185
5191
5193
5196
5204
5208
5211
5214
5215
5217
5219
5220
5225
5227
5228
5229
5232
5236
5237
5240
5249
5258
5259
5270
5271
5278
5279
5280
5281
5295
5297
5302
5307
5312
5313
5317
5319
5322
5325
5328
5333
5337
5340
5341
5342
5343
5353
5355
5360
5363
5368
5370
5372
5375
5376
5377
5378
5394
5397
5400
5402
5406
5418
5419
5420
5422
5423
5430
5431
5434
5441
5443
5444
5446
5452
5454
5455
5457
5460
5461
5462
5464
5470
5473
5479
5481
5484
5488
5489
5491
5497
5500
5502
5503
5505
5508
5509
5510
5511
5513
5514
5515
5517
5521
5522
5531
5535
5538
5543
5545
5554
5555
5562
5563
5564
5565
5569
5570
5571
5577
5578
5579
5581
5592
5593
5594
5596
5597
5598
5599
5602
5604
5608
5613
5616
5617
5621
5627
5628
5630
5631
5633
5638
5639
5641
5644
5648
5651
5652
5656
5658
5659
5661
5667
5670
5672
5676
5678
5681
5683
5684
5687
5696
5699
5700
5701
5702
5707
5710
5711
5712
5713
5715
5721
5724
5725
5731
5732
5734
5736
5746
5749
5750
5751
5752
5757
5761
5762
5763
5765
5766
5768
5769
5771
5772
5779
5780
5781
5786
5789
5790
5794
5798
5808
5809
5810
5811
5813
5819
5822
5824
5828
5830
5831
5836
5840
5841
5845
5846
5847
5849
5850
5853
5854
5855
5856
5870
5871
5874
5880
5882
5884
5885
5888
5897
5898
5905
5907
5911
5918
5922
5928
5929
5931
5932
5935
5937
5938
5940
5947
5951
5953
5954
5956
5958
5960
5969
5978
5981
5984
5985
5993
5994
5995
5996
6003
6006
6014
6015
6027
6034
6045
6056
6065
6069
6074
6078
6082
6090
6092
6102
6103
6104
6112
6132
6138
6154
6158
6161
6163
6164
6168
6175
6179
6180
6186
6189
6192
6210
6216
6220
6228
6235
6239
6243
6260
6263
6264
6270
6275
6289
6296
6298
6300
6304
6305
6306
6307
6308
6309
6312
6314
6316
6328
6329
6330
6332
6333
6334
6346
6351
6358
6364
6366
6368
6369
6377
6389
6397
6398
6401
6403
6406
6411
6413
6416
6417
6428
6429
6431
6435
6439
6440
6444
6453
6455
6456
6465
6466
6469
6473
6480
6481
6484
6488
6489
6492
6494
6503
6519
6541
6543
6557
6570
6596
6608
6613
6621
6627
6628
6634
6655
6657
6665
6680
6711
6745
6749
6794
6802
6806
6826
6839
6853
6861
6892
6897
6910
6940
6949
6955
6958
6963
6967
6979
6988
7021
7027
7032
7035
7038
7040
7043
7045
7055
7058
7075
7083
7084
7091
7093
7094
7096
7097
7099
7101
7103
7108
7128
7129
7133
7148
7156
7160
7161
7164
7171
7180
7181
7188
7189
7207
7213
7223
7226
7241
7258
7263
7270
7271
7272
7275
7276
7283
7285
7310
7329
7330
7331
7332
7339
7342
7343
7344
7349
7356
7362
7375
7396
7403
7407
7423
7433
7443
7446
7454
7456
7460
7462
7512
7515
7536
7541
7544
7548
7553
7557
7561
7567
7568
7570
7580
7593
7609
7613
7619
7632
7640
7648
7649
7651
7659
7669
7671
7692
7700
7702
7705
7706
7712
7716
7739
7740
7749
7753
7757
7771
7780
7785
7790
7793
7812
7814
7824
7827
7829
7835
7843
7854
7875
7891
7920
7927
7928
7933
7940
7945
7957
7962
7967
7974
7984
7989
8000
8007
8018
8025
8026
8034
8037
8040
8041
8045
8050
8059
8062
8064
8068
8069
8071
8076
8078
8105
8117
8120
8128
8131
8144
8153
8159
8162
8170
8177
8181
8182
8183
8184
8185
8190
8194
8201
8206
8210
8217
8222
8224
8226
8230
8235
8241
8243
8247
8251
8252
8254
8263
8266
8287
8289
8295
8298
8311
8314
8317
8335
8338
8339
8345
8360
8361
8369
8371
8373
8374
8387
8392
8394
8397
8398
8407
8415
8423
8432
8436
8439
8442
8446
8452
8455
8458
8468
8474
8477
8479
8481
8493
8499
8502
8503
8504
8506
8510
8515
8521
8524
8527
8528
8529
8531
8544
8547
8548
8553
8554
8555
8560
8563
8577
8578
8586
8594
8597
8598
8599
8615
8626
8627
8633
8636
8637
8642
8649
8655
8665
8671
8682
8690
8697
8698
8706
8719
8722
8730
8733
8734
8743
8746
8762
8764
8772
8777
8796
8798
8807
8816
8819
8837
8839
8842
8844
8850
8857
8861
8862
8869
8872
8873
8875
8877
8884
8891
8892
8898
8909
8910
8916
8917
8921
8928
8933
8941
8948
8950
8954
8960
8966
8968
8979
8980
8984
8986
8990
8992
8998
9004
9005
9007
9011
9024
9026
9030
9031
9042
9044
9046
9053
9054
9056
9063
9071
9078
9081
9085
9087
9091
9093
9094
9097
9100
9103
9111
9114
9116
9118
9124
9128
9130
9131
9132
9147
9150
9157
9161
9166
9169
9174
9176
9177
9179
9185
9188
9189
9192
9198
9204
9206
9215
9216
9217
9219
9221
9224
9228
9231
9234
9236
9237
9241
9244
9247
9251
9252
9260
9265
9278
9281
9284
9286
9289
9294
9295
9304
9306
9308
9319
9324
9325
9328
9336
9338
9343
9344
9346
9353
9358
9359
9362
9364
9367
9370
9373
9374
9376
9377
9379
9384
9385
9386
9392
9393
9394
9398
9404
9407
9409
9413
9417
9418
9426
9430
9431
9432
9434
9435
9438
9442
9443
9450
9454
9455
9459
9469
9472
9474
9476
9478
9486
9492
9493
9494
9495
9506
9507
9508
9524
9527
9531
9537
9543
9546
9549
9552
9553
9556
9557
9558
9564
9565
9572
9577
9583
9587
9588
9596
9606
9610
9618
9619
9620
9623
9627
9630
9635
9637
9643
9646
9650
9653
9656
9657
9668
9670
9673
9679
9686
9687
9710
9711
9718
9719
9733
9741
9743
9744
9747
9752
9758
9760
9763
9770
9771
9775
9777
9782
9789
9803
9806
9809
9810
9817
9830
9833
9839
9847
9849
9856
9861
9863
9867
9869
9870
9871
9873
9874
9880
9882
9883
9886
9909
9910
9913
9917
9921
9927
9935
9940
9944
9948
9949
9956
9962
9963
9964
9966
9975
9982
9987
9993
9995
9997
9998
10056
10150
10169
10170
10239
10278
10357
10429
10430
10463
10478
10479
10522
10530
10538
10540
10545
10546
10547
10563
10602
10605
10617
10621
10622
10632
10636
10656
10666
10670
10698
10706
10728
10745
10759
10774
10776
10782
10793
10797
10835
10847
10857
10866
10934
10936
10940
10949
10952
10954
10956
10957
10965
10983
11004
11009
11015
11017
11020
11021
11025
11026
11027
11031
11032
11034
11036
11037
11039
11042
11043
11046
11047
11048
11049
11051
11054
11055
11056
11060
11067
11068
11070
11072
11075
11079
11082
11083
11089
11096
11097
11101
11102
11103
11107
11108
11110
11115
11116
11117
11119
11121
11124
11130
11132
11136
11138
11141
11144
11145
11151
11152
11154
11155
11156
11158
11159
11161
11163
11168
11169
11170
11171
11172
11175
11184
11189
11192
11193
11196
11197
11202
11203
11204
11205
11208
11210
11213
11214
11215
11218
11219
11222
11224
11226
11227
11231
11233
11235
11236
11239
11240
11241
11243
11245
11246
11249
11250
11256
11258
11260
11265
11269
11275
11276
11278
11283
11287
11290
11294
11297
11298
11299
11302
11303
11304
11307
11309
11311
11313
11317
11321
11329
11339
11343
11345
11347
11350
11351
11353
11354
11355
11357
11358
11363
11365
11370
11372
11375
11378
11380
11382
11384
11387
11390
11391
11398
11399
11402
11403
11408
11409
11410
11411
11412
11414
11416
11422
11428
11430
11433
11434
11435
11437
11439
11441
11442
11444
11446
11449
11450
11451
11452
11459
11460
11464
11465
11469
11470
11472
11473
11475
11477
11478
11482
11483
11488
11497
11498
11506
11511
11523
11529
11536
11539
11543
11548
11563
11592
11593
11596
11619
11622
11628
11641
11652
11710
11724
11728
11747
11752
11760
11787
11792
11806
11818
11830
11877
11887
11913
11922
11925
11978
12021
12029
12038
12040
12097
12098
12119
12123
12143
12159
12170
12183
12208
12218
12224
12228
12233
12273
12312
12314
12335
12340
12345
12359
12373
12391
12394
12434
12437
12438
12473
12486
12496
12505
12507
12508
12509
12510
12511
12512
12514
12524
12531
12533
12543
12549
12552
12554
12556
12558
12559
12560
12569
12573
12580
12581
12584
12585
12594
12595
12599
12600
12601
12602
12604
12607
12608
12612
12614
12624
12626
12642
12649
12658
12660
12664
12671
12672
12678
12685
12686
12690
12692
12700
12701
12704
12711
12712
12714
12715
12716
12717
12720
12721
12725
12728
12729
12738
12745
12747
12748
12755
12757
12759
12760
12761
12765
12766
12767
12770
12772
12780
12782
12789
12792
12801
12811
12812
12813
12828
12831
12840
12842
12843
12845
12848
12853
12858
12860
12866
12868
12869
12871
12872
12881
12882
12887
12888
12897
12916
12922
12923
12926
12931
12933
12944
12957
12963
12964
12971
12973
12974
12977
12979
12981
12985
12987
12988
12994
12996
12999
13006
13008
13010
13019
13020
13028
13030
13033
13046
13048
13051
13060
13065
13070
13074
13090
13091
13092
13103
13105
13115
13121
13122
13126
13142
13145
13154
13156
13158
13161
13167
13172
13180
13182
13184
13188
13196
13207
13214
13216
13219
13226
13228
13232
13233
13237
13239
13241
13242
13245
13246
13250
13251
13254
13255
13259
13264
13269
13281
13294
13300
13302
13303
13308
13317
13321
13326
13327
13329
13342
13344
13345
13346
13347
13351
13356
13362
13370
13378
13382
13387
13390
13403
13406
13407
13411
13413
13426
13429
13430
13434
13443
13444
13451
13456
13457
13467
13470
13473
13475
13479
13482
13484
13491
13496
13497
13499
13512
13513
13514
13516
13520
13522
13523
13526
13527
13528
13532
13535
13536
13538
13552
13556
13558
13560
13568
13570
13571
13573
13576
13580
13582
13589
13590
13595
13596
13597
13599
13600
13607
13611
13619
13623
13634
13636
13638
13642
13644
13646
13648
13651
13654
13657
13661
13667
13668
13670
13671
13674
13678
13686
13687
13698
13699
13704
13708
13714
13719
13721
13724
13725
13726
13734
13746
13747
13750
13751
13752
13756
13759
13760
13761
13765
13770
13771
13778
13787
13789
13790
13795
13798
13806
13807
13810
13812
13813
13815
13819
13827
13830
13831
13832
13834
13837
13839
13840
13848
13855
13863
13865
13868
13869
13871
13872
13879
13882
13888
13897
13904
13905
13911
13912
13913
13916
13919
13925
13929
13933
13934
13946
13947
13956
13957
13966
13973
13975
13977
13979
13984
13989
13990
14001
14003
14007
14019
14023
14028
14030
14040
14044
14051
14055
14078
14086
14095
14115
14150
14158
14161
14164
14191
14195
14198
14199
14200
14210
14213
14216
14220
14225
14228
14246
14251
14269
14276
14278
14283
14289
14292
14295
14298
14301
14302
14306
14307
14310
14315
14320
14324
14327
14328
14334
14335
14377
14378
14393
14414
14423
14429
14434
14437
14445
14456
14481
14482
14496
14500
14503
14507
14510
14511
14513
14515
14517
14518
14519
14526
14534
14541
14550
14551
14556
14559
14565
14567
14568
14570
14574
14582
14584
14587
14597
14601
14605
14606
14608
14610
14614
14620
14621
14623
14635
14636
14643
14644
14646
14656
14657
14666
14669
14676
14677
14679
14687
14697
14700
14701
14703
14706
14707
14711
14716
14718
14720
14730
14731
14735
14746
14755
14756
14767
14768
14772
14776
14777
14779
14785
14789
14790
14792
14794
14798
14809
14818
14819
14828
14831
14845
14853
14868
14871
14873
14876
14883
14887
14889
14892
14899
14906
14909
14912
14920
14921
14931
14937
14938
14944
14948
14949
14955
14957
14962
14967
14968
14974
14976
14987
14991
14994
14995
15037
15038
15070
15104
15133
15142
15145
15160
15172
15176
15178
15187
15192
15199
15206
15209
15217
15226
15233
15243
15261
15262
15265
15268
15273
15274
15279
15286
15290
15300
15319
15323
15329
15331
15338
15357
15385
15394
15395
15396
15402
15414
15418
15427
15432
15443
15444
15448
15454
15465
15473
15510
15519
15523
15530
15545
15561
15591
15601
15626
15634
15641
15652
15653
15672
15678
15698
15701
15712
15715
15767
15768
15783
15785
15791
15794
15813
15826
15827
15831
15846
15865
15881
15904
15929
15930
15950
15971
15997
16000
16001
16002
16005
16006
16007
16015
16026
16027
16035
16048
16049
16051
16054
16057
16058
16060
16061
16065
16066
16069
16084
16086
16088
16090
16092
16102
16103
16104
16108
16112
16116
16117
16124
16134
16137
16138
16144
16145
16150
16154
16165
16170
16172
16173
16174
16175
16176
16181
16182
16189
16191
16201
16204
16205
16211
16212
16213
16220
16223
16224
16225
16226
16233
16234
16239
16241
16242
16243
16248
16252
16253
16256
16262
16265
16268
16269
16270
16271
16273
16274
16279
16281
16284
16292
16294
16298
16304
16305
16308
16310
16311
16313
16317
16319
16321
16327
16328
16332
16335
16336
16339
16340
16342
16343
16345
16346
16347
16349
16350
16357
16364
16366
16370
16376
16378
16380
16384
16385
16389
16393
16396
16398
16403
16411
16413
16417
16423
16427
16428
16438
16443
16448
16453
16455
16459
16460
16461
16463
16466
16480
16481
16485
16486
16487
16493
16494
16498
16502
16508
16513
16514
16516
16520
16529
16531
16537
16539
16541
16544
16550
16554
16560
16565
16569
16577
16578
16581
16593
16597
16609
16615
16619
16623
16632
16643
16644
16645
16651
16653
16655
16659
16663
16665
16671
16672
16675
16677
16679
16688
16692
16697
16698
16709
16711
16712
16717
16724
16733
16734
16738
16740
16742
16745
16747
16750
16754
16757
16759
16772
16775
16776
16778
16781
16783
16785
16794
16796
16801
16804
16812
16813
16817
16827
16831
16832
16843
16845
16846
16850
16852
16854
16857
16862
16863
16865
16869
16870
16871
16874
16876
16885
16896
16901
16902
16905
16910
16915
16922
16923
16927
16933
16938
16939
16943
16945
16951
16953
16954
16958
16961
16963
16971
16974
16986
16995
16999
17002
17007
17008
17009
17011
17012
17014
17017
17021
17027
17029
17032
17034
17039
17041
17042
17043
17045
17047
17049
17051
17052
17053
17057
17070
17079
17082
17083
17085
17088
17093
17098
17101
17105
17106
17111
17112
17123
17126
17133
17138
17139
17146
17147
17150
17151
17154
17155
17156
17159
17162
17163
17166
17169
17178
17179
17183
17185
17187
17188
17193
17194
17195
17196
17198
17200
17202
17204
17205
17206
17214
17223
17231
17232
17233
17238
17239
17241
17242
17243
17244
17245
17246
17248
17251
17252
17253
17254
17263
17264
17268
17270
17272
17274
17277
17278
17280
17283
17284
17286
17290
17291
17301
17302
17303
17304
17306
17307
17312
17322
17329
17333
17334
17344
17348
17349
17350
17351
17353
17357
17360
17362
17366
17368
17369
17371
17372
17373
17375
17379
17382
17383
17384
17387
17389
17391
17392
17393
17394
17396
17397
17398
17400
17402
17403
17406
17407
17413
17415
17419
17420
17430
17436
17438
17440
17441
17445
17446
17447
17460
17462
17464
17465
17466
17469
17471
17475
17490
17493
17494
17497
17500
17505
17512
17514
17515
17521
17530
17531
17533
17539
17540
17542
17545
17546
17552
17553
17557
17558
17560
17562
17565
17566
17572
17577
17582
17583
17586
17587
17588
17589
17591
17595
17606
17607
17609
17611
17612
17614
17616
17617
17621
17622
17626
17627
17628
17630
17631
17633
17634
17642
17644
17645
17648
17650
17657
17663
17667
17670
17672
17673
17675
17677
17679
17685
17686
17694
17700
17704
17707
17709
17710
17712
17716
17719
17724
17727
17729
17732
17736
17742
17744
17747
17750
17752
17755
17758
17759
17761
17763
17768
17769
17770
17771
17772
17775
17776
17777
17780
17789
17791
17793
17795
17796
17798
17801
17810
17812
17814
17815
17821
17822
17829
17830
17833
17834
17835
17839
17843
17846
17848
17849
17850
17851
17853
17854
17858
17861
17863
17864
17865
17868
17874
17876
17878
17881
17883
17884
17886
17887
17888
17890
17891
17892
17893
17899
17901
17902
17904
17910
17912
17913
17917
17921
17922
17925
17928
17932
17937
17940
17941
17943
17944
17945
17948
17949
17954
17960
17961
17962
17964
17966
17975
17976
17977
17979
17980
17983
17985
17990
17994
17995
17998
18001
18017
18020
18035
18039
18040
18051
18052
18068
18069
18075
18082
18091
18116
18125
18134
18159
18166
18170
18173
18180
18181
18194
18198
18206
18207
18221
18225
18228
18240
18242
18248
18249
18283
18294
18317
18319
18324
18363
18382
18386
18388
18389
18400
18404
18407
18417
18420
18421
18448
18480
18492
18501
18505
18507
18516
18529
18531
18536
18545
18551
18553
18558
18567
18568
18574
18577
18580
18586
18596
18605
18608
18611
18613
18624
18625
18630
18632
18644
18645
18649
18652
18662
18667
18668
18669
18673
18675
18685
18687
18688
18707
18725
18726
18731
18743
18745
18749
18758
18763
18790
18810
18814
18818
18822
18824
18826
18831
18835
18842
18854
18856
18872
18876
18883
18897
18898
18907
18911
18913
18923
18932
18934
18936
18940
18949
18951
18955
18962
18964
18968
18980
18981
18984
19008
19009
19014
19021
19029
19039
19040
19044
19052
19058
19059
19062
19068
19070
19075
19078
19090
19094
19096
19103
19107
19110
19111
19115
19118
19126
19127
19133
19135
19136
19137
19138
19141
19143
19153
19165
19170
19171
19173
19178
19186
19187
19199
19210
19214
19215
19217
19234
19237
19241
19243
19249
19262
19263
19264
19270
19271
19274
19284
19285
19295
19298
19302
19305
19312
19313
19316
19319
19322
19324
19331
19337
19344
19345
19350
19351
19354
19356
19366
19372
19383
19401
19411
19415
19423
19427
19428
19429
19430
19434
19435
19447
19448
19450
19455
19466
19468
19479
19483
19497
19498
19523
19546
19591
19612
19626
19659
19726
19729
19739
19743
19745
19782
19794
19796
19839
19865
19867
19879
19941
19943
19961
20001
20002
20006
20007
20010
20012
20018
20028
20031
20033
20036
20037
20041
20046
20050
20055
20060
20061
20063
20069
20071
20079
20080
20081
20083
20086
20087
20095
20098
20107
20112
20125
20126
20128
20135
20141
20144
20145
20147
20153
20155
20157
20158
20166
20172
20173
20176
20177
20179
20181
20183
20184
20188
20192
20194
20197
20200
20205
20209
20212
20214
20215
20221
20224
20226
20230
20231
20233
20240
20242
20244
20245
20246
20247
20252
20253
20254
20259
20260
20261
20264
20278
20279
20280
20283
20286
20288
20297
20302
20303
20305
20310
20312
20317
20318
20320
20323
20327
20328
20330
20331
20332
20333
20334
20339
20342
20344
20348
20352
20354
20356
20357
20364
20368
20373
20376
20379
20380
20386
20396
20397
20401
20403
20404
20405
20417
20418
20423
20425
20427
20433
20441
20443
20446
20452
20454
20455
20456
20457
20458
20460
20465
20472
20475
20476
20477
20480
20482
20489
20491
20496
20498
20504
20511
20513
20515
20516
20527
20528
20535
20540
20545
20549
20553
20562
20582
20588
20593
20594
20599
20606
20608
20610
20614
20620
20630
20638
20642
20661
20662
20672
20680
20684
20695
20696
20710
20716
20723
20727
20733
20741
20761
20767
20794
20801
20819
20835
20843
20845
20846
20850
20852
20863
20865
20866
20877
20879
20887
20895
20906
20909
20910
20912
20914
20915
20919
20924
20929
20943
20948
20959
20962
20973
20976
21020
21023
21026
21031
21034
21044
21047
21048
21051
21053
21054
21056
21072
21076
21083
21084
21087
21088
21094
21098
21099
21111
21115
21119
21126
21127
21128
21135
21143
21148
21157
21163
21165
21167
21173
21174
21175
21178
21180
21189
21193
21195
21197
21198
21201
21204
21205
21218
21220
21221
21223
21233
21237
21243
21245
21247
21251
21253
21259
21261
21271
21277
21279
21281
21283
21286
21298
21303
21305
21307
21308
21309
21312
21318
21329
21338
21346
21352
21367
21368
21369
21371
21382
21397
21400
21406
21409
21423
21427
21430
21439
21440
21441
21446
21451
21462
21469
21472
21474
21487
21490
21508
21528
21538
21539
21543
21553
21560
21568
21594
21600
21603
21607
21616
21618
21639
21642
21652
21671
21681
21703
21706
21709
21712
21716
21717
21724
21733
21736
21739
21749
21751
21780
21830
21840
21841
21842
21851
21855
21871
21893
21894
21901
21903
21909
21912
21913
21918
21929
21945
21957
21965
21969
21971
21974
21992
21993
22001
22002
22005
22006
22011
22014
22018
22021
22022
22023
22024
22031
22034
22037
22039
22040
22044
22045
22052
22054
22056
22058
22062
22063
22068
22070
22072
22073
22077
22078
22079
22080
22081
22084
22086
22088
22089
22090
22092
22093
22096
22097
22099
22100
22103
22109
22115
22117
22118
22125
22126
22128
22129
22131
22132
22135
22138
22140
22143
22147
22148
22150
22151
22152
22154
22157
22159
22161
22169
22171
22172
22174
22175
22176
22177
22182
22184
22186
22187
22189
22190
22194
22195
22196
22197
22198
22199
22202
22203
22212
22217
22222
22223
22224
22231
22238
22239
22240
22241
22242
22244
22245
22246
22248
22250
22253
22257
22258
22260
22262
22264
22266
22268
22270
22274
22278
22280
22281
22283
22286
22288
22289
22291
22294
22295
22297
22300
22301
22302
22303
22304
22306
22307
22310
22315
22316
22318
22321
22322
22327
22328
22330
22331
22336
22337
22338
22343
22344
22345
22346
22350
22351
22352
22355
22356
22360
22361
22362
22368
22371
22374
22375
22376
22378
22380
22381
22384
22388
22390
22391
22392
22394
22395
22397
22399
22401
22402
22403
22406
22407
22408
22410
22412
22414
22415
22416
22420
22437
22441
22442
22443
22444
22445
22446
22448
22449
22454
22458
22461
22463
22468
22477
22480
22481
22482
22483
22487
22488
22489
22494
22495
22497
22500
22502
22503
22507
22510
22513
22515
22521
22525
22528
22530
22536
22539
22542
22543
22546
22547
22551
22553
22554
22558
22559
22571
22573
22575
22583
22587
22597
22598
22602
22605
22609
22617
22620
22621
22623
22625
22627
22628
22630
22632
22636
22637
22639
22645
22647
22654
22656
22669
22672
22677
22683
22684
22688
22690
22692
22694
22695
22713
22718
22719
22721
22725
22736
22739
22741
22742
22743
22747
22748
22749
22751
22752
22757
22759
22761
22762
22771
22779
22780
22784
22785
22786
22788
22790
22793
22800
22804
22806
22808
22811
22815
22823
22826
22827
22828
22830
22831
22832
22835
22836
22846
22848
22852
22853
22854
22857
22858
22859
22863
22864
22865
22868
22869
22872
22874
22878
22882
22885
22889
22890
22892
22900
22901
22903
22910
22914
22915
22916
22917
22920
22922
22923
22926
22930
22935
22940
22941
22944
22945
22954
22959
22965
22966
22968
22970
22971
22974
22981
22984
22986
22987
22988
22998
23006
23011
23015
23019
23023
23044
23046
23051
23057
23069
23072
23080
23081
23088
23094
23095
23098
23105
23107
23108
23109
23111
23113
23114
23122
23125
23129
23132
23149
23150
23155
23157
23158
23161
23162
23165
23167
23168
23172
23178
23179
23186
23187
23192
23193
23199
23220
23221
23229
23234
23237
23239
23241
23245
23246
23247
23253
23259
23277
23284
23290
23291
23293
23296
23297
23300
23304
23306
23320
23321
23323
23324
23338
23339
23341
23343
23344
23346
23357
23377
23378
23384
23389
23393
23394
23397
23399
23403
23407
23408
23409
23415
23416
23419
23421
23427
23429
23432
23433
23440
23449
23456
23457
23460
23473
23474
23476
23485
23493
23494
23496
23497
23498
23501
23504
23505
23506
23509
23515
23516
23518
23519
23522
23523
23524
23528
23530
23532
23534
23536
23539
23540
23541
23542
23543
23544
23548
23554
23555
23556
23558
23560
23562
23564
23565
23566
23572
23576
23580
23582
23589
23595
23597
23599
23601
23602
23603
23607
23615
23618
23620
23621
23622
23627
23630
23633
23637
23642
23645
23646
23655
23656
23659
23662
23663
23669
23670
23672
23674
23678
23679
23681
23683
23685
23687
23697
23702
23703
23704
23706
23707
23710
23715
23716
23720
23727
23730
23732
23733
23736
23737
23742
23745
23748
23749
23751
23755
23756
23759
23763
23766
23770
23771
23773
23776
23777
23780
23781
23785
23786
23788
23791
23792
23793
23801
23802
23804
23806
23807
23808
23815
23818
23819
23822
23823
23831
23836
23837
23839
23842
23847
23850
23853
23854
23856
23864
23866
23870
23874
23875
23877
23878
23880
23884
23889
23893
23895
23896
23903
23905
23906
23910
23915
23917
23918
23922
23926
23928
23930
23935
23941
23943
23944
23948
23950
23951
23952
23954
23955
23959
23963
23965
23966
23970
23973
23976
23977
23978
23983
23987
23989
23992
23993
23994
23996
24008
24037
24061
24066
24082
24101
24127
24132
24135
24152
24165
24168
24176
24193
24203
24214
24217
24222
24227
24266
24277
24279
24293
24320
24325
24341
24344
24354
24368
24369
24375
24378
24380
24426
24429
24435
24437
24438
24452
24478
24492
24497
24498
24506
24508
24529
24534
24552
24555
24562
24571
24574
24585
24587
24600
24623
24639
24642
24657
24677
24682
24700
24701
24712
24718
24738
24746
24755
24758
24772
24773
24777
24784
24788
24793
24801
24841
24852
24862
24867
24869
24893
24900
24927
24928
24939
24943
24947
24949
24955
24976
24979
24991
24995
25002
25003
25004
25006
25007
25009
25011
25012
25014
25015
25016
25017
25018
25019
25023
25025
25027
25028
25029
25030
25031
25032
25034
25036
25037
25039
25040
25041
25046
25049
25051
25053
25054
25056
25057
25058
25059
25060
25062
25067
25068
25070
25071
25074
25076
25079
25080
25083
25084
25085
25086
25087
25090
25091
25092
25094
25095
25096
25098
25099
25101
25104
25105
25108
25110
25111
25119
25120
25121
25123
25125
25126
25130
25133
25140
25141
25143
25144
25145
25146
25147
25148
25150
25151
25154
25158
25159
25165
25166
25167
25169
25173
25174
25176
25177
25178
25180
25181
25182
25186
25187
25188
25190
25191
25194
25195
25196
25197
25199
25200
25201
25202
25204
25208
25210
25214
25218
25219
25220
25221
25226
25228
25229
25230
25234
25235
25236
25237
25238
25240
25242
25243
25244
25245
25246
25247
25248
25250
25253
25256
25257
25261
25262
25264
25269
25270
25272
25273
25275
25278
25279
25281
25282
25283
25285
25286
25288
25291
25292
25293
25294
25295
25296
25298
25299
25302
25305
25306
25308
25310
25311
25312
25317
25318
25322
25324
25325
25328
25330
25332
25337
25339
25341
25342
25347
25354
25355
25357
25361
25362
25363
25365
25366
25367
25369
25372
25373
25375
25380
25384
25386
25388
25389
25393
25395
25397
25401
25403
25406
25411
25416
25417
25420
25423
25424
25425
25427
25429
25431
25432
25433
25440
25441
25445
25449
25450
25452
25453
25457
25459
25463
25464
25465
25469
25470
25471
25472
25473
25474
25477
25480
25483
25485
25486
25490
25491
25492
25493
25494
25495
25498
25508
25515
25527
25530
25537
25542
25547
25549
25557
25568
25580
25589
25594
25595
25598
25603
25604
25608
25612
25619
25620
25621
25623
25624
25627
25633
25636
25639
25640
25641
25643
25648
25656
25660
25665
25667
25681
25693
25701
25708
25712
25716
25723
25727
25728
25730
25734
25736
25737
25739
25749
25751
25752
25759
25763
25768
25772
25775
25777
25784
25785
25791
25801
25803
25806
25813
25821
25823
25825
25827
25840
25842
25854
25867
25872
25873
25885
25886
25893
25895
25898
25906
25908
25920
25926
25928
25935
25942
25949
25953
25954
25960
25966
25968
25971
25982
25995
25997
25999
26032
26216
26220
26434
26608
26634
26653
26706
26730
26739
26740
26755
26851
26877
26893
26944
27003
27039
27065
27070
27071
27080
27087
27089
27097
27098
27117
27124
27150
27166
27167
27173
27184
27196
27198
27204
27220
27232
27238
27299
27302
27306
27308
27318
27319
27321
27328
27330
27333
27338
27340
27356
27363
27366
27389
27390
27410
27419
27421
27449
27470
27499
27506
27508
27509
27511
27512
27513
27514
27515
27517
27520
27522
27523
27525
27529
27532
27533
27534
27535
27536
27539
27540
27543
27545
27548
27549
27550
27551
27553
27556
27557
27558
27559
27560
27561
27562
27563
27565
27569
27570
27571
27572
27574
27577
27578
27579
27582
27583
27586
27587
27588
27589
27590
27591
27592
27595
27597
27598
27601
27602
27603
27605
27609
27610
27611
27612
27614
27616
27617
27620
27622
27624
27625
27627
27629
27632
27635
27637
27638
27640
27645
27646
27650
27654
27657
27658
27661
27663
27666
27667
27669
27670
27671
27672
27674
27675
27677
27679
27680
27681
27682
27685
27686
27687
27691
27692
27693
27695
27696
27697
27700
27701
27702
27703
27704
27705
27707
27712
27715
27718
27719
27720
27722
27723
27725
27729
27731
27734
27737
27740
27741
27742
27743
27744
27745
27746
27747
27748
27749
27750
27751
27752
27753
27756
27758
27759
27761
27763
27766
27768
27771
27774
27775
27777
27778
27780
27783
27784
27786
27787
27789
27790
27792
27794
27795
27798
27799
27805
27807
27808
27809
27812
27813
27814
27816
27817
27818
27820
27824
27825
27829
27830
27837
27838
27839
27840
27845
27846
27850
27854
27857
27858
27861
27863
27864
27866
27867
27868
27869
27870
27875
27877
27879
27880
27881
27882
27883
27884
27885
27887
27889
27890
27891
27893
27897
27900
27901
27904
27908
27909
27910
27913
27914
27915
27918
27919
27920
27924
27925
27926
27927
27929
27931
27932
27933
27934
27935
27938
27939
27940
27941
27942
27945
27947
27951
27952
27953
27954
27957
27958
27961
27963
27964
27965
27968
27971
27972
27973
27974
27975
27977
27978
27982
27983
27985
27986
27987
27988
27989
27990
27991
27993
27994
27997
27998
28021
28028
28096
28152
28212
28229
28246
28250
28303
28375
28389
28419
28430
28491
28501
28503
28508
28509
28512
28516
28517
28521
28529
28535
28536
28537
28546
28551
28556
28559
28561
28565
28569
28574
28604
28622
28623
28624
28646
28653
28655
28668
28672
28679
28680
28682
28684
28691
28696
28697
28703
28704
28709
28717
28719
28731
28742
28744
28756
28766
28776
28784
28786
28788
28792
28793
28801
28805
28815
28816
28820
28822
28829
28837
28839
28852
28871
28872
28874
28888
28896
28897
28925
28928
28932
28934
28939
28956
28964
28981
28991
28992
28995
28997
29040
29055
29059
29069
29076
29097
29123
29131
29136
29155
29159
29165
29168
29174
29185
29188
29194
29224
29247
29251
29285
29290
29318
29321
29325
29335
29352
29353
29367
29368
29369
29380
29388
29389
29399
29402
29404
29405
29410
29413
29416
29417
29424
29439
29440
29444
29445
29448
29456
29472
29480
29485
29489
29501
29504
29510
29512
29515
29523
29525
29526
29528
29530
29531
29534
29535
29538
29544
29547
29552
29553
29557
29558
29560
29561
29562
29566
29568
29571
29578
29585
29596
29599
29601
29602
29603
29604
29605
29612
29613
29618
29619
29621
29625
29627
29633
29639
29643
29644
29648
29650
29654
29655
29661
29663
29665
29672
29673
29675
29677
29679
29681
29682
29686
29689
29694
29696
29710
29714
29729
29732
29734
29737
29740
29745
29747
29756
29759
29760
29763
29764
29774
29776
29777
29779
29781
29782
29788
29794
29799
29809
29811
29814
29815
29824
29829
29832
29833
29834
29840
29844
29852
29854
29856
29867
29868
29869
29872
29874
29876
29889
29892
29893
29895
29905
29906
29910
29914
29918
29922
29923
29924
29925
29932
29933
29934
29935
29945
29948
29952
29954
29956
29957
29958
29962
29968
29970
29975
29978
29982
29986
29989
29996
30009
30014
30031
30034
30057
30060
30061
30075
30085
30129
30147
30153
30176
30179
30188
30189
30196
30199
30225
30241
30271
30297
30298
30308
30318
30343
30352
30363
30370
30384
30399
30439
30455
30472
30483
30487
30495
30497
30506
30512
30526
30535
30585
30593
30594
30597
30644
30661
30664
30681
30706
30715
30780
30794
30795
30804
30836
30843
30845
30857
30869
30876
30878
30884
30892
30908
30913
30914
30944
30952
30953
30954
30957
30969
31020
31025
31031
31038
31041
31050
31053
31059
31061
31078
31089
31119
31123
31130
31132
31135
31151
31153
31157
31167
31172
31177
31180
31186
31193
31195
31201
31216
31238
31239
31250
31251
31253
31259
31260
31265
31267
31268
31282
31286
31291
31293
31298
31309
31311
31312
31317
31349
31354
31355
31357
31364
31367
31375
31386
31389
31394
31403
31404
31417
31423
31426
31429
31432
31433
31438
31445
31449
31454
31461
31467
31478
31479
31480
31484
31495
31497
31499
31506
31518
31527
31544
31553
31564
31602
31612
31617
31630
31638
31645
31649
31653
31659
31670
31684
31692
31707
31719
31724
31732
31735
31737
31746
31762
31763
31781
31787
31788
31799
31804
31806
31815
31822
31829
31834
31836
31842
31862
31874
31885
31888
31894
31895
31896
31903
31905
31924
31925
31929
31933
31940
31963
31968
31976
31979
31983
31986
31988
31989
31991
31993
31998
32004
32008
32009
32010
32014
32015
32017
32027
32033
32035
32037
32038
32039
32042
32044
32050
32056
32059
32061
32062
32063
32065
32066
32067
32068
32072
32073
32074
32075
32076
32077
32078
32080
32081
32083
32086
32087
32089
32091
32092
32093
32098
32100
32101
32102
32103
32107
32108
32115
32116
32117
32118
32121
32126
32127
32128
32130
32135
32136
32140
32141
32143
32146
32152
32154
32158
32160
32161
32162
32164
32167
32170
32173
32177
32179
32180
32181
32183
32185
32188
32191
32192
32193
32196
32197
32198
32200
32201
32202
32203
32205
32206
32210
32211
32213
32214
32216
32217
32218
32220
32221
32222
32226
32232
32235
32240
32242
32243
32245
32246
32247
32248
32250
32255
32260
32262
32264
32267
32272
32273
32274
32277
32278
32280
32281
32283
32284
32285
32287
32288
32292
32294
32295
32296
32297
32298
32301
32302
32304
32305
32308
32310
32314
32316
32317
32319
32320
32321
32322
32326
32327
32329
32330
32334
32336
32337
32338
32340
32342
32345
32347
32351
32353
32356
32357
32358
32361
32362
32365
32369
32372
32374
32381
32383
32384
32385
32388
32389
32390
32392
32394
32396
32397
32400
32401
32403
32405
32408
32409
32410
32419
32423
32424
32425
32426
32427
32430
32431
32432
32435
32436
32438
32440
32443
32444
32445
32450
32453
32455
32456
32457
32459
32462
32463
32465
32466
32467
32470
32471
32472
32475
32477
32479
32481
32483
32486
32487
32490
32492
32494
32499
32501
32505
32506
32510
32512
32513
32515
32517
32519
32520
32522
32523
32527
32529
32530
32536
32538
32541
32545
32546
32547
32560
32563
32566
32569
32571
32573
32582
32583
32584
32586
32589
32590
32592
32593
32594
32595
32599
32601
32605
32609
32610
32611
32612
32613
32616
32617
32618
32619
32620
32623
32624
32626
32628
32629
32631
32636
32639
32645
32646
32647
32649
32651
32654
32664
32671
32675
32676
32678
32679
32682
32683
32687
32688
32689
32692
32694
32696
32697
32698
32701
32702
32703
32704
32705
32706
32709
32710
32711
32714
32715
32718
32721
32724
32726
32727
32728
32729
32732
32733
32736
32737
32738
32743
32749
32751
32774
32776
32777
32780
32782
32784
32785
32786
32788
32792
32793
32796
32799
32801
32802
32806
32808
32809
32810
32814
32818
32820
32821
32823
32834
32839
32840
32842
32844
32846
32847
32848
32849
32851
32852
32856
32864
32865
32871
32872
32878
32881
32882
32889
32890
32892
32893
32894
32897
32899
32902
32907
32908
32910
32914
32915
32916
32918
32919
32920
32922
32923
32924
32930
32935
32936
32940
32942
32944
32947
32958
32960
32962
32964
32965
32971
32972
32975
32977
32978
32980
32984
32990
33006
33014
33016
33023
33028
33045
33047
33065
33073
33081
33087
33099
33105
33113
33116
33152
33177
33200
33202
33207
33216
33221
33222
33226
33230
33232
33240
33258
33269
33270
33281
33286
33293
33297
33334
33337
33339
33366
33377
33391
33404
33415
33417
33419
33420
33421
33445
33447
33459
33468
33471
33485
33489
33494
33495
33499
33501
33505
33507
33509
33515
33517
33535
33539
33540
33541
33544
33546
33553
33555
33557
33561
33563
33569
33570
33571
33576
33581
33584
33589
33591
33593
33597
33601
33609
33615
33616
33619
33624
33629
33638
33642
33648
33651
33657
33661
33662
33664
33665
33668
33670
33672
33675
33680
33688
33698
33710
33712
33713
33720
33723
33725
33732
33734
33738
33740
33742
33743
33750
33752
33755
33764
33767
33773
33774
33777
33785
33790
33793
33795
33798
33799
33800
33810
33814
33817
33820
33825
33826
33833
33841
33846
33848
33860
33864
33865
33871
33877
33880
33881
33883
33884
33890
33892
33896
33902
33903
33908
33915
33918
33919
33920
33921
33922
33934
33936
33937
33946
33947
33949
33950
33951
33952
33955
33956
33959
33961
33964
33965
33968
33969
33970
33973
33976
33980
33982
33988
33990
33996
33997
34009
34015
34049
34069
34078
34179
34186
34291
34362
34365
34438
34455
34477
34498
34505
34528
34534
34544
34548
34549
34550
34556
34562
34566
34577
34590
34593
34602
34615
34625
34633
34640
34641
34642
34643
34646
34647
34653
34658
34663
34678
34694
34714
34715
34719
34721
34724
34727
34729
34738
34740
34753
34754
34756
34760
34831
34839
34845
34847
34848
34876
34883
34887
34894
34896
34904
34908
34911
34918
34920
34922
34927
34941
34947
34963
34968
34981
34996
35000
35002
35011
35015
35024
35026
35029
35034
35035
35037
35039
35048
35050
35063
35069
35075
35077
35080
35082
35083
35084
35100
35103
35110
35120
35121
35123
35128
35129
35130
35134
35137
35145
35150
35151
35153
35164
35171
35178
35183
35186
35189
35204
35205
35212
35217
35219
35220
35228
35229
35231
35237
35238
35241
35242
35244
35248
35250
35252
35253
35254
35261
35262
35263
35264
35272
35274
35282
35293
35306
35312
35316
35318
35319
35321
35324
35333
35340
35343
35346
35348
35350
35358
35362
35363
35369
35374
35376
35377
35378
35382
35384
35388
35392
35393
35398
35402
35404
35406
35408
35416
35423
35425
35426
35430
35431
35433
35436
35437
35438
35440
35441
35446
35448
35466
35471
35477
35478
35479
35486
35488
35497
35498
35504
35506
35522
35574
35579
35593
35601
35607
35615
35638
35660
35675
35688
35699
35704
35711
35724
35736
35744
35764
35765
35769
35779
35782
35790
35791
35794
35798
35811
35853
35872
35874
35875
35876
35883
35886
35898
35905
35908
35915
35917
35932
35934
35944
35952
35963
35966
35991
36000
36002
36003
36006
36017
36019
36020
36021
36022
36025
36026
36027
36028
36030
36031
36034
36037
36039
36042
36043
36046
36050
36051
36052
36053
36056
36058
36062
36064
36066
36069
36078
36079
36080
36082
36083
36084
36087
36088
36089
36090
36092
36094
36096
36100
36101
36102
36103
36104
36105
36107
36108
36110
36112
36113
36117
36118
36123
36125
36126
36128
36130
36132
36134
36135
36137
36138
36143
36144
36145
36148
36150
36151
36154
36155
36156
36157
36164
36166
36168
36169
36170
36171
36173
36174
36177
36182
36183
36186
36187
36188
36189
36190
36191
36193
36196
36198
36203
36204
36205
36206
36207
36208
36209
36210
36211
36212
36214
36215
36220
36223
36224
36226
36230
36231
36234
36235
36237
36238
36244
36249
36250
36251
36252
36253
36254
36256
36258
36263
36264
36267
36268
36269
36270
36273
36276
36278
36279
36281
36283
36285
36297
36298
36303
36306
36310
36317
36321
36327
36328
36330
36332
36336
36342
36347
36348
36349
36352
36353
36354
36355
36356
36357
36359
36365
36366
36367
36369
36370
36371
36373
36374
36376
36377
36378
36379
36380
36384
36386
36388
36389
36390
36391
36393
36395
36399
36400
36403
36405
36408
36411
36417
36418
36421
36422
36423
36424
36425
36426
36428
36429
36433
36434
36435
36436
36437
36440
36441
36442
36444
36450
36451
36453
36459
36460
36464
36465
36466
36467
36468
36469
36472
36473
36475
36476
36479
36480
36481
36482
36484
36486
36487
36489
36490
36491
36494
36497
36500
36501
36503
36506
36509
36516
36527
36529
36530
36536
36537
36538
36542
36544
36545
36548
36553
36554
36555
36564
36565
36566
36567
36576
36577
36585
36588
36590
36591
36593
36594
36607
36612
36613
36614
36618
36621
36631
36644
36645
36647
36650
36651
36653
36657
36659
36666
36669
36671
36672
36681
36682
36688
36691
36694
36706
36707
36712
36723
36727
36737
36740
36741
36743
36744
36747
36748
36755
36756
36761
36762
36765
36767
36773
36778
36779
36782
36786
36795
36801
36811
36813
36814
36825
36826
36832
36836
36838
36840
36842
36852
36856
36868
36869
36875
36876
36882
36885
36890
36895
36896
36900
36902
36911
36912
36923
36930
36931
36943
36945
36946
36951
36957
36964
36965
36967
36970
36976
36983
36984
36985
36986
36987
36988
36993
37006
37022
37025
37036
37040
37048
37066
37067
37072
37075
37076
37079
37087
37099
37105
37107
37120
37122
37130
37143
37144
37152
37153
37158
37178
37181
37184
37189
37193
37194
37197
37200
37203
37209
37213
37227
37228
37229
37231
37237
37247
37251
37262
37264
37273
37279
37286
37289
37293
37294
37296
37302
37303
37318
37320
37327
37328
37331
37341
37344
37349
37351
37353
37357
37358
37362
37363
37375
37376
37387
37399
37418
37428
37429
37432
37445
37449
37451
37454
37455
37456
37478
37482
37485
37492
37495
37496
37498
37526
37542
37548
37549
37563
37570
37575
37587
37612
37614
37616
37635
37652
37658
37687
37693
37699
37704
37713
37729
37734
37736
37742
37743
37745
37746
37749
37751
37764
37770
37778
37794
37800
37811
37822
37827
37835
37840
37850
37866
37893
37894
37914
37926
37941
37942
37944
37956
37962
37967
37973
37976
37980
37981
37989
38003
38036
38043
38056
38068
38073
38074
38085
38090
38097
38128
38134
38139
38148
38218
38220
38247
38272
38273
38282
38294
38305
38333
38357
38363
38366
38405
38407
38421
38428
38436
38442
38448
38453
38463
38493
38502
38503
38507
38512
38515
38520
38521
38525
38526
38529
38532
38538
38540
38543
38544
38550
38553
38555
38556
38558
38560
38573
38577
38583
38589
38592
38594
38597
38607
38614
38615
38620
38633
38634
38637
38638
38642
38648
38651
38653
38657
38664
38666
38667
38671
38676
38677
38678
38685
38691
38693
38694
38697
38698
38700
38701
38714
38716
38718
38721
38725
38729
38730
38734
38738
38739
38740
38744
38746
38749
38755
38761
38763
38764
38768
38770
38772
38777
38781
38782
38784
38790
38793
38797
38798
38801
38803
38804
38812
38816
38817
38819
38820
38821
38829
38830
38832
38834
38837
38843
38853
38859
38867
38868
38871
38873
38874
38875
38878
38879
38883
38891
38896
38897
38901
38905
38916
38927
38930
38931
38932
38934
38937
38939
38945
38947
38949
38951
38958
38959
38960
38964
38965
38968
38969
38977
38983
38986
38989
38994
38997
38999
39004
39005
39006
39012
39015
39020
39027
39033
39038
39040
39043
39046
39047
39052
39054
39057
39066
39069
39073
39075
39076
39086
39087
39092
39094
39105
39113
39126
39132
39133
39136
39138
39142
39148
39159
39162
39164
39169
39174
39182
39194
39195
39196
39197
39202
39207
39209
39212
39213
39229
39230
39238
39239
39241
39243
39244
39259
39263
39268
39277
39278
39280
39290
39309
39312
39316
39319
39325
39333
39334
39345
39349
39351
39358
39359
39362
39369
39371
39385
39387
39390
39399
39410
39417
39422
39425
39426
39427
39429
39433
39438
39440
39445
39446
39454
39462
39464
39465
39471
39478
39479
39484
39486
39487
39489
39491
39493
39496
39498
39500
39503
39519
39525
39528
39532
39541
39548
39551
39559
39560
39561
39562
39576
39578
39593
39595
39610
39621
39635
39640
39643
39648
39652
39665
39666
39667
39669
39673
39684
39685
39686
39698
39700
39707
39708
39713
39716
39721
39732
39738
39743
39750
39761
39764
39770
39778
39781
39784
39785
39786
39791
39792
39794
39795
39798
39806
39809
39813
39821
39824
39831
39836
39841
39842
39843
39845
39858
39862
39869
39871
39889
39890
39892
39896
39903
39905
39911
39912
39914
39921
39925
39926
39930
39933
39938
39939
39940
39945
39946
39953
39954
39957
39965
39970
39971
39980
39989
39991
40001
40002
40004
40006
40008
40009
40010
40011
40013
40014
40015
40017
40019
40020
40021
40022
40025
40026
40030
40032
40033
40036
40037
40038
40040
40045
40046
40051
40054
40057
40059
40062
40064
40065
40066
40067
40069
40070
40071
40073
40083
40085
40089
40093
40096
40098
40099
40100
40102
40104
40106
40107
40111
40112
40113
40114
40116
40117
40118
40119
40124
40125
40127
40129
40135
40136
40137
40138
40140
40141
40143
40145
40147
40155
40164
40165
40166
40168
40171
40174
40175
40181
40186
40190
40195
40200
40201
40202
40211
40212
40213
40214
40216
40221
40223
40227
40232
40233
40239
40241
40248
40249
40250
40252
40253
40254
40256
40257
40261
40262
40266
40269
40272
40274
40278
40280
40281
40283
40284
40285
40286
40290
40295
40298
40299
40301
40302
40304
40305
40307
40309
40314
40315
40316
40318
40319
40321
40326
40327
40329
40331
40332
40335
40337
40339
40340
40342
40343
40344
40345
40350
40351
40355
40359
40361
40363
40365
40367
40373
40375
40376
40379
40380
40384
40385
40387
40388
40390
40391
40395
40396
40401
40402
40404
40405
40408
40410
40422
40423
40426
40428
40430
40431
40432
40434
40437
40439
40441
40443
40447
40448
40449
40455
40456
40457
40458
40460
40461
40462
40463
40467
40472
40473
40474
40478
40480
40482
40484
40488
40491
40494
40496
40498
40526
40535
40560
40564
40565
40568
40570
40573
40588
40596
40603
40604
40606
40612
40619
40624
40635
40636
40639
40649
40653
40654
40659
40664
40665
40667
40671
40676
40677
40692
40694
40700
40704
40707
40708
40712
40714
40717
40733
40735
40736
40741
40745
40759
40762
40767
40774
40777
40781
40782
40784
40796
40799
40801
40803
40821
40822
40823
40828
40833
40835
40842
40843
40856
40866
40867
40888
40920
40923
40926
40930
40932
40934
40936
40937
40965
40981
40982
40995
40997
41006
41011
41022
41025
41030
41067
41068
41081
41083
41117
41123
41134
41170
41237
41241
41248
41266
41322
41328
41353
41378
41400
41425
41442
41500
41512
41515
41521
41522
41524
41533
41538
41539
41541
41552
41556
41561
41567
41580
41586
41587
41593
41596
41598
41601
41604
41605
41607
41617
41619
41620
41623
41642
41650
41652
41658
41660
41661
41666
41668
41671
41675
41683
41690
41694
41697
41698
41704
41705
41706
41707
41713
41717
41721
41726
41727
41730
41751
41753
41759
41771
41772
41776
41782
41791
41799
41806
41809
41814
41823
41825
41827
41828
41829
41840
41847
41860
41869
41875
41877
41878
41884
41890
41891
41897
41899
41903
41909
41910
41913
41929
41932
41937
41941
41946
41956
41958
41965
41970
41978
41982
41990
42001
42008
42016
42023
42025
42030
42034
42037
42038
42040
42049
42058
42059
42068
42069
42072
42077
42088
42092
42096
42106
42112
42113
42117
42119
42121
42127
42130
42131
42141
42143
42149
42156
42162
42165
42166
42170
42176
42179
42184
42186
42187
42196
42200
42207
42210
42215
42219
42223
42225
42226
42233
42239
42241
42243
42245
42248
42249
42251
42257
42260
42263
42272
42286
42288
42291
42298
42303
42304
42323
42329
42332
42335
42337
42339
42344
42345
42348
42349
42353
42355
42359
42369
42371
42373
42383
42390
42395
42401
42402
42404
42407
42408
42410
42417
42423
42425
42428
42433
42438
42439
42441
42447
42462
42464
42469
42472
42476
42477
42482
42486
42489
42492
42504
42527
42530
42532
42542
42555
42570
42572
42577
42583
42594
42597
42601
42603
42604
42609
42639
42666
42668
42679
42685
42686
42692
42708
42718
42719
42727
42728
42735
42744
42753
42754
42765
42776
42778
42787
42794
42800
42801
42808
42811
42837
42841
42858
42870
42908
42920
42926
42956
42968
42971
42976
42980
42983
42992
43016
43021
43026
43029
43032
43036
43043
43047
43057
43058
43060
43066
43071
43072
43081
43084
43091
43094
43100
43113
43114
43121
43136
43140
43147
43156
43167
43190
43194
43204
43212
43213
43227
43230
43231
43234
43238
43241
43243
43244
43252
43257
43258
43260
43266
43269
43270
43271
43277
43278
43282
43288
43290
43294
43303
43311
43320
43324
43328
43345
43347
43351
43354
43356
43367
43376
43377
43385
43387
43389
43395
43400
43417
43418
43427
43437
43448
43449
43455
43469
43479
43482
43483
43493
43500
43501
43508
43525
43527
43531
43546
43550
43551
43552
43559
43568
43569
43572
43573
43577
43583
43588
43598
43617
43622
43627
43628
43644
43648
43651
43659
43662
43669
43670
43674
43676
43677
43684
43690
43694
43703
43715
43719
43726
43727
43755
43756
43764
43770
43778
43786
43790
43793
43799
43804
43805
43815
43824
43828
43832
43834
43836
43838
43839
43840
43845
43847
43852
43859
43860
43861
43862
43866
43867
43868
43869
43872
43874
43877
43887
43892
43895
43896
43899
43903
43905
43913
43932
43940
43943
43945
43946
43965
43977
43984
43986
43987
43988
43993
43994
44003
44005
44045
44050
44053
44064
44066
44073
44090
44091
44096
44097
44101
44109
44116
44126
44139
44154
44158
44175
44182
44187
44216
44223
44224
44228
44229
44232
44239
44240
44281
44283
44288
44296
44300
44308
44318
44323
44327
44334
44344
44348
44356
44357
44365
44388
44390
44397
44429
44430
44444
44453
44471
44472
44473
44476
44479
44485
44502
44508
44515
44526
44527
44553
44554
44557
44566
44567
44570
44573
44575
44578
44587
44588
44592
44599
44616
44621
44622
44626
44628
44629
44637
44638
44641
44649
44663
44666
44675
44682
44689
44693
44696
44701
44705
44712
44739
44741
44751
44752
44760
44762
44780
44793
44794
44795
44799
44805
44808
44810
44820
44834
44850
44858
44866
44867
44869
44875
44884
44886
44890
44904
44905
44907
44909
44926
44930
44932
44944
44948
44952
44953
44955
44958
44980
44983
44985
45001
45009
45016
45019
45022
45030
45046
45051
45056
45070
45082
45084
45086
45089
45094
45098
45099
45101
45107
45108
45111
45115
45118
45124
45128
45134
45135
45139
45140
45145
45150
45152
45158
45160
45168
45169
45176
45182
45186
45190
45197
45202
45205
45212
45215
45239
45242
45245
45246
45253
45256
45257
45259
45262
45267
45297
45299
45301
45307
45310
45317
45319
45321
45322
45326
45328
45334
45335
45345
45348
45349
45353
45358
45360
45362
45380
45387
45389
45391
45395
45401
45404
45409
45417
45418
45430
45431
45433
45439
45440
45441
45451
45458
45467
45468
45469
45471
45476
45477
45481
45504
45509
45517
45520
45523
45526
45531
45541
45543
45552
45558
45572
45574
45575
45576
45580
45584
45585
45591
45593
45598
45600
45604
45607
45612
45613
45614
45617
45642
45649
45650
45654
45658
45668
45673
45680
45682
45684
45685
45691
45693
45703
45710
45713
45716
45735
45739
45755
45764
45770
45777
45793
45795
45801
45819
45838
45845
45851
45853
45855
45865
45866
45874
45887
45893
45897
45905
45915
45936
45940
45947
45949
45958
45968
45975
45977
45998
46000
46003
46007
46009
46011
46017
46022
46024
46042
46046
46050
46059
46072
46073
46074
46075
46076
46077
46083
46093
46095
46096
46101
46103
46104
46112
46113
46115
46120
46129
46130
46132
46140
46145
46151
46152
46156
46157
46162
46163
46168
46169
46178
46186
46188
46191
46196
46206
46213
46221
46225
46250
46255
46257
46259
46260
46262
46263
46269
46271
46278
46282
46298
46299
46300
46304
46306
46313
46314
46319
46322
46326
46328
46332
46333
46334
46336
46337
46348
46350
46353
46356
46359
46361
46363
46365
46368
46370
46383
46387
46393
46394
46399
46404
46405
46407
46408
46409
46412
46415
46423
46424
46425
46426
46428
46432
46434
46438
46440
46442
46447
46449
46454
46463
46464
46469
46472
46473
46485
46488
46491
46492
46497
46499
46500
46501
46503
46510
46511
46512
46516
46519
46524
46530
46531
46538
46542
46545
46547
46548
46556
46557
46559
46561
46563
46565
46570
46573
46577
46579
46585
46586
46589
46592
46597
46599
46604
46605
46606
46611
46614
46615
46617
46619
46623
46624
46626
46628
46629
46630
46631
46632
46633
46635
46636
46637
46639
46640
46642
46645
46646
46648
46650
46651
46654
46655
46658
46660
46664
46665
46666
46675
46677
46679
46684
46687
46691
46693
46694
46701
46709
46712
46714
46716
46722
46727
46728
46729
46731
46732
46738
46739
46740
46741
46742
46744
46745
46746
46753
46755
46758
46760
46764
46766
46768
46769
46770
46772
46773
46778
46789
46792
46796
46799
46801
46802
46803
46807
46810
46813
46814
46817
46819
46820
46823
46829
46830
46837
46844
46846
46848
46849
46851
46852
46855
46856
46857
46858
46860
46861
46862
46863
46867
46873
46876
46877
46878
46880
46882
46883
46885
46887
46892
46894
46897
46898
46899
46901
46903
46905
46920
46921
46925
46928
46933
46937
46938
46940
46941
46943
46944
46945
46950
46955
46957
46958
46960
46961
46965
46968
46975
46978
46979
46987
46988
46991
46997
46998
47042
47054
47067
47075
47288
47398
47420
47465
47488
47503
47508
47515
47517
47521
47532
47535
47536
47541
47551
47552
47553
47554
47555
47561
47569
47572
47573
47578
47580
47581
47582
47584
47588
47597
47598
47602
47608
47615
47626
47632
47638
47639
47640
47644
47645
47648
47656
47657
47664
47665
47677
47680
47684
47687
47693
47703
47712
47716
47722
47731
47732
47733
47741
47743
47744
47753
47759
47765
47766
47769
47771
47777
47778
47779
47790
47792
47796
47798
47800
47808
47814
47815
47818
47820
47822
47831
47832
47833
47835
47836
47854
47856
47865
47867
47870
47876
47879
47880
47886
47888
47902
47907
47925
47927
47931
47935
47936
47939
47943
47949
47963
47981
47984
47986
47989
47992
47994
47999
48002
48004
48005
48010
48012
48013
48014
48015
48018
48021
48022
48026
48028
48030
48031
48032
48036
48038
48040
48041
48044
48045
48046
48052
48055
48058
48059
48060
48061
48063
48068
48071
48073
48074
48075
48076
48077
48079
48080
48081
48085
48086
48088
48092
48094
48095
48097
48098
48099
48100
48102
48104
48105
48109
48117
48119
48120
48121
48132
48133
48134
48135
48137
48142
48145
48146
48148
48149
48151
48153
48155
48157
48159
48162
48164
48168
48170
48174
48178
48179
48183
48185
48188
48190
48194
48197
48199
48203
48204
48206
48211
48212
48214
48215
48216
48219
48221
48227
48228
48229
48232
48240
48241
48243
48244
48245
48251
48252
48257
48260
48261
48262
48264
48268
48271
48272
48274
48275
48276
48277
48279
48281
48286
48288
48292
48293
48295
48296
48299
48302
48311
48312
48313
48314
48315
48316
48318
48322
48324
48327
48328
48330
48331
48332
48333
48337
48342
48345
48346
48347
48350
48351
48353
48357
48362
48363
48370
48375
48382
48385
48387
48392
48393
48394
48395
48402
48406
48408
48411
48414
48415
48417
48419
48429
48430
48432
48434
48437
48441
48442
48443
48445
48449
48451
48456
48457
48459
48460
48462
48463
48464
48467
48469
48472
48474
48475
48476
48482
48485
48486
48487
48490
48491
48495
48496
48497
48498
48499
48501
48519
48533
48535
48546
48560
48567
48572
48576
48581
48592
48600
48602
48604
48618
48620
48625
48627
48628
48633
48635
48639
48644
48647
48649
48675
48676
48681
48704
48705
48708
48714
48718
48723
48727
48731
48736
48743
48749
48760
48761
48764
48766
48768
48777
48783
48807
48814
48838
48847
48855
48859
48863
48873
48884
48887
48904
48908
48914
48917
48921
48925
48932
48934
48937
48942
48944
48948
48954
48955
48959
48961
48965
48966
48970
49003
49005
49006
49009
49011
49020
49027
49030
49036
49038
49050
49053
49059
49068
49074
49075
49082
49087
49091
49095
49097
49100
49102
49105
49111
49115
49117
49122
49124
49146
49148
49153
49165
49169
49174
49185
49191
49203
49209
49213
49215
49216
49218
49229
49230
49238
49244
49245
49247
49254
49277
49278
49281
49286
49288
49289
49293
49296
49301
49303
49307
49308
49313
49316
49318
49319
49320
49322
49324
49330
49334
49335
49337
49344
49347
49348
49349
49351
49352
49356
49358
49359
49362
49366
49367
49368
49378
49381
49386
49388
49393
49396
49398
49401
49402
49409
49412
49415
49420
49424
49426
49432
49436
49438
49443
49448
49449
49453
49468
49476
49485
49487
49492
49499
49506
49512
49516
49521
49522
49523
49524
49528
49529
49535
49538
49539
49541
49545
49549
49553
49570
49572
49575
49595
49599
49600
49602
49603
49604
49607
49609
49632
49647
49654
49667
49668
49686
49688
49692
49693
49697
49699
49701
49711
49734
49737
49740
49742
49743
49746
49749
49752
49758
49759
49762
49766
49767
49769
49772
49775
49784
49787
49794
49795
49803
49813
49814
49818
49823
49832
49849
49850
49851
49852
49858
49870
49874
49878
49879
49885
49887
49891
49894
49897
49899
49906
49920
49921
49926
49931
49933
49943
49947
49952
49953
49955
49957
49962
49963
49967
49971
49972
49979
49981
