1
4
12
13
17
18
20
25
27
34
37
45
47
65
67
69
90
96
100
101
102
110
111
119
120
122
127
143
146
148
151
158
178
184
195
203
204
210
211
214
215
224
228
238
239
248
249
251
252
267
270
290
292
297
322
327
337
343
347
352
353
354
358
361
363
377
388
395
409
412
415
420
421
423
427
431
433
441
442
467
476
481
484
486
488
501
503
504
506
509
516
524
538
542
571
573
575
576
581
584
588
596
610
612
640
649
655
658
679
683
694
701
720
729
731
732
736
737
739
755
781
811
818
825
832
835
839
857
886
888
922
938
958
966
979
986
1000
1001
1005
1006
1007
1009
1010
1012
1021
1030
1031
1032
1033
1036
1037
1041
1044
1048
1055
1057
1061
1064
1070
1073
1081
1084
1087
1105
1118
1120
1128
1129
1130
1137
1140
1142
1148
1150
1151
1154
1163
1170
1171
1172
1176
1185
1186
1187
1195
1201
1207
1209
1210
1216
1218
1219
1221
1230
1232
1233
1234
1237
1239
1240
1244
1249
1251
1252
1261
1266
1268
1269
1271
1272
1273
1275
1276
1277
1278
1282
1283
1284
1286
1292
1294
1296
1301
1303
1313
1315
1320
1321
1327
1332
1333
1334
1340
1341
1342
1347
1348
1352
1355
1362
1363
1365
1368
1373
1376
1381
1382
1383
1385
1393
1394
1397
1399
1401
1405
1408
1411
1412
1414
1425
1428
1430
1431
1433
1439
1442
1443
1444
1447
1453
1463
1468
1470
1476
1480
1481
1483
1485
1486
1487
1492
1509
1512
1516
1521
1526
1531
1541
1545
1546
1551
1555
1561
1562
1569
1574
1576
1577
1578
1580
1582
1584
1586
1588
1594
1595
1598
1601
1607
1614
1617
1625
1640
1641
1644
1647
1653
1655
1657
1659
1660
1661
1667
1670
1671
1677
1678
1679
1682
1686
1690
1700
1703
1710
1711
1719
1724
1725
1731
1738
1739
1740
1747
1750
1751
1761
1766
1772
1774
1782
1783
1788
1794
1801
1806
1808
1818
1819
1820
1825
1826
1827
1828
1831
1834
1835
1836
1839
1841
1844
1845
1855
1856
1863
1869
1871
1875
1878
1880
1884
1885
1886
1904
1922
1932
1946
1951
1955
1959
1960
1966
1969
1971
1981
1983
1985
1986
1989
1992
2012
2016
2020
2026
2033
2036
2048
2053
2054
2066
2067
2069
2072
2074
2077
2078
2079
2081
2086
2108
2117
2125
2126
2128
2129
2132
2141
2157
2161
2166
2169
2174
2176
2182
2183
2191
2192
2194
2195
2199
2201
2203
2205
2210
2216
2225
2229
2230
2237
2240
2250
2263
2269
2285
2287
2289
2314
2315
2322
2324
2334
2337
2338
2339
2346
2349
2351
2355
2361
2364
2371
2377
2400
2402
2415
2423
2427
2428
2435
2438
2441
2447
2450
2459
2461
2463
2465
2466
2468
2469
2479
2481
2482
2484
2489
2494
2517
2518
2523
2526
2528
2529
2532
2533
2534
2535
2536
2545
2546
2547
2554
2562
2565
2567
2569
2576
2585
2587
2593
2594
2595
2599
2602
2607
2608
2609
2610
2621
2623
2627
2636
2642
2644
2649
2650
2652
2654
2655
2657
2658
2661
2668
2673
2674
2676
2682
2690
2697
2701
2703
2704
2707
2715
2718
2722
2723
2733
2736
2741
2746
2750
2751
2756
2760
2763
2764
2766
2767
2769
2770
2776
2787
2790
2795
2796
2803
2807
2809
2813
2818
2841
2842
2844
2847
2850
2853
2855
2858
2861
2866
2868
2882
2887
2888
2890
2891
2894
2899
2901
2908
2909
2912
2913
2914
2915
2917
2923
2941
2947
2953
2954
2961
2966
2978
2984
2989
3006
3019
3020
3023
3024
3027
3043
3044
3059
3060
3061
3070
3083
3087
3093
3103
3110
3112
3123
3124
3130
3139
3143
3147
3151
3158
3160
3164
3167
3172
3178
3193
3194
3203
3206
3210
3211
3214
3217
3218
3221
3224
3230
3239
3240
3242
3249
3263
3264
3268
3269
3273
3275
3280
3281
3284
3295
3310
3312
3318
3320
3321
3324
3325
3327
3329
3332
3338
3340
3342
3343
3344
3355
3356
3366
3378
3382
3385
3390
3393
3395
3397
3404
3406
3411
3417
3419
3420
3428
3438
3441
3446
3448
3452
3456
3468
3469
3479
3482
3487
3494
3495
3498
3511
3516
3526
3527
3528
3534
3546
3552
3560
3570
3574
3578
3580
3581
3584
3595
3596
3602
3608
3612
3617
3621
3628
3629
3634
3639
3644
3654
3664
3666
3668
3675
3680
3681
3682
3698
3700
3715
3716
3721
3725
3726
3729
3731
3739
3742
3743
3751
3761
3764
3765
3777
3784
3785
3795
3796
3800
3801
3803
3821
3823
3829
3846
3847
3852
3858
3859
3877
3886
3887
3893
3895
3900
3901
3906
3912
3917
3922
3940
3941
3943
3946
3953
3954
3959
3961
3963
3964
3968
3970
3973
3976
3977
4023
4029
4031
4034
4043
4049
4054
4070
4072
4095
4105
4109
4111
4125
4135
4136
4144
4147
4148
4157
4168
4170
4171
4175
4176
4179
4183
4186
4191
4193
4197
4213
4226
4232
4250
4271
4272
4274
4285
4296
4300
4308
4310
4328
4343
4345
4352
4355
4357
4362
4365
4368
4372
4383
4394
4399
4401
4406
4412
4416
4427
4439
4443
4450
4451
4456
4459
4463
4464
4471
4496
4499
4520
4521
4525
4530
4549
4552
4555
4568
4593
4599
4611
4623
4632
4659
4660
4662
4673
4683
4691
4703
4704
4707
4708
4710
4728
4730
4731
4745
4747
4764
4771
4773
4774
4782
4786
4804
4806
4811
4821
4827
4830
4835
4839
4846
4864
4868
4882
4888
4914
4915
4917
4919
4926
4927
4936
4938
4955
4965
4969
4992
4996
4997
5000
5013
5026
5036
5040
5041
5049
5054
5060
5067
5068
5077
5080
5087
5091
5099
5107
5108
5115
5117
5123
5125
5128
5131
5133
5134
5136
5137
5142
5147
5154
5155
5157
5166
5174
5175
5177
5184
5187
5192
5194
5197
5198
5200
5201
5203
5207
5209
5216
5218
5221
5224
5230
5231
5239
5244
5246
5247
5250
5251
5254
5256
5257
5264
5267
5269
5273
5282
5284
5287
5289
5290
5292
5303
5304
5308
5315
5332
5342
5350
5361
5371
5376
5384
5404
5409
5412
5416
5435
5437
5438
5440
5442
5465
5474
5477
5483
5495
5504
5507
5508
5512
5522
5525
5527
5529
5532
5534
5536
5540
5541
5546
5547
5548
5549
5551
5552
5556
5557
5560
5561
5563
5566
5567
5572
5573
5575
5580
5583
5588
5589
5592
5596
5606
5609
5611
5614
5619
5621
5622
5624
5626
5634
5635
5636
5637
5643
5646
5647
5649
5653
5655
5657
5664
5665
5668
5669
5671
5672
5673
5674
5679
5680
5688
5689
5690
5693
5695
5697
5705
5706
5709
5715
5716
5718
5719
5720
5723
5727
5729
5733
5735
5738
5739
5747
5748
5753
5754
5756
5761
5769
5770
5773
5774
5776
5778
5782
5789
5791
5792
5793
5795
5796
5799
5800
5801
5802
5804
5805
5812
5815
5816
5817
5820
5823
5824
5826
5827
5828
5829
5830
5835
5839
5841
5851
5863
5864
5865
5867
5878
5881
5883
5887
5889
5892
5894
5895
5896
5901
5902
5910
5913
5914
5919
5920
5921
5925
5926
5933
5936
5937
5948
5949
5950
5951
5957
5959
5963
5964
5965
5966
5968
5972
5973
5976
5977
5979
5980
5986
5987
5990
5991
6000
6012
6016
6019
6020
6033
6036
6040
6042
6043
6049
6053
6056
6057
6061
6064
6071
6072
6080
6091
6092
6094
6095
6103
6108
6119
6120
6123
6124
6126
6150
6152
6156
6161
6170
6177
6178
6184
6191
6193
6196
6198
6202
6203
6204
6208
6221
6230
6231
6240
6243
6246
6248
6250
6251
6252
6255
6257
6263
6266
6267
6278
6283
6285
6297
6300
6307
6316
6325
6331
6332
6334
6347
6349
6357
6362
6367
6379
6382
6402
6404
6408
6418
6435
6437
6440
6442
6449
6452
6467
6468
6470
6471
6473
6474
6476
6477
6478
6492
6501
6502
6505
6506
6508
6509
6511
6512
6513
6514
6523
6530
6537
6554
6556
6561
6568
6569
6572
6576
6579
6586
6588
6589
6591
6594
6597
6599
6601
6603
6604
6609
6622
6625
6626
6630
6635
6642
6643
6644
6645
6646
6647
6651
6652
6658
6659
6660
6666
6667
6671
6677
6678
6679
6682
6684
6686
6689
6692
6694
6695
6696
6698
6701
6703
6707
6709
6716
6719
6721
6730
6738
6740
6744
6749
6750
6753
6757
6758
6761
6768
6771
6772
6773
6774
6775
6776
6779
6788
6791
6798
6803
6804
6805
6809
6811
6814
6820
6824
6828
6829
6830
6837
6847
6848
6852
6856
6858
6862
6864
6866
6868
6871
6872
6874
6884
6885
6886
6887
6888
6890
6900
6906
6908
6911
6912
6919
6921
6923
6928
6929
6930
6931
6932
6933
6935
6938
6941
6944
6947
6954
6956
6962
6966
6973
6974
6978
6981
6984
6987
6989
6990
6991
6993
6998
6999
7004
7017
7019
7026
7047
7059
7062
7063
7071
7072
7102
7112
7117
7119
7144
7150
7154
7157
7158
7162
7163
7166
7169
7174
7186
7196
7197
7200
7206
7214
7219
7238
7246
7248
7255
7264
7279
7283
7290
7296
7300
7301
7317
7318
7319
7326
7333
7351
7360
7366
7414
7415
7417
7419
7434
7435
7437
7441
7451
7452
7470
7472
7474
7475
7494
7496
7497
7498
7500
7514
7517
7523
7526
7538
7541
7550
7552
7559
7568
7580
7584
7586
7596
7604
7611
7615
7621
7625
7628
7629
7633
7638
7657
7662
7674
7687
7688
7701
7703
7714
7736
7745
7756
7762
7784
7789
7800
7810
7818
7819
7821
7823
7828
7848
7851
7853
7855
7856
7868
7885
7906
7907
7916
7917
7928
7946
7955
7958
7964
7968
7977
7990
7992
7999
8003
8006
8010
8015
8033
8036
8037
8048
8050
8058
8063
8080
8086
8092
8103
8106
8112
8114
8115
8129
8140
8173
8184
8186
8189
8199
8200
8205
8207
8214
8233
8235
8242
8250
8255
8267
8268
8272
8274
8276
8282
8286
8287
8290
8302
8306
8312
8318
8321
8329
8333
8340
8341
8342
8353
8364
8368
8379
8393
8418
8420
8421
8434
8436
8437
8443
8447
8450
8469
8496
8500
8502
8503
8518
8524
8528
8535
8544
8546
8550
8553
8554
8562
8565
8577
8583
8586
8588
8589
8595
8597
8598
8599
8602
8603
8615
8624
8636
8637
8642
8649
8662
8665
8668
8679
8680
8690
8698
8706
8709
8711
8716
8721
8725
8730
8731
8745
8753
8761
8772
8782
8797
8813
8819
8825
8829
8842
8847
8854
8857
8861
8862
8864
8870
8892
8898
8904
8905
8908
8909
8915
8917
8923
8928
8932
8935
8942
8948
8952
8954
8956
8960
8969
8975
8982
8984
8986
8989
8990
8993
8999
9002
9007
9009
9020
9023
9025
9029
9035
9039
9044
9055
9062
9068
9074
9075
9078
9086
9104
9107
9108
9122
9125
9135
9142
9146
9148
9150
9153
9160
9161
9163
9164
9168
9184
9192
9195
9196
9201
9208
9211
9212
9226
9240
9246
9261
9263
9292
9298
9309
9312
9337
9339
9340
9346
9361
9363
9378
9381
9385
9401
9402
9412
9417
9429
9448
9449
9452
9464
9473
9477
9481
9486
9488
9491
9505
9514
9519
9522
9523
9525
9530
9533
9536
9547
9560
9570
9571
9573
9574
9575
9590
9594
9607
9609
9611
9612
9613
9626
9628
9630
9640
9645
9648
9657
9665
9676
9679
9681
9685
9694
9699
9700
9701
9704
9708
9712
9721
9723
9729
9742
9745
9755
9757
9780
9796
9801
9802
9805
9820
9822
9823
9824
9825
9828
9841
9853
9856
9871
9879
9887
9889
9892
9920
9922
9931
9938
9939
9942
9951
9952
9968
9972
9977
9979
9980
9995
10004
10006
10009
10021
10026
10035
10041
10069
10072
10082
10083
10084
10094
10105
10106
10113
10116
10125
10136
10141
10151
10152
10159
10175
10186
10251
10268
10282
10285
10291
10301
10310
10316
10331
10348
10349
10350
10369
10376
10378
10385
10398
10403
10427
10477
10496
10500
10507
10512
10516
10517
10524
10527
10529
10533
10546
10549
10550
10557
10576
10578
10581
10585
10586
10590
10594
10597
10600
10606
10612
10614
10623
10626
10642
10643
10644
10649
10652
10660
10661
10663
10668
10673
10679
10681
10682
10687
10688
10689
10692
10694
10697
10707
10708
10711
10714
10716
10719
10742
10743
10746
10752
10759
10765
10768
10775
10780
10790
10795
10803
10808
10811
10815
10826
10831
10836
10839
10841
10843
10845
10851
10858
10869
10870
10871
10876
10878
10881
10884
10896
10897
10901
10909
10912
10933
10938
10939
10945
10953
10959
10960
10961
10965
10968
10971
10975
10978
10982
10985
10991
10993
11004
11011
11020
11028
11032
11039
11047
11048
11049
11058
11062
11084
11091
11102
11104
11105
11121
11123
11132
11133
11160
11172
11181
11185
11187
11194
11196
11201
11228
11229
11276
11283
11304
11316
11336
11343
11349
11360
11361
11382
11395
11397
11407
11420
11421
11433
11441
11469
11473
11475
11477
11481
11504
11507
11511
11512
11516
11517
11524
11526
11529
11533
11544
11545
11550
11551
11552
11555
11557
11560
11561
11565
11567
11568
11576
11578
11581
11582
11597
11605
11607
11623
11625
11627
11628
11633
11645
11649
11651
11652
11656
11659
11661
11671
11673
11675
11679
11681
11705
11711
11713
11722
11733
11737
11739
11740
11741
11750
11751
11755
11756
11763
11764
11769
11771
11778
11789
11790
11793
11800
11805
11808
11812
11818
11827
11829
11833
11843
11846
11848
11856
11858
11860
11862
11866
11868
11870
11876
11878
11882
11884
11885
11886
11888
11898
11899
11905
11907
11911
11912
11918
11922
11935
11939
11940
11943
11944
11946
11949
11951
11953
11958
11963
11964
11969
11971
11973
11977
11981
11982
11989
11995
11996
12015
12018
12020
12023
12027
12033
12039
12041
12058
12071
12078
12079
12080
12085
12088
12109
12124
12131
12147
12149
12154
12177
12181
12187
12199
12200
12206
12208
12216
12221
12222
12230
12232
12240
12242
12256
12272
12279
12285
12313
12323
12324
12329
12340
12344
12360
12368
12379
12390
12393
12414
12415
12417
12419
12423
12428
12458
12467
12475
12478
12480
12485
12491
12497
12498
12500
12526
12532
12533
12540
12544
12545
12548
12552
12553
12555
12561
12565
12570
12574
12576
12579
12597
12600
12602
12603
12617
12623
12627
12635
12646
12647
12650
12655
12659
12665
12667
12669
12675
12677
12682
12683
12684
12686
12688
12694
12695
12696
12697
12708
12719
12732
12733
12735
12740
12742
12749
12752
12758
12761
12768
12771
12773
12774
12778
12790
12797
12808
12825
12829
12834
12836
12837
12843
12849
12853
12854
12857
12862
12864
12867
12870
12877
12883
12889
12892
12896
12897
12898
12904
12907
12908
12913
12919
12922
12929
12930
12932
12936
12938
12950
12965
12968
12969
12975
12984
12987
12998
13006
13012
13022
13024
13032
13038
13044
13056
13057
13062
13066
13071
13080
13082
13087
13090
13093
13096
13098
13107
13112
13113
13114
13117
13125
13129
13134
13137
13143
13146
13148
13152
13162
13163
13166
13169
13173
13200
13235
13249
13258
13260
13261
13266
13268
13274
13278
13280
13283
13287
13298
13324
13328
13330
13331
13343
13352
13356
13359
13361
13371
13377
13383
13388
13390
13397
13407
13409
13415
13419
13421
13422
13431
13439
13440
13448
13500
13501
13509
13511
13515
13517
13519
13524
13527
13533
13537
13541
13544
13545
13547
13548
13551
13553
13562
13564
13568
13572
13575
13579
13582
13591
13592
13594
13602
13603
13608
13609
13613
13615
13618
13620
13621
13622
13625
13627
13631
13635
13647
13658
13659
13660
13663
13665
13670
13677
13678
13681
13684
13685
13691
13692
13693
13694
13695
13697
13705
13706
13708
13710
13713
13722
13731
13732
13735
13736
13739
13743
13755
13764
13767
13769
13770
13772
13776
13781
13788
13792
13794
13797
13799
13802
13804
13811
13814
13815
13816
13818
13821
13823
13825
13829
13835
13847
13849
13850
13853
13857
13858
13870
13883
13892
13906
13911
13914
13917
13921
13922
13923
13924
13926
13927
13935
13938
13940
13941
13942
13943
13949
13954
13955
13962
13967
13969
13977
13978
13981
13983
13986
13989
13996
13997
13998
13999
14003
14018
14022
14026
14029
14056
14058
14064
14092
14105
14107
14111
14131
14135
14137
14148
14157
14162
14165
14167
14175
14188
14190
14194
14201
14206
14229
14248
14267
14282
14301
14303
14316
14321
14331
14333
14344
14358
14371
14394
14398
14409
14415
14426
14439
14448
14453
14463
14468
14482
14486
14490
14519
14531
14537
14548
14571
14645
14649
14665
14669
14695
14736
14742
14753
14775
14781
14799
14816
14820
14840
14848
14851
14854
14861
14865
14877
14879
14890
14893
14903
14913
14920
14943
14944
14951
14959
14965
14993
15000
15002
15003
15005
15008
15016
15018
15020
15022
15028
15029
15031
15034
15036
15039
15042
15045
15046
15047
15048
15050
15051
15056
15057
15059
15060
15061
15063
15065
15066
15074
15076
15080
15085
15087
15089
15091
15094
15095
15096
15097
15098
15100
15103
15106
15107
15110
15113
15118
15119
15120
15121
15123
15129
15134
15135
15140
15141
15142
15145
15147
15151
15153
15155
15159
15162
15167
15168
15169
15173
15174
15175
15177
15179
15180
15182
15185
15197
15198
15201
15207
15211
15214
15218
15220
15221
15223
15232
15236
15239
15242
15247
15248
15256
15257
15263
15270
15273
15280
15281
15283
15287
15288
15292
15293
15296
15298
15299
15300
15301
15304
15310
15316
15317
15321
15322
15323
15324
15326
15327
15330
15337
15339
15344
15345
15346
15348
15350
15351
15352
15353
15354
15361
15365
15367
15372
15373
15374
15378
15386
15388
15398
15400
15403
15405
15407
15409
15411
15423
15428
15438
15440
15441
15447
15449
15456
15458
15461
15467
15471
15482
15483
15485
15490
15494
15496
15497
15513
15525
15526
15527
15539
15543
15546
15551
15572
15580
15583
15585
15587
15588
15592
15595
15596
15597
15598
15602
15604
15606
15615
15622
15627
15633
15645
15646
15650
15656
15664
15667
15670
15672
15680
15681
15683
15685
15687
15688
15699
15702
15709
15730
15738
15747
15751
15756
15763
15770
15771
15772
15775
15780
15796
15806
15807
15808
15812
15819
15822
15825
15830
15834
15838
15841
15843
15850
15851
15858
15859
15866
15874
15889
15890
15894
15905
15906
15907
15908
15914
15917
15919
15920
15923
15925
15928
15932
15933
15934
15939
15940
15944
15956
15958
15962
15967
15970
15974
15975
15976
15978
15979
15980
15981
15983
15996
16002
16005
16014
16016
16020
16021
16022
16024
16025
16027
16029
16031
16032
16041
16047
16063
16068
16070
16071
16072
16074
16078
16096
16100
16113
16122
16129
16130
16137
16153
16159
16161
16164
16166
16184
16196
16207
16209
16210
16216
16217
16218
16222
16243
16257
16276
16278
16280
16293
16296
16297
16299
16300
16301
16307
16324
16326
16329
16348
16359
16362
16374
16381
16410
16412
16425
16432
16433
16437
16440
16442
16454
16473
16474
16475
16483
16501
16509
16515
16520
16521
16523
16527
16535
16536
16545
16546
16548
16552
16555
16556
16558
16559
16562
16563
16566
16573
16576
16586
16588
16589
16594
16598
16605
16610
16619
16620
16622
16626
16634
16636
16662
16664
16667
16668
16684
16685
16686
16691
16694
16696
16699
16701
16704
16709
16710
16712
16714
16716
16720
16722
16724
16726
16730
16731
16733
16746
16750
16751
16754
16758
16763
16764
16770
16779
16783
16786
16787
16792
16801
16805
16808
16810
16812
16826
16834
16836
16837
16846
16855
16856
16860
16861
16866
16870
16871
16878
16879
16880
16884
16891
16893
16903
16904
16913
16916
16917
16924
16927
16929
16933
16946
16949
16955
16957
16962
16963
16964
16966
16973
16975
16977
16978
16979
16986
16989
16990
16992
16994
17010
17011
17015
17030
17031
17038
17043
17050
17052
17065
17067
17071
17094
17108
17113
17114
17115
17122
17128
17136
17141
17142
17156
17160
17168
17170
17173
17183
17189
17198
17199
17211
17227
17228
17231
17232
17241
17259
17263
17284
17293
17295
17298
17313
17328
17330
17337
17340
17342
17347
17352
17357
17373
17378
17379
17391
17394
17402
17406
17409
17418
17423
17431
17432
17449
17470
17486
17501
17507
17508
17509
17510
17512
17513
17515
17516
17517
17520
17523
17524
17525
17526
17528
17529
17531
17532
17536
17537
17543
17544
17548
17549
17554
17555
17558
17561
17563
17564
17565
17568
17571
17573
17578
17580
17584
17585
17590
17592
17598
17600
17603
17605
17607
17609
17610
17612
17613
17619
17620
17621
17625
17630
17632
17634
17635
17636
17638
17639
17646
17647
17649
17651
17652
17653
17654
17655
17656
17659
17661
17672
17674
17676
17680
17681
17683
17685
17687
17689
17693
17698
17699
17700
17701
17703
17709
17711
17713
17714
17717
17718
17719
17720
17721
17724
17725
17727
17728
17730
17733
17737
17738
17739
17741
17745
17747
17749
17753
17754
17756
17757
17760
17762
17763
17764
17765
17766
17767
17769
17773
17774
17777
17778
17780
17783
17785
17787
17788
17789
17790
17793
17794
17795
17797
17800
17802
17804
17807
17808
17813
17815
17816
17819
17825
17826
17828
17834
17838
17840
17841
17844
17851
17852
17859
17863
17870
17871
17872
17873
17875
17876
17877
17880
17882
17885
17889
17897
17898
17900
17901
17904
17908
17911
17913
17914
17916
17917
17918
17919
17920
17923
17926
17933
17935
17937
17938
17941
17944
17946
17947
17951
17952
17953
17956
17959
17967
17968
17969
17970
17971
17972
17975
17977
17984
17985
17990
17993
17994
17997
17998
18014
18019
18030
18053
18061
18068
18070
18074
18078
18082
18085
18086
18090
18092
18095
18097
18099
18113
18119
18129
18142
18151
18152
18159
18178
18179
18187
18202
18217
18223
18245
18246
18259
18265
18267
18268
18270
18271
18277
18285
18303
18304
18314
18323
18337
18338
18341
18342
18345
18347
18348
18350
18351
18353
18357
18360
18371
18377
18380
18384
18385
18397
18412
18414
18417
18418
18426
18433
18435
18441
18442
18462
18468
18469
18479
18487
18489
18493
18496
18499
18502
18506
18512
18514
18515
18518
18525
18533
18534
18540
18542
18544
18550
18552
18557
18559
18570
18571
18589
18592
18597
18598
18606
18612
18617
18621
18625
18627
18631
18632
18633
18634
18637
18639
18640
18641
18645
18646
18651
18653
18654
18656
18657
18658
18660
18666
18681
18691
18701
18703
18705
18706
18707
18711
18717
18718
18721
18722
18726
18727
18732
18734
18737
18739
18745
18746
18748
18752
18753
18754
18762
18771
18772
18779
18781
18784
18793
18797
18803
18809
18814
18816
18819
18824
18826
18830
18831
18833
18838
18840
18841
18847
18852
18869
18870
18879
18881
18890
18895
18897
18900
18903
18908
18911
18915
18917
18918
18920
18924
18927
18930
18931
18945
18949
18950
18951
18953
18956
18979
18982
18983
18986
19006
19009
19010
19013
19020
19025
19026
19028
19035
19036
19046
19047
19048
19062
19065
19072
19073
19081
19085
19098
19099
19100
19101
19117
19119
19121
19122
19125
19128
19130
19131
19132
19148
19149
19159
19168
19169
19178
19183
19185
19188
19192
19197
19198
19202
19203
19204
19208
19216
19219
19220
19225
19233
19238
19239
19245
19249
19251
19252
19259
19265
19266
19267
19268
19275
19276
19280
19282
19287
19289
19291
19294
19296
19301
19308
19320
19321
19328
19333
19334
19336
19339
19343
19346
19360
19369
19374
19377
19378
19380
19381
19384
19392
19395
19399
19400
19403
19406
19408
19409
19410
19414
19415
19420
19426
19432
19433
19436
19437
19445
19446
19449
19453
19458
19459
19462
19464
19469
19475
19502
19516
19534
19555
19556
19575
19581
19655
19682
19687
19691
19707
19719
19728
19735
19752
19758
19760
19769
19795
19799
19806
19808
19813
19819
19845
19871
19885
19892
19896
19907
19920
19931
19932
19948
19965
19975
19980
19982
19983
19998
20004
20012
20024
20039
20044
20068
20072
20094
20103
20111
20114
20116
20118
20122
20144
20148
20156
20162
20170
20174
20189
20190
20193
20205
20206
20227
20243
20252
20270
20274
20299
20307
20308
20324
20327
20335
20337
20340
20346
20350
20353
20356
20384
20389
20394
20411
20415
20419
20431
20437
20445
20448
20450
20471
20472
20475
20485
20489
20494
20497
20517
20519
20520
20549
20563
20569
20593
20607
20625
20628
20647
20668
20681
20687
20694
20702
20708
20710
20722
20750
20766
20767
20768
20776
20786
20800
20810
20827
20828
20831
20848
20849
20852
20878
20884
20885
20886
20892
20896
20910
20912
20930
20931
20945
20971
20982
20985
20991
20998
21000
21008
21011
21018
21020
21039
21042
21047
21052
21058
21059
21066
21068
21074
21077
21082
21090
21099
21100
21106
21117
21122
21127
21130
21135
21145
21149
21160
21162
21164
21176
21177
21183
21184
21194
21196
21226
21228
21229
21237
21243
21254
21264
21265
21266
21269
21277
21278
21282
21287
21293
21294
21299
21306
21309
21313
21335
21336
21350
21373
21375
21381
21389
21390
21392
21402
21403
21404
21407
21416
21419
21420
21422
21447
21456
21458
21470
21475
21489
21493
21496
21499
21505
21514
21515
21520
21524
21529
21533
21534
21536
21542
21545
21547
21552
21561
21566
21572
21574
21586
21587
21591
21593
21599
21605
21606
21611
21612
21615
21616
21627
21643
21648
21660
21671
21676
21682
21685
21689
21694
21702
21708
21712
21721
21723
21725
21726
21738
21741
21744
21760
21761
21763
21765
21787
21790
21794
21800
21811
21812
21826
21831
21845
21849
21852
21860
21869
21877
21879
21883
21884
21885
21902
21928
21933
21947
21952
21962
21966
21970
21975
21976
21980
21988
22007
22012
22013
22017
22022
22032
22038
22042
22044
22048
22053
22065
22071
22073
22082
22083
22085
22095
22098
22101
22102
22106
22113
22114
22119
22122
22128
22129
22134
22137
22146
22155
22166
22168
22169
22170
22172
22175
22178
22185
22214
22225
22228
22229
22230
22232
22235
22236
22237
22254
22255
22256
22261
22263
22269
22288
22290
22299
22306
22309
22310
22311
22317
22323
22325
22326
22331
22334
22341
22348
22358
22359
22366
22369
22370
22373
22379
22380
22393
22396
22400
22413
22417
22419
22421
22425
22429
22438
22439
22443
22445
22446
22447
22455
22456
22460
22471
22485
22490
22504
22505
22508
22511
22518
22527
22532
22538
22540
22546
22549
22557
22561
22563
22565
22569
22572
22574
22576
22585
22590
22592
22594
22595
22600
22601
22606
22609
22610
22611
22612
22620
22622
22631
22641
22648
22652
22653
22655
22659
22660
22661
22669
22671
22675
22680
22681
22687
22697
22698
22702
22703
22704
22705
22707
22712
22717
22730
22739
22740
22751
22753
22754
22770
22771
22773
22779
22784
22789
22801
22809
22812
22814
22820
22822
22825
22829
22833
22838
22842
22843
22844
22848
22859
22860
22861
22865
22867
22871
22873
22881
22891
22896
22898
22907
22912
22914
22918
22920
22925
22934
22943
22945
22946
22949
22958
22963
22967
22973
22975
22977
22978
22980
22982
22983
22994
22995
22996
23001
23009
23010
23011
23014
23015
23017
23018
23020
23022
23025
23030
23035
23038
23041
23042
23050
23053
23059
23062
23063
23068
23070
23071
23074
23075
23076
23080
23081
23084
23087
23092
23096
23097
23100
23106
23111
23112
23115
23116
23119
23121
23123
23127
23131
23134
23136
23138
23139
23142
23143
23144
23154
23156
23169
23171
23173
23180
23182
23183
23184
23188
23190
23194
23196
23197
23198
23200
23203
23204
23211
23212
23217
23222
23223
23230
23238
23240
23242
23244
23248
23252
23255
23256
23257
23261
23265
23268
23272
23275
23276
23279
23280
23283
23287
23289
23292
23295
23299
23302
23303
23307
23311
23315
23326
23333
23336
23342
23352
23353
23354
23358
23361
23363
23366
23369
23371
23374
23375
23381
23385
23386
23387
23388
23401
23402
23409
23411
23413
23414
23417
23430
23431
23432
23434
23436
23437
23443
23444
23447
23451
23458
23461
23465
23466
23468
23469
23477
23479
23481
23483
23484
23486
23487
23495
23499
23502
23504
23505
23511
23514
23515
23516
23517
23518
23521
23525
23527
23531
23534
23535
23536
23539
23540
23542
23545
23546
23547
23548
23550
23552
23556
23557
23558
23559
23563
23566
23569
23570
23572
23573
23575
23580
23582
23584
23588
23590
23592
23593
23595
23596
23597
23602
23603
23604
23609
23611
23615
23616
23618
23620
23627
23628
23630
23632
23633
23637
23643
23644
23646
23650
23651
23652
23654
23655
23658
23659
23660
23662
23664
23665
23668
23669
23672
23675
23677
23678
23679
23681
23685
23687
23691
23694
23696
23702
23703
23704
23706
23711
23712
23715
23718
23722
23724
23727
23736
23737
23738
23742
23747
23748
23749
23750
23751
23756
23759
23760
23761
23763
23764
23766
23770
23771
23772
23773
23777
23783
23784
23785
23786
23789
23791
23796
23799
23802
23806
23807
23811
23815
23818
23819
23823
23824
23825
23826
23834
23836
23837
23838
23842
23847
23849
23854
23856
23857
23859
23861
23863
23864
23870
23871
23875
23877
23878
23883
23889
23890
23891
23895
23896
23899
23900
23901
23902
23903
23904
23905
23906
23910
23912
23913
23917
23918
23919
23922
23923
23924
23927
23928
23930
23931
23935
23940
23942
23945
23949
23951
23952
23953
23954
23955
23959
23963
23965
23969
23970
23972
23975
23976
23977
23978
23979
23980
23983
23985
23987
23988
23989
23996
23997
24000
24009
24013
24022
24030
24034
24050
24051
24061
24062
24067
24079
24085
24087
24089
24091
24096
24101
24105
24107
24108
24125
24132
24134
24138
24139
24144
24156
24157
24158
24165
24169
24171
24183
24189
24190
24196
24198
24199
24204
24205
24208
24210
24213
24227
24237
24240
24246
24266
24272
24275
24282
24283
24292
24298
24305
24326
24348
24349
24368
24375
24379
24380
24387
24411
24416
24418
24420
24423
24424
24426
24427
24430
24432
24436
24437
24452
24455
24456
24467
24468
24470
24475
24478
24480
24500
24512
24515
24530
24531
24539
24543
24545
24547
24550
24555
24560
24564
24575
24585
24586
24593
24600
24605
24606
24611
24613
24621
24626
24627
24639
24647
24648
24656
24665
24672
24674
24678
24684
24693
24698
24699
24700
24703
24709
24711
24712
24713
24718
24720
24721
24724
24740
24750
24751
24755
24763
24767
24773
24784
24786
24815
24822
24823
24829
24831
24834
24835
24836
24838
24840
24866
24868
24869
24871
24872
24878
24880
24882
24903
24908
24909
24911
24920
24928
24936
24937
24944
24947
24948
24953
24956
24960
24965
24976
24980
24982
24999
25000
25021
25042
25061
25069
25081
25089
25096
25100
25101
25103
25106
25117
25124
25129
25131
25143
25149
25153
25155
25157
25161
25164
25170
25184
25199
25206
25208
25216
25217
25222
25223
25224
25225
25227
25236
25238
25249
25251
25263
25276
25289
25294
25300
25304
25307
25315
25316
25318
25323
25326
25331
25336
25345
25346
25350
25352
25364
25370
25377
25380
25382
25383
25385
25390
25396
25397
25403
25405
25414
25419
25426
25434
25439
25441
25446
25449
25451
25462
25470
25475
25481
25490
25499
25512
25513
25514
25522
25534
25538
25540
25543
25547
25558
25559
25563
25569
25570
25571
25578
25596
25602
25603
25609
25621
25635
25637
25649
25659
25664
25669
25670
25676
25680
25684
25697
25702
25707
25708
25709
25711
25713
25714
25723
25744
25753
25769
25770
25771
25774
25780
25783
25784
25789
25792
25795
25802
25806
25810
25811
25815
25824
25828
25831
25837
25838
25843
25845
25846
25850
25866
25869
25882
25889
25904
25909
25914
25955
25957
25961
25962
25965
25977
25988
25993
26000
26001
26004
26008
26009
26010
26013
26015
26016
26017
26018
26020
26022
26024
26025
26026
26027
26031
26033
26034
26035
26037
26039
26040
26041
26046
26050
26051
26052
26054
26055
26056
26057
26058
26059
26064
26065
26068
26069
26070
26071
26075
26078
26081
26083
26086
26088
26089
26091
26093
26095
26096
26099
26100
26102
26109
26111
26113
26120
26121
26125
26127
26128
26129
26131
26134
26135
26136
26138
26141
26142
26145
26147
26148
26150
26151
26153
26155
26156
26157
26158
26159
26160
26163
26166
26168
26172
26173
26174
26177
26179
26181
26182
26183
26185
26186
26188
26192
26193
26194
26196
26201
26202
26203
26205
26206
26207
26209
26210
26211
26212
26213
26214
26215
26219
26225
26227
26231
26232
26234
26237
26238
26239
26242
26245
26246
26247
26251
26252
26253
26254
26256
26257
26264
26267
26269
26271
26274
26276
26277
26279
26281
26285
26287
26288
26292
26293
26294
26295
26297
26298
26300
26301
26302
26304
26306
26308
26309
26310
26313
26314
26315
26317
26319
26320
26322
26324
26330
26336
26338
26343
26344
26346
26347
26350
26351
26352
26354
26355
26356
26359
26360
26361
26362
26367
26374
26376
26378
26381
26382
26384
26385
26386
26387
26388
26390
26391
26393
26397
26398
26400
26401
26403
26404
26405
26406
26407
26408
26410
26413
26414
26416
26418
26420
26421
26424
26426
26427
26430
26435
26438
26439
26442
26443
26445
26450
26451
26453
26454
26456
26457
26459
26460
26463
26464
26466
26468
26470
26471
26472
26474
26476
26479
26480
26482
26484
26486
26492
26494
26495
26496
26497
26499
26501
26502
26508
26513
26514
26520
26530
26534
26542
26547
26550
26555
26557
26561
26562
26569
26574
26585
26588
26591
26599
26601
26605
26606
26609
26611
26626
26634
26640
26645
26655
26662
26664
26668
26688
26692
26707
26732
26733
26737
26745
26750
26762
26764
26768
26770
26772
26778
26781
26784
26789
26807
26810
26825
26827
26842
26844
26847
26849
26870
26875
26878
26884
26886
26887
26889
26890
26891
26894
26896
26912
26918
26934
26940
26941
26942
26944
26961
26962
26966
26969
26978
26982
26997
26999
27002
27004
27011
27012
27017
27021
27022
27035
27041
27043
27044
27047
27052
27062
27066
27073
27078
27079
27086
27087
27090
27092
27095
27106
27112
27116
27122
27131
27136
27148
27151
27152
27153
27160
27161
27165
27170
27171
27176
27185
27187
27192
27193
27201
27206
27220
27221
27228
27239
27242
27243
27249
27250
27255
27259
27273
27276
27278
27300
27303
27307
27317
27331
27348
27349
27353
27354
27365
27370
27378
27382
27390
27394
27405
27417
27418
27422
27427
27433
27434
27437
27442
27446
27450
27459
27467
27473
27476
27478
27479
27482
27483
27484
27492
27503
27504
27516
27526
27527
27537
27542
27576
27580
27588
27593
27596
27597
27599
27604
27618
27628
27633
27639
27642
27647
27648
27649
27653
27660
27667
27671
27678
27684
27689
27690
27694
27708
27711
27730
27736
27739
27754
27755
27764
27765
27770
27783
27788
27796
27797
27806
27811
27822
27828
27833
27834
27836
27837
27840
27842
27844
27848
27849
27855
27859
27865
27870
27878
27892
27895
27897
27898
27909
27911
27916
27921
27922
27936
27937
27943
27956
27962
27967
27969
27984
28000
28020
28028
28032
28035
28054
28058
28059
28068
28070
28083
28084
28105
28112
28125
28126
28151
28168
28173
28177
28211
28213
28215
28219
28231
28233
28281
28291
28317
28324
28336
28338
28343
28376
28377
28393
28398
28405
28409
28421
28427
28429
28430
28449
28456
28465
28470
28475
28481
28488
28490
28491
28508
28515
28521
28522
28526
28528
28530
28543
28548
28553
28556
28560
28563
28565
28570
28571
28582
28584
28590
28592
28600
28616
28619
28620
28625
28628
28629
28634
28635
28637
28642
28646
28647
28652
28656
28658
28662
28667
28671
28673
28681
28686
28689
28691
28693
28695
28701
28711
28718
28723
28737
28742
28743
28752
28765
28767
28768
28770
28773
28776
28777
28778
28780
28783
28785
28786
28797
28805
28811
28812
28815
28818
28820
28821
28825
28826
28827
28832
28833
28835
28849
28853
28858
28859
28870
28878
28881
28908
28912
28919
28920
28922
28923
28928
28930
28933
28935
28940
28943
28944
28945
28947
28955
28962
28963
28969
28978
28980
28989
28999
29003
29005
29026
29066
29076
29103
29104
29105
29125
29127
29131
29143
29147
29151
29161
29162
29173
29181
29194
29208
29210
29211
29214
29216
29226
29227
29228
29241
29266
29274
29283
29302
29322
29331
29338
29340
29352
29354
29355
29358
29359
29362
29377
29384
29408
29410
29412
29416
29417
29425
29427
29428
29429
29432
29437
29440
29442
29456
29472
29474
29487
29489
29500
29504
29505
29507
29508
29510
29514
29516
29517
29520
29525
29529
29535
29537
29538
29539
29545
29552
29555
29557
29561
29562
29563
29567
29568
29572
29576
29580
29583
29584
29586
29587
29589
29591
29594
29597
29599
29600
29604
29617
29619
29620
29623
29625
29631
29636
29638
29643
29644
29649
29650
29655
29657
29658
29659
29661
29663
29669
29671
29672
29676
29679
29681
29684
29685
29686
29689
29691
29696
29697
29702
29706
29707
29713
29714
29715
29716
29717
29719
29721
29724
29725
29734
29735
29740
29742
29749
29752
29754
29761
29766
29768
29774
29780
29781
29783
29784
29785
29786
29787
29793
29794
29802
29803
29806
29808
29810
29811
29815
29826
29831
29832
29833
29835
29837
29838
29840
29843
29847
29850
29852
29857
29859
29862
29863
29865
29868
29871
29872
29876
29877
29878
29886
29888
29889
29890
29892
29904
29905
29906
29911
29913
29914
29915
29929
29931
29932
29933
29934
29935
29938
29939
29945
29950
29951
29953
29954
29961
29962
29964
29965
29969
29970
29972
29974
29976
29978
29980
29981
29982
29985
29986
29987
29991
29995
29996
29997
29998
30001
30011
30013
30015
30025
30027
30028
30039
30040
30050
30062
30063
30067
30068
30070
30071
30078
30082
30085
30086
30095
30098
30110
30117
30123
30125
30128
30136
30141
30143
30145
30146
30148
30154
30159
30160
30164
30168
30171
30193
30194
30199
30200
30210
30217
30224
30240
30242
30247
30250
30253
30267
30270
30273
30279
30284
30309
30316
30318
30324
30325
30327
30328
30335
30336
30337
30340
30350
30353
30366
30377
30378
30379
30380
30384
30388
30389
30393
30394
30395
30398
30399
30402
30406
30420
30425
30426
30428
30430
30431
30432
30434
30435
30438
30443
30445
30449
30450
30452
30462
30466
30468
30469
30475
30479
30482
30484
30485
30492
30498
30500
30501
30504
30507
30516
30519
30524
30531
30533
30537
30540
30543
30554
30557
30561
30574
30579
30593
30611
30617
30621
30622
30629
30636
30638
30646
30658
30664
30666
30669
30674
30675
30676
30680
30683
30694
30697
30699
30703
30707
30709
30720
30722
30723
30724
30725
30728
30729
30730
30732
30733
30734
30736
30737
30743
30745
30748
30749
30750
30754
30762
30763
30764
30772
30777
30781
30785
30786
30792
30793
30797
30802
30808
30819
30824
30826
30828
30830
30832
30835
30841
30848
30853
30860
30865
30867
30870
30885
30895
30896
30898
30901
30910
30917
30926
30928
30932
30936
30938
30941
30942
30946
30950
30951
30952
30955
30960
30961
30972
30973
30977
30983
30984
30985
30986
30990
30991
31000
31005
31012
31015
31018
31020
31023
31024
31030
31033
31037
31042
31045
31047
31063
31067
31069
31072
31074
31075
31077
31079
31082
31083
31084
31086
31091
31092
31094
31095
31098
31102
31104
31105
31106
31108
31113
31117
31120
31122
31125
31127
31132
31138
31139
31143
31144
31147
31151
31156
31158
31160
31163
31167
31168
31174
31175
31179
31182
31183
31184
31190
31198
31203
31206
31208
31209
31218
31226
31227
31228
31231
31235
31236
31242
31247
31256
31258
31261
31262
31265
31271
31273
31278
31279
31281
31283
31284
31287
31288
31290
31298
31301
31303
31308
31310
31312
31314
31315
31319
31320
31322
31323
31328
31330
31338
31339
31342
31345
31348
31350
31353
31362
31363
31369
31370
31379
31384
31388
31391
31393
31398
31399
31403
31406
31411
31412
31415
31421
31427
31435
31437
31438
31439
31450
31459
31463
31482
31485
31491
31493
31496
31497
31511
31512
31513
31514
31520
31521
31523
31529
31535
31539
31559
31560
31561
31564
31577
31578
31581
31588
31590
31591
31600
31606
31613
31614
31626
31631
31634
31639
31641
31662
31669
31673
31675
31680
31681
31683
31686
31688
31695
31698
31700
31704
31710
31713
31728
31730
31748
31756
31759
31761
31765
31771
31772
31778
31784
31787
31798
31808
31820
31821
31840
31842
31847
31848
31849
31858
31861
31871
31876
31883
31892
31905
31907
31928
31953
31961
31969
31970
31975
31984
31995
32010
32012
32020
32021
32023
32025
32032
32047
32081
32084
32088
32089
32093
32096
32097
32100
32108
32115
32122
32137
32141
32166
32169
32172
32181
32182
32187
32191
32204
32208
32216
32226
32238
32251
32252
32256
32262
32275
32283
32291
32319
32331
32332
32349
32363
32365
32376
32382
32388
32395
32415
32422
32430
32442
32454
32468
32484
32487
32499
32507
32524
32525
32534
32540
32554
32557
32592
32600
32601
32632
32636
32638
32642
32653
32680
32699
32700
32703
32711
32715
32719
32720
32725
32730
32731
32740
32743
32744
32745
32746
32759
32768
32778
32779
32805
32815
32816
32817
32822
32833
32853
32857
32859
32901
32905
32910
32921
32934
32939
32950
32960
32961
32968
32972
32974
32979
32982
32983
33024
33033
33050
33052
33053
33074
33084
33091
33122
33146
33156
33173
33186
33190
33199
33217
33224
33254
33257
33258
33263
33277
33311
33331
33336
33383
33387
33388
33390
33435
33437
33439
33459
33462
33463
33478
33486
33504
33510
33513
33522
33525
33527
33534
33542
33549
33551
33556
33560
33566
33571
33572
33573
33575
33578
33580
33582
33587
33592
33595
33599
33603
33605
33608
33610
33617
33618
33621
33627
33633
33637
33639
33640
33649
33650
33652
33655
33657
33658
33666
33667
33673
33681
33687
33688
33691
33701
33703
33704
33705
33715
33717
33720
33721
33727
33728
33730
33733
33735
33743
33744
33745
33746
33749
33751
33754
33766
33767
33775
33779
33781
33783
33798
33800
33801
33802
33803
33818
33823
33828
33829
33832
33835
33836
33837
33838
33839
33840
33845
33854
33873
33882
33885
33886
33894
33895
33899
33901
33904
33909
33916
33917
33923
33925
33937
33940
33942
33953
33956
33957
33962
33979
33986
33989
33993
34000
34008
34012
34013
34019
34021
34032
34041
34049
34073
34082
34085
34103
34113
34125
34136
34142
34143
34144
34151
34163
34165
34167
34168
34172
34186
34197
34203
34208
34215
34220
34225
34232
34253
34279
34314
34319
34332
34342
34349
34356
34366
34369
34380
34390
34398
34420
34423
34428
34431
34432
34433
34435
34438
34455
34467
34486
34487
34504
34508
34516
34522
34530
34539
34544
34548
34557
34564
34572
34580
34593
34594
34600
34609
34614
34615
34624
34654
34666
34671
34674
34680
34681
34716
34720
34724
34727
34733
34743
34748
34749
34760
34761
34764
34769
34775
34780
34784
34787
34799
34807
34828
34838
34850
34853
34858
34895
34900
34902
34907
34908
34914
34942
34943
34946
34950
34952
34954
34960
34964
34968
34971
34976
34981
34991
34993
34997
35000
35012
35013
35014
35016
35017
35020
35024
35026
35030
35034
35035
35037
35038
35045
35047
35049
35050
35053
35057
35058
35061
35063
35064
35065
35072
35075
35077
35079
35095
35097
35100
35102
35105
35106
35109
35111
35118
35121
35123
35125
35126
35127
35133
35138
35140
35150
35152
35155
35157
35159
35160
35162
35165
35170
35176
35178
35193
35198
35204
35213
35215
35216
35217
35219
35221
35223
35228
35230
35231
35234
35235
35236
35238
35239
35245
35263
35264
35265
35266
35267
35269
35270
35272
35273
35274
35275
35282
35287
35294
35303
35304
35308
35314
35319
35328
35331
35333
35334
35335
35336
35339
35340
35342
35343
35344
35349
35350
35351
35352
35356
35358
35361
35364
35365
35367
35370
35374
35375
35378
35383
35384
35386
35399
35409
35410
35413
35416
35421
35423
35424
35428
35436
35440
35445
35454
35457
35460
35463
35464
35465
35466
35469
35473
35477
35480
35483
35484
35485
35491
35495
35502
35504
35505
35506
35508
35511
35516
35518
35520
35521
35522
35524
35526
35531
35533
35538
35540
35541
35544
35545
35558
35559
35565
35567
35569
35570
35576
35577
35580
35582
35589
35591
35592
35595
35599
35603
35607
35608
35612
35613
35614
35616
35620
35626
35641
35644
35646
35648
35657
35659
35660
35664
35671
35672
35674
35676
35677
35682
35684
35689
35693
35695
35700
35705
35709
35710
35712
35719
35720
35728
35730
35733
35735
35736
35738
35742
35744
35747
35752
35754
35759
35761
35765
35767
35770
35776
35780
35790
35792
35798
35802
35806
35811
35815
35817
35826
35829
35834
35836
35838
35839
35840
35841
35845
35851
35854
35856
35860
35864
35865
35867
35868
35870
35871
35872
35873
35875
35876
35877
35879
35880
35884
35885
35890
35892
35895
35896
35903
35909
35911
35912
35913
35920
35924
35928
35932
35935
35937
35938
35939
35947
35949
35953
35960
35961
35965
35969
35970
35972
35976
35982
35984
35987
35990
35992
35994
35996
35998
35999
36004
36008
36012
36013
36018
36024
36029
36049
36055
36061
36063
36065
36066
36067
36070
36071
36072
36075
36078
36091
36093
36097
36106
36114
36122
36124
36129
36130
36131
36136
36146
36147
36152
36158
36159
36161
36165
36167
36176
36186
36187
36192
36197
36202
36203
36217
36219
36229
36232
36242
36245
36272
36275
36277
36286
36296
36300
36302
36307
36308
36309
36312
36318
36325
36326
36331
36334
36360
36361
36362
36372
36381
36385
36387
36390
36392
36394
36401
36404
36406
36412
36416
36419
36423
36431
36432
36439
36440
36445
36447
36448
36449
36452
36455
36462
36477
36478
36485
36486
36491
36492
36493
36496
36498
36504
36507
36510
36514
36517
36518
36520
36526
36528
36531
36534
36535
36546
36547
36551
36555
36558
36560
36563
36568
36569
36571
36573
36579
36582
36584
36586
36589
36595
36596
36597
36598
36602
36604
36608
36609
36611
36615
36616
36617
36620
36622
36624
36628
36633
36634
36636
36637
36638
36646
36654
36656
36662
36664
36665
36673
36674
36690
36692
36695
36696
36697
36698
36699
36701
36703
36710
36711
36713
36715
36722
36728
36729
36730
36733
36734
36736
36739
36745
36749
36750
36752
36757
36759
36765
36769
36776
36777
36781
36783
36785
36788
36789
36791
36796
36800
36802
36803
36808
36809
36812
36815
36819
36820
36824
36825
36827
36830
36834
36837
36839
36843
36845
36846
36848
36849
36850
36856
36857
36860
36864
36867
36873
36877
36879
36880
36883
36886
36891
36892
36893
36897
36898
36901
36905
36907
36908
36913
36914
36915
36916
36920
36924
36927
36928
36931
36936
36937
36938
36942
36945
36946
36947
36948
36950
36951
36952
36956
36960
36963
36966
36967
36972
36974
36978
36979
36980
36990
36991
36993
36994
36996
36997
36999
37007
37008
37015
37018
37021
37023
37030
37031
37032
37033
37044
37045
37054
37056
37061
37062
37063
37065
37068
37073
37074
37081
37082
37096
37098
37100
37103
37110
37112
37113
37117
37129
37131
37134
37136
37140
37146
37147
37153
37155
37156
37157
37159
37160
37165
37175
37177
37180
37185
37188
37195
37198
37199
37206
37207
37222
37235
37236
37244
37250
37255
37256
37258
37260
37261
37271
37275
37277
37278
37288
37300
37305
37317
37319
37325
37330
37333
37336
37338
37339
37351
37366
37371
37372
37374
37378
37380
37381
37388
37389
37391
37394
37395
37400
37402
37415
37416
37417
37420
37430
37433
37436
37437
37438
37441
37442
37446
37450
37457
37467
37468
37472
37487
37488
37489
37502
37513
37517
37519
37532
37534
37550
37554
37561
37642
37644
37652
37655
37662
37670
37671
37676
37712
37726
37736
37751
37756
37759
37767
37778
37784
37785
37787
37792
37805
37811
37817
37829
37849
37851
37854
37861
37863
37866
37879
37888
37897
37938
37940
37948
37957
37958
37961
37962
37968
37981
37987
38004
38013
38017
38028
38034
38035
38036
38038
38040
38055
38060
38074
38079
38082
38083
38089
38090
38103
38106
38108
38109
38113
38116
38120
38127
38129
38131
38137
38139
38141
38150
38155
38163
38177
38182
38183
38195
38204
38206
38207
38214
38216
38217
38220
38224
38239
38243
38247
38250
38252
38263
38270
38277
38279
38280
38286
38302
38312
38337
38340
38347
38366
38373
38392
38418
38424
38441
38444
38445
38453
38456
38458
38467
38479
38491
38497
38501
38535
38559
38564
38586
38591
38593
38596
38601
38603
38611
38614
38615
38620
38629
38644
38659
38660
38680
38693
38697
38708
38709
38712
38715
38724
38727
38732
38742
38751
38753
38763
38777
38778
38779
38793
38797
38803
38807
38811
38812
38815
38819
38829
38831
38838
38839
38858
38862
38891
38893
38903
38906
38909
38910
38911
38918
38921
38946
38950
38988
38992
39002
39007
39011
39015
39017
39020
39023
39028
39030
39037
39044
39045
39049
39051
39053
39060
39063
39064
39067
39072
39076
39084
39085
39095
39097
39098
39102
39104
39106
39107
39111
39113
39114
39120
39121
39124
39135
39141
39149
39152
39175
39177
39180
39184
39185
39193
39198
39201
39205
39208
39210
39214
39215
39216
39217
39221
39222
39223
39226
39232
39251
39255
39262
39265
39273
39284
39300
39302
39303
39306
39308
39311
39314
39320
39322
39330
39331
39332
39336
39340
39356
39361
39363
39365
39378
39379
39415
39420
39421
39422
39429
39430
39432
39436
39446
39451
39453
39457
39460
39466
39468
39470
39473
39476
39480
39481
39482
39490
39494
39498
39506
39508
39547
39549
39550
39572
39579
39589
39591
39592
39597
39600
39605
39618
39619
39632
39633
39638
39643
39650
39651
39660
39670
39675
39687
39689
39694
39695
39697
39703
39708
39714
39718
39727
39730
39735
39736
39744
39748
39749
39752
39754
39755
39774
39779
39788
39797
39819
39827
39839
39841
39843
39848
39852
39859
39861
39864
39868
39872
39887
39898
39901
39915
39937
39956
39961
39968
39980
39983
39987
39988
39990
39992
40002
40027
40029
40032
40047
40049
40060
40067
40069
40080
40081
40086
40087
40100
40101
40122
40123
40126
40134
40141
40144
40157
40162
40163
40167
40173
40177
40178
40183
40186
40188
40189
40192
40202
40203
40205
40208
40219
40238
40242
40249
40283
40291
40303
40304
40310
40317
40328
40330
40341
40346
40348
40356
40360
40368
40383
40393
40400
40403
40409
40420
40424
40425
40430
40435
40453
40470
40486
40488
40489
40502
40503
40506
40514
40517
40518
40523
40525
40528
40533
40534
40535
40537
40542
40543
40544
40546
40551
40552
40556
40557
40561
40562
40563
40566
40567
40568
40572
40573
40576
40577
40578
40579
40580
40581
40584
40589
40591
40593
40594
40595
40596
40597
40599
40600
40602
40605
40606
40612
40614
40615
40616
40618
40620
40623
40633
40634
40640
40642
40643
40646
40647
40650
40651
40652
40653
40655
40656
40657
40658
40662
40666
40671
40675
40677
40678
40680
40683
40686
40688
40703
40704
40708
40709
40713
40715
40716
40724
40729
40731
40734
40736
40737
40738
40739
40740
40743
40745
40746
40748
40751
40756
40757
40758
40760
40765
40768
40770
40772
40774
40775
40777
40778
40783
40784
40785
40786
40788
40790
40800
40803
40804
40805
40809
40810
40811
40815
40816
40817
40819
40822
40824
40833
40839
40842
40843
40844
40848
40849
40851
40852
40854
40858
40859
40862
40863
40866
40871
40872
40879
40882
40885
40890
40892
40899
40901
40907
40909
40910
40914
40922
40923
40926
40927
40929
40932
40935
40943
40946
40948
40954
40957
40958
40959
40960
40961
40964
40966
40969
40973
40974
40976
40977
40978
40984
40986
40991
40992
40994
41006
41012
41015
41035
41087
41088
41092
41093
41104
41117
41124
41132
41133
41135
41138
41142
41154
41176
41182
41185
41206
41228
41240
41242
41251
41252
41253
41266
41273
41328
41336
41342
41348
41358
41372
41384
41399
41408
41410
41421
41434
41447
41461
41466
41468
41501
41502
41508
41515
41516
41523
41525
41529
41532
41534
41537
41538
41540
41546
41550
41551
41554
41556
41557
41560
41565
41566
41572
41573
41574
41578
41580
41581
41585
41587
41589
41591
41598
41601
41603
41621
41624
41627
41633
41637
41638
41643
41648
41651
41656
41659
41665
41669
41673
41677
41686
41691
41695
41696
41699
41702
41703
41708
41718
41719
41725
41729
41738
41741
41751
41752
41755
41758
41759
41763
41767
41768
41771
41773
41779
41790
41794
41797
41801
41805
41807
41809
41812
41816
41826
41833
41834
41840
41841
41846
41851
41854
41856
41859
41860
41862
41864
41865
41870
41873
41877
41883
41884
41886
41887
41894
41898
41899
41902
41908
41911
41915
41917
41918
41923
41925
41928
41929
41930
41934
41941
41944
41946
41947
41948
41952
41955
41956
41957
41961
41963
41967
41969
41971
41972
41974
41978
41981
41984
41985
41986
41987
41992
41994
41996
41999
42010
42011
42013
42014
42021
42023
42028
42033
42036
42047
42050
42052
42054
42062
42066
42067
42079
42091
42103
42122
42123
42135
42138
42140
42142
42154
42157
42171
42174
42175
42185
42186
42198
42210
42213
42214
42218
42221
42231
42234
42237
42242
42250
42255
42261
42272
42273
42275
42285
42289
42295
42301
42302
42311
42312
42314
42315
42316
42323
42341
42349
42351
42361
42362
42364
42365
42366
42368
42382
42389
42391
42398
42403
42404
42412
42415
42418
42427
42431
42436
42440
42443
42452
42453
42456
42469
42474
42477
42482
42485
42490
42491
42501
42513
42517
42526
42527
42530
42539
42541
42542
42545
42548
42594
42596
42610
42613
42621
42622
42630
42633
42639
42658
42673
42678
42679
42680
42682
42689
42698
42699
42703
42704
42711
42714
42715
42717
42719
42726
42728
42731
42735
42745
42759
42765
42769
42772
42783
42790
42791
42792
42801
42808
42811
42820
42829
42832
42841
42843
42849
42850
42856
42857
42861
42866
42873
42875
42887
42888
42891
42903
42906
42927
42930
42946
42968
42984
42992
42993
42994
43001
43025
43039
43050
43054
43056
43065
43079
43088
43091
43130
43144
43165
43169
43179
43181
43184
43185
43188
43201
43203
43213
43214
43223
43226
43232
43248
43253
43263
43266
43272
43279
43286
43321
43325
43333
43337
43365
43374
43381
43388
43399
43403
43411
43426
43434
43440
43462
43474
43480
43486
43495
43499
43510
43513
43515
43521
43537
43543
43548
43549
43550
43552
43553
43554
43558
43568
43573
43576
43582
43593
43600
43601
43602
43604
43613
43616
43618
43624
43631
43633
43636
43637
43644
43645
43646
43648
43649
43654
43659
43665
43677
43683
43685
43691
43692
43694
43700
43701
43709
43710
43714
43719
43721
43734
43739
43741
43746
43749
43766
43769
43773
43774
43776
43777
43802
43806
43810
43818
43827
43829
43834
43836
43839
43849
43859
43861
43862
43868
43883
43889
43893
43897
43911
43912
43913
43916
43917
43920
43924
43930
43946
43947
43955
43958
43960
43965
43969
43981
43987
43988
44006
44012
44063
44070
44077
44079
44083
44101
44112
44130
44133
44155
44164
44176
44183
44184
44186
44195
44206
44212
44215
44231
44238
44244
44250
44255
44258
44266
44270
44280
44292
44296
44312
44319
44327
44336
44337
44341
44347
44350
44352
44353
44355
44368
44369
44370
44374
44377
44394
44404
44411
44418
44420
44436
44439
44444
44450
44465
44468
44483
44484
44486
44488
44495
44502
44532
44534
44551
44552
44558
44570
44572
44576
44577
44579
44582
44590
44591
44593
44594
44603
44604
44609
44610
44612
44626
44630
44631
44634
44639
44654
44680
44682
44692
44693
44696
44701
44707
44709
44724
44725
44726
44732
44736
44737
44747
44756
44759
44763
44764
44775
44779
44782
44785
44795
44799
44802
44809
44813
44815
44819
44820
44824
44828
44831
44834
44844
44845
44849
44856
44857
44858
44872
44893
44896
44903
44909
44912
44918
44922
44925
44934
44940
44956
44957
44960
44962
44971
44972
44978
44982
44986
44987
44995
44999
45004
45005
45006
45015
45019
45031
45039
45040
45041
45042
45050
45053
45057
45059
45069
45074
45078
45080
45087
45088
45090
45091
45092
45097
45110
45112
45116
45120
45123
45129
45131
45132
45136
45140
45146
45157
45162
45163
45165
45175
45176
45178
45189
45190
45192
45194
45196
45205
45208
45223
45224
45228
45229
45235
45241
45243
45252
45253
45254
45258
45259
45262
45263
45266
45267
45270
45273
45283
45284
45288
45292
45293
45295
45302
45305
45313
45314
45316
45320
45322
45323
45333
45349
45359
45362
45375
45378
45379
45381
45384
45392
45405
45406
45414
45416
45419
45422
45425
45427
45450
45453
45455
45459
45463
45465
45470
45480
45483
45490
45494
45499
45501
45534
45539
45554
45556
45560
45562
45591
45594
45616
45617
45628
45639
45641
45651
45663
45664
45665
45669
45672
45680
45683
45695
45700
45714
45725
45729
45757
45759
45769
45774
45799
45800
45830
45831
45861
45878
45882
45890
45891
45894
45900
45903
45904
45909
45912
45914
45932
45944
45946
45956
45957
45960
45982
45983
46007
46008
46009
46010
46012
46015
46019
46020
46023
46025
46026
46027
46028
46034
46037
46038
46040
46048
46049
46051
46052
46053
46054
46057
46059
46062
46071
46073
46075
46076
46081
46087
46092
46098
46105
46106
46108
46118
46119
46121
46122
46123
46124
46125
46127
46133
46134
46137
46143
46144
46145
46148
46153
46154
46155
46166
46171
46172
46174
46179
46185
46189
46190
46191
46193
46194
46199
46200
46201
46205
46207
46208
46209
46216
46221
46223
46224
46226
46227
46232
46233
46234
46236
46238
46240
46241
46245
46247
46253
46254
46257
46261
46269
46285
46286
46296
46297
46299
46300
46311
46325
46326
46331
46338
46339
46343
46347
46359
46362
46363
46364
46373
46377
46378
46381
46382
46386
46390
46392
46395
46396
46397
46398
46401
46413
46418
46420
46421
46431
46433
46436
46437
46439
46443
46444
46450
46452
46453
46454
46455
46456
46457
46458
46459
46461
46466
46468
46470
46480
46481
46486
46489
46493
46498
46510
46514
46528
46532
46540
46544
46551
46552
46577
46581
46582
46583
46588
46593
46601
46614
46627
46634
46649
46654
46657
46662
46669
46674
46704
46706
46713
46715
46746
46747
46748
46750
46765
46779
46780
46786
46790
46793
46795
46798
46821
46822
46842
46845
46847
46869
46872
46874
46902
46909
46922
46932
46946
46947
46954
46962
46974
46976
46980
46983
47014
47023
47029
47042
47051
47056
47069
47073
47081
47089
47096
47097
47099
47101
47105
47106
47112
47119
47121
47129
47160
47162
47166
47174
47178
47183
47187
47190
47191
47199
47202
47219
47228
47236
47237
47266
47270
47273
47282
47286
47295
47310
47311
47325
47326
47330
47331
47340
47345
47349
47351
47355
47364
47371
47375
47381
47384
47397
47407
47408
47423
47437
47441
47443
47444
47451
47453
47458
47473
47482
47501
47503
47506
47507
47516
47520
47521
47522
47525
47527
47532
47535
47536
47540
47549
47561
47562
47568
47569
47573
47577
47585
47587
47591
47596
47597
47599
47601
47602
47608
47610
47611
47612
47614
47620
47623
47625
47631
47633
47635
47638
47639
47646
47650
47651
47662
47664
47665
47667
47671
47672
47673
47674
47677
47678
47679
47682
47687
47689
47690
47691
47692
47693
47695
47700
47701
47707
47710
47711
47722
47724
47725
47727
47730
47735
47740
47746
47751
47754
47757
47764
47767
47770
47774
47775
47776
47783
47784
47786
47788
47789
47791
47801
47807
47809
47811
47818
47819
47825
47831
47835
47836
47842
47843
47846
47847
47854
47855
47856
47858
47859
47862
47865
47871
47872
47876
47877
47880
47884
47886
47890
47891
47902
47906
47907
47909
47914
47918
47922
47926
47929
47934
47940
47946
47952
47957
47958
47965
47970
47972
47977
47980
47981
47993
47994
47995
47996
48001
48002
48003
48006
48007
48012
48013
48014
48015
48016
48017
48018
48020
48024
48028
48030
48031
48033
48036
48050
48051
48052
48057
48058
48062
48064
48067
48068
48071
48075
48076
48077
48078
48083
48085
48087
48088
48089
48091
48093
48099
48100
48101
48114
48117
48119
48121
48123
48126
48128
48137
48139
48140
48141
48142
48145
48146
48150
48151
48152
48154
48158
48159
48160
48162
48166
48168
48171
48172
48173
48176
48182
48184
48188
48193
48194
48195
48196
48198
48199
48201
48204
48206
48207
48208
48209
48211
48212
48215
48217
48218
48219
48229
48231
48234
48235
48238
48240
48242
48244
48245
48246
48250
48251
48260
48264
48266
48268
48269
48272
48281
48284
48291
48292
48293
48295
48296
48299
48303
48305
48306
48307
48309
48311
48312
48313
48314
48315
48318
48319
48321
48323
48330
48332
48334
48336
48337
48339
48340
48343
48344
48345
48350
48353
48354
48355
48357
48358
48359
48360
48362
48363
48366
48369
48370
48371
48372
48378
48379
48381
48384
48394
48396
48397
48398
48400
48405
48406
48407
48408
48412
48415
48416
48419
48421
48427
48430
48442
48445
48450
48452
48457
48459
48460
48462
48464
48466
48467
48469
48472
48473
48474
48475
48476
48478
48480
48485
48486
48489
48490
48493
48494
48496
48498
48499
48509
48516
48521
48528
48536
48543
48551
48559
48561
48569
48570
48576
48586
48592
48594
48604
48610
48624
48629
48655
48658
48660
48661
48662
48664
48672
48679
48684
48686
48688
48699
48707
48718
48720
48731
48754
48756
48758
48786
48790
48800
48803
48809
48812
48828
48831
48832
48836
48841
48855
48857
48860
48863
48870
48883
48890
48896
48897
48899
48907
48915
48918
48923
48925
48932
48939
48943
48947
48960
48967
48977
48999
49000
49001
49003
49004
49007
49010
49012
49013
49014
49015
49016
49018
49019
49021
49024
49025
49026
49028
49033
49034
49035
49037
49039
49040
49041
49043
49046
49048
49051
49053
49054
49055
49058
49062
49071
49073
49079
49081
49083
49085
49086
49087
49088
49098
49099
49101
49104
49105
49106
49108
49109
49110
49111
49112
49114
49116
49119
49123
49125
49127
49128
49129
49131
49132
49134
49135
49136
49137
49138
49141
49147
49149
49151
49154
49157
49160
49163
49165
49167
49172
49175
49177
49179
49180
49181
49182
49186
49189
49190
49192
49194
49195
49199
49200
49201
49202
49203
49206
49208
49214
49217
49220
49221
49222
49224
49225
49228
49230
49233
49235
49246
49248
49250
49251
49252
49254
49259
49261
49263
49264
49265
49266
49267
49269
49271
49274
49275
49279
49280
49282
49283
49285
49287
49290
49291
49293
49297
49300
49301
49302
49304
49305
49306
49309
49311
49314
49317
49321
49323
49325
49326
49329
49332
49333
49334
49335
49338
49340
49345
49352
49353
49355
49357
49364
49365
49370
49371
49372
49373
49375
49376
49378
49380
49381
49383
49384
49385
49387
49389
49391
49393
49394
49395
49397
49403
49405
49406
49407
49408
49410
49412
49415
49417
49418
49419
49421
49425
49431
49433
49435
49439
49440
49441
49444
49445
49446
49456
49459
49464
49465
49466
49467
49469
49473
49474
49475
49478
49479
49481
49482
49483
49486
49487
49488
49492
49493
49494
49496
49497
49500
49502
49509
49512
49518
49519
49525
49527
49532
49534
49535
49541
49542
49550
49551
49553
49560
49561
49562
49580
49582
49588
49589
49594
49597
49598
49599
49617
49620
49621
49623
49624
49629
49633
49635
49642
49644
49660
49670
49671
49675
49676
49680
49702
49705
49718
49721
49725
49736
49739
49753
49761
49768
49771
49781
49787
49788
49800
49802
49806
49811
49822
49827
49830
49831
49845
49856
49857
49859
49862
49870
49884
49885
49888
49902
49908
49912
49915
49916
49923
49931
49943
49951
49954
49959
49969
49977
49985
49987
49993
49994
49996
49997
49999
