1
4
19
21
25
57
123
129
183
201
210
220
238
245
262
272
280
322
323
325
344
354
355
358
374
384
395
403
404
407
425
458
467
510
516
519
528
531
543
550
551
555
564
566
568
575
581
586
596
599
600
601
610
611
613
617
627
634
638
644
646
649
650
651
654
655
660
662
663
664
666
667
677
686
694
697
700
710
721
730
731
734
740
744
745
748
756
759
788
793
797
802
804
809
810
815
817
818
819
820
823
841
842
844
854
857
859
868
876
886
894
896
903
912
916
922
934
938
939
944
955
961
962
966
999
1004
1006
1019
1020
1022
1023
1026
1028
1043
1052
1054
1063
1075
1097
1115
1130
1135
1141
1160
1166
1174
1190
1191
1192
1212
1224
1226
1228
1235
1237
1258
1262
1280
1299
1308
1318
1323
1348
1349
1350
1369
1375
1398
1403
1405
1412
1418
1419
1420
1422
1427
1430
1437
1442
1447
1454
1456
1460
1471
1472
1480
1482
1485
1499
1505
1507
1514
1518
1519
1522
1529
1534
1542
1544
1558
1563
1583
1585
1591
1595
1596
1599
1601
1603
1624
1627
1630
1632
1634
1650
1659
1662
1669
1677
1689
1690
1692
1696
1700
1702
1703
1706
1708
1709
1715
1716
1723
1729
1789
1790
1796
1802
1804
1811
1824
1847
1856
1860
1864
1874
1876
1882
1883
1900
1904
1913
1914
1916
1925
1929
1936
1958
1967
1978
2000
2002
2008
2017
2027
2061
2064
2065
2067
2075
2080
2089
2097
2104
2110
2111
2123
2127
2134
2139
2142
2151
2156
2163
2174
2179
2199
2200
2203
2209
2224
2233
2234
2242
2244
2251
2257
2280
2283
2286
2287
2299
2307
2325
2332
2340
2341
2345
2357
2366
2370
2381
2395
2398
2409
2430
2432
2440
2447
2450
2456
2468
2482
2484
2489
2493
2498
2508
2534
2536
2537
2542
2545
2548
2569
2575
2577
2579
2582
2591
2593
2594
2596
2599
2600
2604
2608
2612
2615
2616
2628
2642
2644
2646
2648
2649
2657
2665
2676
2679
2684
2687
2690
2692
2694
2696
2698
2700
2701
2702
2704
2705
2706
2707
2710
2715
2719
2728
2756
2760
2761
2762
2768
2770
2776
2782
2787
2791
2792
2800
2801
2803
2804
2807
2818
2819
2823
2825
2831
2835
2838
2842
2843
2848
2856
2858
2859
2868
2870
2876
2885
2888
2900
2901
2904
2908
2911
2915
2917
2921
2935
2936
2942
2944
2945
2947
2951
2952
2961
2964
2966
2973
2976
2981
2985
2994
3000
3005
3008
3015
3017
3019
3022
3027
3031
3033
3035
3036
3038
3041
3044
3045
3053
3054
3059
3065
3066
3075
3077
3078
3081
3083
3085
3086
3089
3090
3095
3097
3098
3103
3105
3114
3122
3123
3129
3130
3131
3133
3140
3141
3142
3145
3146
3147
3149
3158
3159
3161
3162
3170
3171
3178
3179
3181
3186
3188
3191
3196
3202
3206
3210
3215
3216
3220
3224
3225
3230
3233
3235
3244
3247
3249
3250
3256
3257
3259
3261
3262
3264
3266
3269
3270
3271
3277
3280
3282
3291
3300
3301
3306
3308
3309
3311
3312
3318
3321
3323
3330
3342
3343
3346
3350
3351
3355
3356
3357
3361
3364
3365
3366
3369
3372
3377
3382
3386
3388
3389
3393
3397
3399
3407
3411
3414
3417
3419
3430
3432
3435
3438
3446
3458
3461
3467
3469
3470
3475
3480
3481
3482
3484
3485
3489
3495
3500
3508
3509
3514
3517
3523
3525
3528
3536
3540
3557
3565
3571
3587
3589
3591
3614
3615
3622
3625
3629
3632
3638
3639
3644
3645
3650
3653
3654
3655
3661
3662
3663
3664
3665
3668
3671
3677
3686
3687
3688
3693
3699
3704
3705
3714
3716
3723
3726
3732
3737
3744
3749
3752
3753
3758
3762
3769
3773
3777
3779
3783
3788
3793
3799
3800
3801
3809
3824
3836
3839
3849
3854
3860
3864
3867
3870
3872
3877
3881
3897
3903
3905
3909
3917
3922
3934
3943
3944
3949
3956
3960
3993
3998
4002
4005
4006
4013
4016
4021
4022
4023
4027
4029
4031
4032
4038
4043
4048
4049
4055
4056
4059
4061
4062
4072
4075
4084
4095
4102
4104
4118
4125
4131
4135
4136
4140
4141
4143
4144
4149
4150
4153
4154
4156
4157
4166
4170
4174
4175
4181
4186
4190
4191
4198
4200
4203
4204
4206
4213
4220
4221
4222
4223
4226
4228
4231
4239
4243
4244
4245
4251
4252
4254
4257
4258
4263
4266
4272
4274
4277
4289
4292
4293
4294
4296
4303
4307
4318
4324
4325
4331
4332
4339
4340
4341
4343
4344
4352
4354
4355
4358
4362
4365
4370
4372
4381
4383
4389
4391
4394
4398
4406
4407
4409
4411
4414
4418
4427
4428
4431
4439
4441
4445
4447
4450
4459
4461
4463
4464
4465
4466
4471
4473
4477
4482
4485
4489
4491
4492
4496
4499
4508
4512
4519
4521
4524
4525
4527
4534
4535
4536
4538
4540
4542
4544
4546
4551
4552
4555
4556
4564
4567
4570
4575
4576
4580
4583
4585
4589
4591
4593
4594
4598
4600
4605
4607
4610
4611
4612
4623
4626
4628
4631
4635
4639
4656
4660
4663
4665
4672
4691
4694
4696
4697
4706
4707
4708
4710
4714
4718
4723
4729
4730
4734
4738
4743
4745
4749
4758
4771
4782
4786
4787
4790
4791
4797
4802
4803
4805
4813
4816
4818
4819
4823
4827
4837
4849
4850
4856
4857
4860
4864
4865
4868
4874
4880
4882
4885
4888
4890
4893
4894
4897
4898
4900
4904
4916
4917
4918
4919
4927
4929
4930
4935
4940
4942
4946
4947
4968
4970
4971
4973
4982
4989
4990
4995
4996
4997
5005
5008
5009
5013
5015
5018
5022
5025
5034
5038
5040
5042
5046
5055
5056
5059
5064
5074
5075
5076
5082
5084
5096
5104
5107
5111
5113
5129
5137
5140
5149
5150
5151
5153
5155
5175
5178
5180
5183
5204
5207
5211
5218
5220
5223
5229
5231
5238
5243
5247
5253
5255
5261
5264
5266
5268
5269
5270
5271
5278
5280
5297
5298
5307
5309
5310
5311
5312
5313
5316
5327
5334
5337
5345
5355
5360
5362
5364
5365
5370
5371
5374
5376
5377
5386
5388
5393
5398
5405
5414
5421
5427
5430
5432
5441
5445
5448
5449
5453
5467
5468
5471
5474
5476
5484
5495
5502
5503
5519
5523
5528
5538
5546
5564
5570
5598
5606
5616
5620
5627
5629
5637
5639
5648
5658
5663
5669
5676
5678
5685
5700
5701
5710
5714
5725
5728
5730
5735
5757
5765
5766
5781
5794
5798
5811
5816
5819
5830
5831
5851
5855
5874
5888
5897
5915
5916
5938
5940
5953
5968
5975
5977
5986
5994
6003
6006
6012
6016
6024
6027
6034
6044
6047
6049
6053
6055
6056
6058
6061
6065
6079
6081
6083
6084
6087
6088
6090
6092
6094
6095
6098
6103
6105
6110
6126
6129
6132
6133
6138
6139
6140
6142
6144
6147
6152
6158
6159
6160
6164
6174
6175
6177
6179
6186
6194
6196
6199
6203
6220
6221
6236
6243
6257
6260
6264
6271
6279
6290
6296
6298
6304
6308
6314
6319
6330
6334
6341
6346
6347
6353
6358
6361
6364
6366
6370
6371
6375
6384
6389
6398
6403
6410
6413
6417
6420
6424
6427
6428
6431
6434
6439
6440
6444
6456
6457
6461
6466
6474
6480
6484
6489
6497
6502
6519
6523
6556
6562
6571
6581
6586
6621
6628
6634
6641
6642
6644
6655
6668
6675
6684
6696
6709
6725
6739
6743
6780
6795
6802
6809
6810
6817
6821
6823
6829
6838
6847
6851
6861
6885
6887
6892
6901
6913
6938
6941
6944
6949
6966
6973
6977
6978
6980
6996
7002
7015
7021
7044
7045
7049
7055
7062
7066
7069
7071
7075
7084
7085
7091
7092
7093
7094
7096
7099
7105
7106
7115
7125
7127
7133
7141
7143
7150
7155
7163
7167
7170
7173
7183
7187
7188
7190
7194
7195
7196
7199
7207
7208
7218
7221
7230
7231
7239
7256
7264
7269
7280
7290
7298
7301
7306
7308
7309
7318
7325
7326
7327
7329
7331
7342
7347
7350
7351
7356
7358
7362
7367
7369
7371
7375
7379
7403
7404
7405
7406
7407
7408
7409
7428
7430
7438
7445
7446
7448
7449
7452
7454
7460
7467
7474
7478
7479
7483
7488
7492
7494
7500
7505
7507
7513
7514
7515
7517
7525
7528
7529
7531
7538
7540
7544
7548
7549
7551
7555
7557
7565
7575
7577
7583
7585
7587
7589
7595
7596
7598
7601
7603
7604
7605
7607
7608
7609
7613
7615
7625
7632
7641
7646
7650
7657
7659
7662
7663
7671
7672
7677
7690
7699
7703
7706
7714
7716
7725
7726
7728
7731
7732
7735
7739
7740
7746
7752
7755
7758
7760
7762
7766
7772
7776
7780
7789
7799
7800
7804
7805
7816
7818
7824
7825
7830
7832
7834
7836
7841
7844
7846
7849
7851
7864
7869
7875
7877
7886
7888
7890
7911
7919
7920
7921
7923
7926
7930
7933
7934
7938
7939
7941
7945
7946
7955
7958
7961
7963
7965
7971
7984
7985
7986
7990
7992
7994
7996
8001
8005
8007
8013
8016
8018
8033
8037
8041
8048
8049
8050
8056
8060
8062
8064
8078
8080
8086
8087
8092
8101
8109
8113
8116
8121
8123
8137
8144
8149
8151
8153
8154
8156
8159
8160
8162
8167
8169
8173
8174
8175
8182
8183
8186
8191
8192
8196
8207
8212
8217
8223
8226
8229
8231
8237
8243
8244
8246
8250
8252
8261
8263
8269
8271
8279
8284
8285
8292
8296
8301
8302
8324
8330
8333
8335
8337
8338
8347
8360
8364
8374
8388
8392
8394
8395
8396
8398
8399
8405
8409
8410
8413
8415
8417
8420
8423
8432
8433
8436
8449
8450
8461
8463
8469
8474
8479
8490
8494
8496
8503
8504
8518
8521
8524
8527
8531
8532
8535
8536
8547
8558
8566
8571
8572
8589
8594
8596
8599
8611
8615
8625
8636
8642
8643
8644
8647
8649
8650
8652
8655
8658
8662
8663
8665
8670
8671
8672
8676
8686
8693
8705
8708
8709
8713
8717
8721
8722
8741
8743
8744
8751
8760
8762
8770
8772
8777
8782
8784
8792
8796
8797
8799
8819
8820
8839
8842
8844
8845
8852
8854
8861
8862
8869
8871
8872
8873
8876
8883
8892
8894
8899
8902
8910
8915
8916
8917
8921
8922
8929
8932
8933
8939
8941
8947
8950
8959
8960
8966
8968
8969
8980
8983
8990
8993
8994
8995
8996
8998
9003
9004
9007
9013
9016
9029
9033
9038
9044
9045
9056
9059
9061
9077
9078
9079
9080
9085
9091
9092
9094
9102
9110
9128
9129
9130
9131
9134
9135
9143
9145
9156
9159
9161
9163
9165
9174
9175
9177
9182
9185
9187
9188
9198
9200
9201
9205
9208
9209
9211
9215
9218
9219
9222
9223
9226
9234
9235
9236
9241
9252
9253
9255
9256
9260
9264
9268
9270
9272
9274
9278
9285
9286
9289
9297
9298
9305
9307
9308
9310
9313
9322
9328
9329
9332
9336
9337
9338
9343
9347
9351
9356
9357
9358
9359
9362
9363
9364
9367
9376
9384
9385
9386
9391
9393
9394
9404
9406
9409
9417
9422
9430
9432
9435
9445
9453
9454
9458
9459
9465
9468
9478
9480
9481
9484
9488
9491
9492
9493
9494
9495
9507
9514
9516
9518
9519
9523
9529
9538
9540
9542
9543
9544
9546
9552
9554
9556
9560
9565
9573
9574
9577
9583
9584
9588
9594
9595
9606
9609
9610
9621
9625
9627
9630
9636
9649
9656
9658
9659
9670
9675
9679
9680
9682
9686
9696
9703
9708
9717
9718
9719
9720
9726
9740
9750
9755
9763
9770
9775
9776
9778
9783
9786
9789
9801
9802
9803
9805
9808
9817
9825
9827
9830
9839
9844
9846
9847
9853
9858
9860
9862
9863
9866
9874
9879
9881
9888
9889
9896
9899
9906
9909
9916
9920
9921
9932
9938
9939
9941
9946
9955
9960
9961
9964
9965
9972
9985
9988
9995
9996
10006
10056
10083
10099
10136
10149
10150
10162
10169
10170
10174
10184
10186
10200
10211
10235
10251
10278
10316
10335
10348
10350
10392
10428
10444
10463
10507
10508
10514
10516
10524
10527
10536
10544
10546
10547
10550
10555
10563
10576
10578
10586
10593
10617
10619
10621
10632
10645
10649
10652
10659
10661
10662
10663
10681
10688
10692
10701
10719
10720
10728
10742
10744
10745
10776
10782
10789
10794
10796
10810
10816
10830
10835
10840
10842
10845
10850
10852
10859
10866
10875
10876
10884
10885
10893
10928
10933
10938
10939
10940
10941
10945
10949
10959
10961
10963
10965
10974
10978
10982
11002
11004
11009
11021
11023
11036
11040
11042
11051
11052
11053
11057
11061
11062
11065
11067
11071
11072
11075
11077
11102
11103
11113
11115
11116
11121
11125
11133
11138
11145
11150
11151
11159
11163
11169
11175
11176
11177
11189
11192
11201
11202
11212
11221
11224
11229
11235
11236
11243
11245
11246
11254
11260
11267
11275
11286
11301
11302
11309
11310
11311
11345
11347
11349
11350
11351
11353
11355
11356
11357
11359
11361
11362
11370
11376
11380
11383
11384
11386
11388
11389
11395
11397
11400
11412
11416
11417
11421
11422
11430
11432
11434
11435
11441
11454
11456
11459
11463
11465
11468
11478
11488
11494
11501
11505
11506
11507
11510
11513
11514
11515
11516
11517
11519
11541
11542
11543
11544
11545
11550
11551
11557
11559
11566
11567
11572
11573
11575
11577
11578
11589
11590
11592
11595
11602
11605
11611
11614
11617
11619
11621
11622
11623
11626
11636
11642
11643
11644
11648
11653
11656
11659
11660
11661
11662
11663
11668
11671
11675
11679
11681
11683
11694
11697
11699
11705
11707
11709
11713
11722
11723
11726
11729
11731
11732
11734
11737
11738
11750
11752
11753
11755
11756
11762
11763
11766
11768
11769
11771
11772
11773
11775
11778
11780
11782
11784
11786
11789
11793
11794
11796
11806
11807
11810
11812
11813
11817
11822
11828
11829
11832
11834
11835
11837
11840
11843
11844
11848
11852
11853
11855
11858
11861
11862
11865
11866
11867
11868
11870
11877
11880
11882
11884
11886
11898
11900
11904
11905
11911
11912
11913
11918
11925
11931
11941
11943
11944
11949
11950
11951
11952
11956
11958
11963
11965
11969
11974
11975
11981
11990
11992
11995
11996
12021
12029
12040
12049
12058
12084
12098
12109
12114
12143
12145
12182
12202
12213
12218
12224
12240
12242
12255
12290
12297
12301
12305
12312
12335
12351
12373
12383
12384
12391
12396
12398
12433
12434
12454
12465
12480
12484
12485
12486
12488
12491
12505
12506
12508
12510
12511
12512
12514
12524
12526
12530
12535
12539
12541
12551
12554
12555
12556
12569
12572
12573
12578
12584
12588
12589
12600
12604
12605
12606
12607
12608
12613
12617
12620
12624
12628
12629
12631
12633
12636
12637
12638
12641
12642
12644
12647
12650
12651
12655
12656
12658
12660
12662
12666
12672
12677
12687
12690
12691
12694
12695
12708
12711
12712
12717
12719
12720
12725
12729
12731
12735
12737
12741
12743
12746
12750
12752
12756
12759
12760
12761
12765
12776
12780
12781
12782
12786
12787
12789
12790
12792
12800
12802
12804
12808
12812
12823
12824
12827
12828
12831
12835
12839
12842
12845
12846
12849
12852
12858
12861
12864
12873
12880
12885
12886
12887
12888
12894
12895
12897
12908
12909
12910
12912
12913
12920
12923
12930
12931
12933
12936
12944
12945
12951
12953
12955
12957
12964
12967
12970
12971
12974
12977
12980
12984
12985
12991
12994
12996
13001
13003
13006
13007
13009
13010
13011
13013
13015
13021
13022
13023
13029
13036
13041
13044
13045
13047
13051
13055
13056
13062
13063
13065
13069
13071
13074
13078
13081
13085
13087
13088
13090
13091
13093
13096
13103
13108
13113
13114
13115
13116
13122
13123
13127
13129
13133
13137
13138
13140
13142
13149
13150
13154
13155
13161
13162
13163
13165
13167
13169
13170
13172
13173
13175
13177
13178
13182
13186
13191
13194
13203
13206
13208
13210
13212
13216
13217
13218
13219
13226
13228
13232
13233
13234
13236
13239
13240
13244
13245
13246
13247
13250
13251
13252
13258
13260
13266
13268
13270
13273
13274
13275
13281
13289
13294
13297
13298
13299
13301
13302
13303
13311
13313
13324
13326
13327
13330
13331
13335
13342
13344
13345
13347
13349
13350
13352
13354
13355
13372
13373
13378
13382
13385
13390
13391
13394
13398
13399
13408
13413
13418
13419
13424
13426
13427
13428
13431
13432
13439
13441
13444
13449
13451
13459
13460
13465
13466
13467
13469
13470
13471
13473
13474
13477
13479
13480
13481
13483
13487
13500
13508
13513
13517
13520
13521
13523
13532
13535
13540
13546
13549
13558
13560
13561
13566
13571
13573
13576
13582
13584
13585
13587
13593
13595
13604
13605
13606
13610
13611
13614
13617
13619
13622
13623
13630
13638
13639
13642
13647
13648
13652
13653
13660
13661
13665
13667
13677
13678
13680
13681
13684
13687
13689
13702
13705
13708
13710
13719
13723
13729
13734
13745
13746
13752
13755
13756
13757
13758
13762
13767
13768
13769
13770
13776
13778
13779
13782
13784
13785
13801
13805
13810
13812
13814
13815
13817
13819
13822
13824
13825
13828
13830
13832
13835
13836
13837
13841
13842
13849
13863
13865
13866
13867
13876
13879
13889
13893
13897
13898
13904
13906
13907
13911
13913
13914
13916
13918
13928
13929
13930
13935
13938
13948
13949
13950
13953
13958
13961
13964
13966
13969
13974
13983
13984
13985
13991
14017
14022
14023
14035
14044
14051
14055
14064
14065
14078
14080
14088
14089
14092
14115
14148
14150
14158
14161
14162
14164
14170
14175
14197
14199
14206
14210
14215
14225
14226
14229
14236
14246
14251
14263
14269
14276
14284
14289
14295
14303
14310
14311
14316
14320
14322
14323
14324
14328
14329
14335
14337
14343
14360
14367
14380
14394
14398
14400
14403
14409
14415
14429
14437
14444
14448
14468
14500
14506
14507
14509
14510
14512
14513
14524
14534
14539
14541
14545
14548
14549
14558
14571
14573
14574
14581
14583
14585
14590
14599
14603
14606
14608
14610
14613
14621
14625
14636
14637
14641
14643
14644
14651
14658
14662
14665
14666
14668
14669
14675
14676
14678
14680
14687
14690
14697
14701
14709
14719
14720
14729
14734
14738
14745
14746
14748
14751
14756
14759
14760
14768
14772
14776
14777
14778
14781
14782
14786
14790
14794
14802
14807
14809
14818
14819
14823
14824
14840
14844
14845
14852
14853
14860
14868
14873
14874
14876
14880
14883
14888
14891
14901
14902
14903
14906
14911
14917
14918
14921
14926
14935
14941
14949
14952
14953
14957
14960
14970
14972
14974
14975
14978
14986
14987
14990
14991
14992
14994
14997
15004
15014
15017
15038
15042
15046
15047
15051
15077
15091
15108
15111
15129
15130
15133
15147
15151
15155
15157
15161
15177
15201
15212
15217
15233
15237
15248
15251
15252
15262
15268
15274
15285
15290
15291
15293
15300
15309
15323
15338
15363
15374
15387
15397
15402
15422
15427
15441
15444
15447
15452
15466
15469
15497
15498
15504
15509
15517
15519
15520
15529
15537
15543
15545
15562
15564
15566
15571
15575
15579
15582
15583
15587
15594
15598
15601
15605
15606
15611
15613
15615
15627
15634
15644
15645
15649
15652
15655
15656
15658
15670
15672
15676
15678
15683
15687
15688
15698
15701
15708
15714
15725
15729
15738
15740
15742
15748
15770
15790
15800
15809
15820
15828
15830
15831
15834
15839
15840
15841
15855
15859
15861
15866
15867
15881
15884
15887
15892
15901
15904
15910
15912
15920
15924
15925
15939
15940
15942
15944
15946
15967
15968
15970
15981
15983
15987
15991
15992
15996
15998
16000
16001
16005
16010
16014
16015
16019
16021
16024
16028
16030
16032
16033
16036
16039
16042
16043
16045
16048
16049
16050
16055
16057
16058
16064
16065
16070
16071
16074
16082
16084
16093
16094
16095
16105
16107
16109
16113
16121
16123
16129
16132
16137
16143
16144
16150
16151
16153
16154
16161
16163
16165
16170
16174
16175
16176
16177
16180
16191
16195
16197
16203
16206
16208
16210
16212
16213
16216
16217
16220
16231
16233
16236
16239
16240
16243
16244
16246
16248
16250
16252
16262
16265
16274
16277
16281
16283
16284
16288
16289
16292
16293
16296
16298
16299
16300
16301
16304
16306
16307
16308
16313
16317
16322
16324
16338
16341
16349
16350
16352
16353
16354
16355
16356
16363
16366
16368
16372
16375
16378
16381
16384
16386
16389
16391
16393
16396
16397
16400
16408
16410
16411
16412
16414
16421
16425
16434
16436
16441
16451
16452
16456
16460
16463
16464
16468
16471
16473
16477
16481
16487
16493
16497
16498
16501
16502
16508
16513
16520
16526
16527
16535
16536
16537
16539
16541
16542
16545
16548
16549
16559
16562
16565
16573
16576
16577
16578
16593
16597
16599
16607
16612
16614
16615
16617
16619
16623
16625
16638
16644
16645
16653
16659
16665
16672
16677
16692
16697
16710
16712
16714
16715
16723
16727
16730
16733
16734
16736
16745
16746
16747
16757
16765
16775
16776
16778
16783
16787
16789
16794
16801
16804
16805
16813
16817
16824
16827
16828
16831
16834
16836
16844
16845
16852
16854
16857
16862
16871
16873
16884
16885
16891
16893
16894
16896
16902
16915
16919
16924
16926
16933
16938
16939
16940
16943
16946
16949
16961
16962
16969
16971
16977
16986
16993
16999
17000
17001
17004
17005
17016
17017
17021
17022
17023
17033
17035
17036
17039
17041
17042
17043
17048
17056
17059
17062
17070
17072
17073
17076
17078
17080
17085
17086
17089
17091
17101
17103
17115
17116
17126
17128
17129
17131
17132
17135
17136
17138
17141
17144
17145
17146
17150
17151
17158
17159
17163
17167
17172
17173
17175
17176
17179
17186
17189
17190
17191
17197
17199
17203
17209
17211
17213
17218
17229
17230
17236
17238
17240
17248
17251
17254
17255
17261
17266
17274
17278
17281
17284
17285
17289
17291
17297
17298
17302
17303
17307
17311
17315
17318
17321
17328
17332
17333
17334
17336
17338
17342
17344
17347
17352
17355
17358
17370
17371
17380
17381
17386
17387
17391
17393
17396
17398
17401
17402
17405
17408
17412
17413
17418
17420
17422
17424
17425
17430
17431
17434
17436
17437
17439
17440
17444
17445
17454
17457
17458
17463
17464
17465
17470
17475
17478
17479
17482
17484
17489
17490
17492
17494
17495
17498
17502
17504
17520
17541
17542
17553
17554
17558
17563
17566
17580
17597
17599
17606
17618
17628
17629
17633
17634
17641
17648
17658
17673
17677
17678
17686
17702
17707
17716
17724
17734
17749
17762
17774
17775
17777
17810
17819
17829
17839
17842
17853
17854
17858
17883
17888
17900
17924
17927
17945
17963
17973
17986
17999
18000
18001
18005
18019
18029
18038
18046
18049
18052
18053
18068
18075
18078
18092
18093
18094
18095
18113
18114
18119
18122
18123
18131
18132
18153
18166
18167
18171
18184
18192
18203
18212
18221
18222
18223
18227
18229
18234
18235
18237
18246
18270
18283
18289
18294
18299
18308
18320
18324
18328
18330
18334
18335
18338
18339
18360
18364
18370
18371
18386
18402
18408
18430
18434
18435
18439
18442
18444
18445
18457
18459
18482
18484
18486
18505
18507
18516
18518
18528
18529
18531
18536
18553
18568
18577
18586
18605
18608
18613
18614
18624
18649
18657
18688
18715
18725
18726
18731
18743
18752
18763
18772
18779
18782
18790
18791
18801
18805
18808
18810
18814
18818
18832
18835
18842
18848
18854
18856
18883
18911
18912
18920
18921
18929
18936
18940
18955
18958
18962
18968
18973
18974
18980
18984
18992
19002
19003
19008
19009
19013
19024
19031
19032
19034
19035
19039
19040
19044
19049
19057
19058
19060
19063
19066
19068
19078
19084
19086
19091
19093
19094
19097
19098
19110
19111
19114
19115
19116
19118
19120
19121
19126
19128
19131
19134
19136
19138
19139
19140
19147
19153
19155
19164
19165
19186
19195
19197
19206
19210
19214
19218
19221
19230
19243
19248
19249
19250
19259
19260
19261
19262
19263
19268
19271
19272
19274
19276
19279
19281
19282
19295
19298
19303
19316
19319
19320
19322
19323
19324
19327
19329
19330
19336
19339
19350
19356
19365
19373
19378
19383
19388
19391
19395
19398
19401
19409
19411
19412
19413
19414
19417
19420
19422
19425
19430
19434
19437
19442
19449
19450
19455
19461
19467
19468
19472
19475
19477
19479
19480
19481
19482
19488
19490
19492
19500
19501
19503
19504
19513
19514
19516
19519
19521
19522
19524
19525
19526
19527
19529
19530
19534
19541
19545
19549
19555
19563
19564
19565
19566
19567
19575
19579
19586
19593
19597
19598
19601
19603
19604
19606
19608
19609
19612
19614
19621
19622
19624
19630
19638
19641
19642
19644
19645
19646
19647
19648
19652
19655
19658
19662
19665
19667
19668
19672
19675
19677
19680
19681
19682
19685
19687
19689
19690
19691
19692
19694
19701
19703
19704
19707
19709
19713
19716
19717
19721
19726
19731
19735
19737
19738
19741
19743
19745
19746
19747
19748
19760
19761
19762
19766
19767
19768
19773
19774
19775
19776
19778
19779
19780
19783
19789
19793
19794
19795
19796
19802
19804
19806
19807
19810
19811
19812
19813
19817
19822
19830
19834
19835
19837
19841
19842
19843
19845
19847
19857
19860
19861
19864
19868
19872
19875
19876
19878
19879
19881
19883
19892
19894
19896
19899
19902
19903
19904
19910
19911
19912
19916
19917
19919
19920
19922
19923
19924
19926
19928
19930
19931
19932
19933
19935
19936
19939
19941
19944
19945
19946
19947
19948
19951
19952
19956
19962
19964
19967
19971
19973
19975
19976
19979
19980
19982
19984
19988
19992
19993
19998
20001
20002
20005
20008
20012
20013
20016
20017
20025
20028
20036
20037
20041
20049
20050
20066
20071
20084
20087
20088
20090
20091
20096
20097
20103
20104
20111
20112
20113
20118
20126
20131
20134
20144
20148
20151
20157
20158
20161
20166
20172
20173
20174
20177
20179
20185
20188
20189
20191
20193
20200
20207
20208
20221
20227
20230
20244
20246
20254
20259
20260
20263
20267
20272
20273
20275
20277
20278
20292
20298
20302
20308
20312
20316
20317
20319
20323
20328
20329
20335
20336
20337
20339
20345
20356
20362
20365
20368
20382
20386
20387
20391
20396
20397
20405
20409
20410
20414
20417
20418
20420
20422
20423
20425
20427
20428
20431
20436
20438
20441
20442
20454
20465
20472
20473
20474
20475
20480
20482
20483
20490
20491
20505
20511
20515
20516
20517
20520
20524
20527
20529
20535
20540
20545
20552
20553
20556
20559
20562
20563
20574
20578
20588
20591
20592
20599
20601
20607
20608
20610
20611
20614
20619
20620
20625
20626
20631
20634
20647
20651
20663
20668
20671
20674
20678
20680
20681
20687
20688
20689
20692
20694
20695
20701
20710
20722
20723
20727
20732
20733
20748
20750
20757
20761
20762
20766
20767
20768
20777
20778
20779
20782
20785
20788
20794
20801
20802
20803
20812
20814
20818
20824
20825
20827
20829
20833
20835
20845
20846
20848
20856
20860
20863
20864
20865
20866
20871
20874
20877
20878
20884
20886
20895
20896
20899
20904
20906
20909
20910
20912
20915
20917
20918
20919
20922
20924
20930
20939
20943
20944
20948
20954
20961
20967
20971
20973
20975
20976
20978
20986
20987
20988
20991
20992
21011
21017
21018
21031
21039
21044
21048
21069
21070
21073
21100
21111
21118
21128
21141
21146
21155
21161
21162
21164
21166
21172
21174
21178
21184
21193
21213
21214
21217
21218
21222
21224
21238
21242
21246
21247
21259
21268
21273
21278
21279
21283
21304
21322
21329
21333
21334
21335
21338
21349
21350
21355
21359
21364
21365
21370
21390
21400
21401
21402
21410
21416
21417
21423
21427
21429
21432
21443
21444
21463
21469
21473
21475
21496
21504
21509
21510
21513
21515
21519
21527
21529
21533
21534
21545
21546
21549
21550
21553
21556
21561
21562
21563
21565
21566
21570
21571
21576
21578
21581
21582
21586
21587
21588
21590
21591
21592
21593
21596
21597
21599
21600
21603
21605
21608
21612
21613
21616
21618
21620
21621
21622
21623
21628
21630
21641
21643
21645
21649
21650
21652
21653
21657
21658
21659
21662
21669
21670
21671
21672
21674
21675
21679
21682
21684
21690
21693
21698
21699
21702
21706
21709
21712
21717
21719
21722
21728
21733
21736
21739
21740
21741
21743
21744
21747
21750
21754
21759
21761
21762
21764
21765
21779
21786
21790
21792
21793
21795
21800
21803
21804
21806
21807
21812
21813
21817
21819
21820
21821
21822
21826
21828
21829
21831
21832
21837
21840
21841
21844
21845
21849
21852
21861
21862
21866
21869
21870
21874
21875
21876
21878
21883
21885
21890
21892
21895
21902
21903
21907
21910
21911
21912
21925
21926
21928
21929
21937
21939
21940
21944
21947
21955
21957
21961
21966
21969
21970
21978
21993
22006
22007
22021
22024
22025
22033
22036
22038
22049
22058
22069
22070
22072
22078
22080
22081
22087
22090
22100
22102
22103
22107
22110
22114
22117
22134
22142
22147
22150
22154
22157
22159
22161
22163
22169
22171
22174
22189
22195
22200
22204
22213
22215
22217
22223
22234
22269
22279
22293
22294
22295
22298
22313
22339
22344
22356
22370
22371
22377
22378
22408
22412
22422
22430
22432
22446
22452
22453
22454
22459
22468
22472
22475
22481
22487
22488
22489
22493
22494
22495
22496
22500
22509
22514
22515
22516
22522
22526
22528
22530
22535
22536
22538
22539
22540
22543
22544
22547
22551
22554
22558
22561
22564
22567
22574
22575
22576
22581
22585
22586
22591
22592
22596
22598
22605
22607
22619
22621
22622
22623
22624
22629
22631
22635
22636
22637
22639
22640
22642
22646
22652
22654
22658
22665
22673
22677
22680
22685
22690
22692
22695
22696
22700
22703
22704
22721
22722
22734
22735
22736
22737
22738
22739
22747
22748
22750
22752
22757
22761
22765
22766
22767
22770
22771
22775
22777
22778
22783
22784
22785
22786
22789
22790
22791
22792
22794
22796
22811
22816
22821
22826
22827
22829
22831
22842
22845
22848
22849
22853
22854
22855
22859
22861
22863
22871
22882
22885
22886
22892
22895
22897
22900
22901
22906
22908
22911
22912
22913
22917
22921
22922
22923
22924
22927
22928
22930
22938
22940
22942
22948
22949
22954
22955
22956
22958
22962
22963
22964
22970
22971
22974
22978
22980
22983
22984
22986
22987
22992
22994
22995
22997
23005
23006
23012
23023
23028
23044
23047
23067
23068
23078
23088
23093
23096
23097
23109
23134
23140
23158
23165
23172
23181
23186
23204
23215
23221
23225
23237
23241
23243
23253
23259
23275
23279
23288
23289
23297
23318
23320
23324
23332
23339
23344
23354
23372
23377
23393
23403
23407
23409
23418
23427
23428
23441
23445
23454
23473
23478
23480
23488
23496
23519
23523
23537
23546
23548
23564
23565
23573
23586
23587
23596
23626
23631
23635
23638
23658
23659
23664
23666
23668
23683
23689
23693
23695
23709
23720
23745
23750
23755
23762
23774
23776
23780
23790
23792
23793
23803
23804
23821
23822
23832
23842
23845
23855
23863
23866
23869
23874
23898
23907
23916
23932
23943
23950
23956
23958
23959
23978
23992
24000
24001
24002
24004
24008
24009
24015
24017
24019
24021
24022
24023
24025
24030
24034
24036
24037
24039
24042
24044
24046
24049
24050
24060
24068
24069
24071
24073
24077
24080
24081
24082
24083
24085
24087
24091
24093
24094
24098
24100
24101
24102
24103
24104
24106
24108
24111
24114
24116
24117
24121
24124
24126
24129
24130
24132
24137
24138
24139
24144
24145
24146
24147
24149
24151
24161
24162
24164
24165
24169
24171
24173
24175
24176
24179
24180
24183
24186
24187
24190
24192
24195
24196
24199
24200
24203
24205
24210
24212
24213
24214
24215
24220
24225
24229
24235
24237
24238
24240
24242
24245
24249
24250
24251
24252
24254
24255
24257
24265
24268
24270
24271
24281
24282
24284
24288
24290
24294
24302
24305
24308
24311
24316
24317
24319
24320
24323
24324
24325
24330
24333
24337
24341
24343
24344
24347
24348
24349
24350
24352
24357
24358
24363
24367
24370
24372
24374
24378
24381
24382
24384
24385
24386
24387
24392
24398
24401
24402
24404
24411
24412
24415
24416
24417
24419
24420
24424
24426
24427
24429
24430
24433
24435
24436
24437
24438
24439
24440
24442
24443
24445
24446
24456
24458
24459
24467
24468
24471
24475
24478
24483
24485
24489
24493
24495
24498
24502
24503
24508
24515
24517
24529
24530
24532
24538
24539
24542
24552
24563
24564
24565
24566
24571
24575
24576
24580
24583
24584
24587
24590
24593
24597
24600
24610
24614
24619
24623
24625
24626
24627
24628
24635
24641
24642
24645
24651
24653
24654
24655
24665
24666
24667
24668
24673
24684
24685
24687
24698
24700
24701
24711
24715
24718
24721
24724
24725
24738
24743
24746
24748
24755
24758
24769
24772
24775
24777
24779
24782
24784
24788
24793
24795
24797
24802
24803
24806
24807
24808
24812
24816
24822
24829
24832
24834
24837
24839
24844
24848
24858
24860
24862
24863
24867
24868
24883
24885
24889
24891
24897
24898
24899
24904
24911
24927
24932
24933
24934
24936
24938
24939
24940
24941
24942
24943
24946
24948
24950
24953
24954
24957
24961
24968
24972
24973
24974
24975
24979
24982
24983
24986
24995
25004
25009
25014
25019
25021
25024
25031
25033
25037
25045
25051
25059
25071
25079
25083
25096
25105
25111
25113
25124
25135
25141
25166
25167
25172
25186
25187
25192
25195
25200
25201
25209
25214
25228
25256
25257
25264
25288
25291
25311
25314
25325
25327
25328
25342
25354
25355
25362
25363
25372
25373
25395
25398
25412
25417
25418
25422
25427
25429
25435
25437
25459
25467
25483
25492
25498
25504
25505
25508
25510
25513
25515
25516
25518
25520
25523
25524
25525
25530
25533
25534
25536
25537
25538
25543
25544
25548
25552
25554
25561
25562
25563
25566
25568
25569
25571
25572
25580
25589
25593
25595
25598
25600
25602
25603
25608
25609
25612
25619
25620
25621
25623
25624
25628
25630
25635
25638
25639
25640
25641
25643
25647
25648
25653
25654
25659
25660
25661
25664
25667
25669
25670
25681
25682
25686
25692
25693
25701
25708
25711
25716
25718
25719
25723
25727
25728
25730
25736
25737
25739
25744
25751
25752
25763
25764
25765
25770
25771
25772
25775
25784
25787
25789
25797
25798
25799
25801
25803
25804
25806
25809
25813
25818
25821
25823
25825
25826
25833
25837
25838
25842
25844
25853
25855
25858
25862
25875
25882
25885
25889
25895
25903
25904
25905
25917
25926
25931
25933
25937
25942
25949
25952
25955
25957
25965
25977
25981
25982
25987
25988
25993
25998
26001
26002
26007
26009
26010
26013
26014
26017
26021
26022
26032
26041
26051
26052
26053
26056
26058
26065
26089
26093
26094
26113
26127
26128
26138
26141
26142
26151
26155
26163
26165
26168
26171
26172
26183
26185
26188
26189
26194
26196
26203
26208
26209
26211
26213
26216
26219
26227
26232
26241
26243
26246
26248
26251
26253
26254
26259
26263
26276
26280
26293
26296
26299
26302
26305
26317
26320
26323
26328
26331
26338
26340
26345
26352
26354
26355
26358
26361
26379
26382
26384
26397
26398
26401
26404
26408
26414
26417
26435
26443
26445
26447
26454
26456
26458
26463
26466
26470
26472
26479
26480
26489
26492
26498
26501
26502
26508
26515
26520
26523
26530
26531
26533
26534
26537
26541
26542
26543
26544
26549
26552
26555
26558
26562
26564
26565
26573
26574
26581
26582
26583
26585
26588
26592
26593
26599
26601
26606
26611
26623
26626
26640
26641
26642
26644
26653
26659
26662
26664
26665
26673
26680
26692
26693
26698
26702
26704
26706
26707
26711
26716
26717
26720
26721
26739
26743
26745
26747
26748
26750
26760
26762
26768
26775
26781
26784
26786
26788
26796
26797
26801
26802
26809
26811
26813
26817
26818
26821
26830
26833
26843
26844
26847
26849
26851
26854
26863
26870
26875
26878
26880
26884
26886
26887
26889
26892
26893
26894
26896
26910
26920
26923
26928
26934
26935
26936
26942
26950
26961
26963
26976
26978
26980
26982
26984
26985
26990
26997
26999
27003
27007
27011
27012
27021
27023
27025
27031
27044
27059
27060
27070
27071
27080
27082
27083
27092
27098
27112
27116
27117
27124
27132
27134
27135
27139
27143
27150
27153
27154
27160
27163
27166
27173
27184
27188
27189
27196
27198
27206
27207
27217
27220
27221
27228
27229
27237
27244
27259
27279
27295
27299
27302
27303
27306
27307
27318
27324
27325
27328
27330
27332
27333
27337
27340
27348
27356
27357
27358
27359
27360
27363
27365
27366
27368
27370
27371
27380
27383
27393
27400
27410
27414
27417
27422
27431
27433
27437
27444
27447
27448
27449
27461
27468
27470
27471
27472
27480
27482
27484
27490
27494
27497
27498
27499
27511
27513
27517
27524
27529
27537
27544
27561
27565
27566
27572
27577
27578
27591
27593
27595
27613
27622
27623
27632
27634
27638
27640
27656
27668
27670
27673
27675
27678
27682
27685
27686
27689
27690
27691
27695
27698
27699
27711
27714
27718
27722
27750
27753
27757
27759
27760
27768
27782
27787
27788
27789
27805
27806
27813
27817
27820
27823
27825
27829
27835
27848
27853
27866
27867
27870
27875
27884
27886
27905
27931
27932
27934
27935
27958
27959
27961
27962
27964
27965
27968
27970
27978
27980
27992
27995
28000
28004
28006
28013
28016
28021
28028
28033
28034
28035
28044
28051
28055
28059
28061
28062
28075
28096
28098
28103
28107
28108
28109
28112
28114
28116
28120
28122
28123
28124
28125
28126
28130
28131
28137
28139
28140
28142
28144
28146
28148
28151
28161
28167
28176
28179
28180
28183
28190
28201
28204
28211
28213
28214
28215
28224
28229
28233
28238
28246
28248
28250
28252
28254
28264
28270
28276
28281
28285
28287
28293
28294
28303
28307
28317
28319
28320
28322
28324
28332
28336
28338
28351
28353
28354
28370
28377
28383
28386
28387
28393
28394
28398
28414
28415
28421
28422
28427
28428
28429
28430
28434
28439
28442
28444
28456
28459
28470
28475
28480
28491
28494
28497
28498
28501
28503
28509
28510
28517
28521
28528
28533
28535
28537
28538
28539
28545
28546
28551
28559
28561
28566
28569
28572
28574
28582
28584
28596
28600
28603
28604
28608
28623
28625
28627
28628
28629
28634
28635
28645
28646
28653
28657
28658
28664
28665
28667
28668
28672
28673
28675
28679
28682
28691
28695
28697
28700
28718
28719
28723
28724
28731
28738
28740
28746
28754
28755
28756
28761
28770
28772
28774
28775
28776
28780
28791
28792
28793
28801
28810
28812
28814
28820
28824
28832
28833
28837
28842
28844
28849
28852
28857
28860
28862
28867
28870
28877
28880
28882
28884
28888
28894
28896
28906
28915
28918
28923
28924
28926
28930
28932
28933
28934
28939
28953
28956
28961
28962
28963
28965
28969
28970
28979
28983
28991
29000
29003
29023
29035
29044
29053
29076
29080
29090
29111
29125
29131
29136
29141
29150
29151
29154
29173
29174
29178
29188
29190
29199
29210
29220
29228
29247
29285
29287
29290
29297
29302
29303
29310
29327
29345
29353
29368
29369
29380
29384
29388
29389
29403
29404
29413
29416
29417
29439
29445
29448
29456
29495
29498
29501
29506
29523
29525
29530
29547
29548
29550
29578
29579
29595
29601
29605
29606
29607
29609
29612
29618
29627
29634
29638
29662
29667
29671
29691
29694
29698
29713
29731
29732
29737
29738
29745
29749
29755
29756
29759
29763
29790
29797
29799
29809
29811
29814
29829
29835
29844
29853
29854
29856
29857
29867
29869
29873
29877
29895
29909
29912
29924
29953
29956
29959
29964
29968
29969
29974
29981
29988
29989
29991
29993
30001
30005
30008
30012
30014
30031
30034
30035
30039
30043
30048
30050
30051
30060
30067
30071
30084
30086
30101
30115
30116
30119
30124
30139
30148
30149
30153
30157
30167
30170
30188
30197
30199
30205
30224
30241
30244
30246
30260
30270
30275
30279
30297
30309
30312
30318
30324
30334
30336
30343
30350
30352
30365
30367
30372
30380
30388
30391
30399
30402
30409
30416
30417
30423
30424
30427
30433
30438
30439
30454
30457
30472
30480
30498
30506
30515
30532
30533
30535
30557
30565
30567
30585
30594
30597
30606
30611
30630
30631
30636
30638
30640
30658
30661
30662
30671
30673
30695
30705
30706
30720
30731
30739
30743
30746
30749
30751
30769
30773
30778
30794
30797
30798
30806
30812
30816
30824
30825
30830
30833
30835
30843
30852
30868
30869
30878
30884
30888
30892
30899
30923
30931
30935
30944
30946
30950
30952
30955
30958
30959
30961
30963
30964
30966
30968
30969
30971
30974
30983
30994
31026
31041
31046
31058
31067
31073
31084
31109
31117
31131
31135
31153
31157
31170
31182
31184
31190
31195
31201
31216
31222
31253
31283
31305
31311
31338
31341
31346
31349
31352
31353
31357
31358
31423
31426
31429
31432
31438
31467
31470
31473
31482
31484
31487
31491
31499
31502
31513
31514
31518
31534
31535
31538
31541
31545
31550
31564
31565
31579
31584
31587
31588
31590
31595
31599
31600
31601
31604
31606
31610
31612
31617
31619
31625
31649
31653
31659
31662
31666
31667
31668
31679
31683
31697
31699
31707
31711
31713
31724
31729
31737
31741
31750
31754
31761
31763
31764
31782
31789
31790
31799
31801
31804
31805
31806
31815
31817
31824
31825
31827
31831
31836
31839
31843
31850
31852
31868
31871
31872
31874
31876
31878
31884
31885
31894
31905
31910
31914
31917
31919
31931
31940
31941
31942
31947
31959
31960
31961
31963
31970
31974
31984
31986
31989
31993
31994
32004
32010
32013
32015
32054
32055
32060
32064
32066
32072
32106
32118
32130
32133
32141
32142
32144
32146
32147
32154
32159
32168
32170
32174
32179
32180
32181
32187
32189
32196
32197
32212
32219
32221
32234
32238
32257
32261
32276
32277
32278
32285
32287
32295
32303
32311
32313
32314
32315
32317
32320
32321
32327
32353
32363
32369
32375
32386
32406
32407
32414
32423
32425
32431
32437
32438
32441
32452
32453
32457
32465
32486
32493
32495
32499
32500
32512
32519
32521
32524
32534
32538
32548
32552
32565
32566
32571
32582
32584
32593
32599
32605
32608
32612
32614
32619
32623
32625
32627
32628
32633
32646
32651
32670
32681
32693
32709
32711
32714
32720
32740
32743
32746
32763
32767
32768
32772
32775
32776
32782
32798
32814
32822
32826
32828
32837
32839
32843
32856
32858
32867
32868
32869
32885
32889
32892
32923
32931
32933
32944
32955
32958
32963
32973
32977
32984
32986
32994
33006
33008
33021
33023
33024
33034
33040
33044
33047
33065
33067
33076
33080
33081
33083
33084
33087
33098
33101
33107
33112
33113
33114
33115
33116
33118
33119
33120
33126
33137
33138
33140
33144
33148
33149
33150
33152
33159
33164
33168
33173
33176
33177
33186
33190
33191
33196
33201
33210
33212
33222
33233
33240
33248
33257
33263
33264
33269
33270
33273
33277
33286
33301
33304
33311
33312
33330
33336
33337
33344
33352
33353
33360
33363
33371
33385
33386
33389
33391
33393
33394
33401
33404
33406
33412
33413
33414
33415
33417
33420
33421
33428
33432
33435
33439
33462
33463
33480
33486
33490
33491
33499
33501
33502
33507
33510
33515
33516
33521
33523
33539
33540
33541
33544
33552
33553
33555
33556
33566
33569
33576
33581
33584
33588
33590
33595
33597
33599
33603
33611
33620
33624
33625
33651
33661
33665
33668
33671
33674
33680
33682
33688
33691
33710
33712
33727
33734
33736
33738
33750
33758
33764
33766
33774
33784
33790
33793
33795
33799
33806
33814
33819
33820
33824
33825
33838
33841
33844
33845
33846
33852
33859
33865
33867
33873
33878
33881
33883
33884
33890
33892
33895
33896
33900
33904
33906
33921
33932
33934
33942
33946
33947
33952
33955
33956
33957
33959
33961
33968
33980
33988
33990
33995
33996
34008
34009
34015
34029
34049
34061
34069
34078
34103
34135
34143
34144
34149
34151
34167
34176
34179
34208
34220
34290
34319
34325
34332
34335
34362
34383
34398
34423
34425
34432
34433
34455
34475
34486
34488
34490
34498
34505
34534
34539
34548
34549
34550
34556
34565
34577
34582
34584
34594
34613
34625
34634
34635
34640
34641
34643
34656
34677
34681
34710
34714
34716
34724
34729
34738
34743
34753
34754
34775
34780
34788
34828
34838
34839
34848
34852
34854
34876
34887
34896
34907
34915
34916
34922
34927
34941
34946
34948
34968
34981
35015
35017
35020
35027
35035
35038
35039
35041
35044
35056
35057
35062
35063
35065
35066
35070
35072
35074
35080
35082
35084
35085
35100
35103
35110
35113
35120
35128
35130
35140
35144
35151
35153
35160
35162
35163
35164
35166
35181
35182
35186
35189
35191
35193
35195
35196
35198
35204
35207
35212
35215
35221
35227
35231
35233
35237
35247
35253
35263
35267
35269
35273
35287
35290
35292
35295
35300
35306
35316
35318
35322
35324
35326
35335
35343
35357
35358
35360
35363
35369
35374
35376
35377
35378
35383
35396
35397
35399
35404
35405
35412
35413
35416
35419
35422
35425
35426
35439
35440
35441
35446
35452
35454
35457
35460
35464
35469
35470
35472
35479
35481
35484
35485
35488
35492
35500
35504
35511
35517
35518
35529
35537
35541
35543
35544
35555
35556
35568
35574
35579
35581
35593
35595
35599
35601
35613
35616
35637
35638
35640
35644
35647
35653
35657
35658
35661
35666
35675
35678
35679
35688
35700
35719
35720
35723
35724
35739
35747
35760
35775
35778
35779
35782
35783
35786
35798
35811
35814
35817
35820
35826
35845
35852
35854
35855
35860
35864
35869
35872
35874
35877
35883
35885
35886
35888
35898
35915
35927
35928
35944
35948
35952
35957
35961
35963
35964
35965
35976
35990
35991
35992
36000
36001
36002
36003
36006
36009
36011
36017
36019
36026
36027
36032
36035
36036
36041
36045
36049
36055
36058
36062
36069
36077
36079
36083
36088
36106
36110
36111
36114
36116
36117
36122
36124
36126
36127
36132
36134
36148
36160
36164
36166
36170
36183
36185
36189
36196
36204
36206
36219
36228
36238
36244
36256
36261
36263
36280
36283
36298
36300
36301
36303
36305
36311
36320
36324
36327
36328
36332
36333
36334
36335
36343
36347
36354
36360
36391
36398
36399
36400
36405
36408
36410
36419
36422
36424
36429
36435
36436
36437
36444
36449
36450
36453
36465
36472
36486
36493
36520
36529
36533
36534
36546
36548
36551
36555
36566
36571
36576
36582
36584
36588
36589
36590
36594
36601
36612
36614
36630
36636
36637
36639
36642
36650
36656
36657
36662
36663
36666
36674
36691
36706
36708
36723
36730
36732
36741
36744
36777
36779
36786
36791
36824
36828
36832
36838
36842
36850
36876
36883
36890
36898
36902
36912
36914
36915
36922
36928
36930
36938
36939
36949
36960
36965
36969
36970
36974
36976
36980
36999
37002
37006
37012
37013
37022
37024
37025
37032
37034
37036
37037
37047
37053
37058
37062
37069
37071
37072
37075
37093
37105
37133
37135
37138
37140
37142
37143
37147
37170
37173
37179
37180
37182
37183
37191
37195
37200
37201
37203
37204
37208
37209
37214
37216
37221
37230
37238
37242
37249
37265
37270
37278
37287
37289
37294
37299
37309
37319
37321
37322
37326
37327
37336
37344
37346
37357
37360
37371
37375
37376
37378
37379
37385
37387
37391
37402
37403
37406
37409
37413
37422
37429
37432
37438
37447
37452
37455
37456
37475
37495
37496
37507
37508
37511
37513
37514
37520
37521
37529
37542
37544
37547
37550
37553
37554
37561
37563
37572
37598
37621
37625
37628
37635
37638
37641
37644
37649
37658
37665
37676
37684
37685
37693
37699
37700
37702
37703
37704
37705
37707
37713
37719
37720
37723
37729
37737
37743
37744
37745
37759
37773
37778
37780
37781
37787
37797
37800
37810
37812
37815
37824
37827
37833
37834
37847
37850
37854
37857
37862
37876
37893
37906
37907
37910
37914
37920
37924
37925
37937
37938
37941
37942
37950
37967
37968
37973
37976
37980
37987
38000
38004
38011
38012
38013
38028
38030
38038
38043
38044
38056
38068
38078
38091
38097
38103
38113
38122
38128
38134
38139
38143
38148
38159
38161
38163
38177
38182
38186
38197
38210
38218
38232
38233
38237
38241
38246
38252
38272
38273
38277
38278
38281
38282
38294
38300
38310
38321
38330
38331
38333
38336
38343
38356
38357
38375
38377
38398
38406
38407
38418
38419
38426
38429
38430
38436
38450
38453
38463
38481
38488
38493
38497
38500
38512
38514
38516
38533
38535
38543
38545
38547
38557
38565
38568
38578
38581
38582
38584
38600
38604
38606
38607
38608
38611
38613
38614
38615
38621
38625
38640
38643
38655
38661
38673
38690
38700
38703
38710
38714
38715
38716
38718
38721
38727
38730
38731
38732
38734
38745
38749
38753
38767
38768
38775
38778
38786
38787
38788
38790
38792
38794
38802
38803
38806
38811
38815
38816
38835
38838
38839
38840
38845
38846
38868
38870
38872
38874
38893
38894
38897
38901
38908
38910
38915
38917
38930
38931
38933
38937
38938
38958
38960
38964
38966
38967
38969
38975
38976
38981
38986
38993
39004
39005
39006
39008
39009
39012
39019
39021
39027
39028
39029
39030
39031
39034
39035
39036
39039
39040
39041
39042
39044
39047
39048
39049
39050
39056
39058
39062
39063
39065
39066
39067
39068
39071
39072
39074
39076
39077
39079
39080
39084
39085
39090
39105
39106
39110
39113
39117
39118
39119
39120
39121
39123
39128
39130
39133
39135
39137
39139
39142
39143
39144
39145
39146
39149
39152
39153
39155
39156
39157
39159
39163
39164
39166
39167
39171
39176
39177
39178
39185
39186
39188
39195
39197
39200
39201
39202
39205
39207
39208
39210
39211
39216
39217
39218
39220
39221
39222
39223
39225
39227
39231
39232
39237
39238
39243
39245
39247
39249
39251
39253
39256
39257
39258
39259
39260
39261
39263
39265
39267
39272
39273
39275
39277
39282
39283
39284
39285
39286
39287
39293
39295
39297
39301
39304
39306
39308
39310
39311
39318
39320
39323
39324
39328
39337
39339
39341
39346
39347
39349
39353
39354
39357
39361
39362
39364
39365
39367
39373
39377
39379
39380
39383
39384
39385
39391
39392
39400
39401
39403
39409
39410
39411
39414
39416
39420
39423
39424
39428
39430
39432
39433
39434
39435
39438
39439
39444
39445
39447
39448
39450
39452
39456
39457
39460
39461
39464
39465
39466
39467
39468
39470
39473
39477
39479
39480
39483
39486
39490
39492
39495
39498
39499
39500
39508
39520
39530
39542
39555
39559
39567
39572
39599
39604
39608
39619
39625
39630
39631
39638
39640
39643
39644
39646
39647
39664
39665
39667
39677
39689
39691
39696
39700
39703
39705
39721
39729
39731
39732
39734
39735
39737
39739
39742
39743
39744
39745
39761
39764
39767
39770
39777
39778
39779
39784
39788
39791
39792
39793
39801
39817
39821
39824
39836
39841
39850
39860
39874
39875
39890
39892
39893
39896
39901
39916
39919
39920
39921
39923
39938
39945
39948
39961
39962
39972
39973
39980
39983
39984
39991
39992
39993
40008
40011
40014
40026
40058
40062
40066
40104
40105
40108
40110
40125
40159
40165
40175
40176
40179
40186
40237
40239
40240
40253
40256
40279
40283
40285
40290
40302
40311
40318
40324
40331
40335
40344
40358
40359
40361
40384
40385
40396
40401
40403
40428
40430
40435
40437
40445
40448
40463
40472
40478
40488
40490
40502
40526
40563
40564
40565
40568
40572
40574
40588
40594
40602
40603
40606
40618
40636
40644
40659
40668
40676
40679
40694
40707
40733
40752
40756
40762
40781
40782
40793
40802
40804
40823
40839
40859
40863
40869
40914
40917
40925
40934
40937
40943
40968
40972
40981
40995
41003
41006
41007
41011
41012
41020
41022
41025
41041
41045
41046
41060
41068
41072
41081
41083
41087
41097
41103
41117
41118
41119
41123
41126
41134
41142
41146
41153
41166
41174
41176
41178
41182
41183
41185
41187
41188
41206
41209
41214
41223
41224
41230
41232
41237
41240
41241
41247
41248
41250
41252
41266
41278
41293
41322
41326
41328
41342
41348
41361
41378
41402
41408
41425
41429
41431
41442
41447
41448
41461
41464
41481
41483
41485
41486
41488
41491
41492
41500
41512
41515
41519
41522
41523
41527
41528
41533
41541
41543
41551
41552
41556
41557
41572
41586
41601
41604
41605
41619
41620
41628
41633
41641
41642
41643
41650
41658
41659
41662
41663
41666
41672
41678
41690
41691
41692
41694
41697
41700
41708
41713
41727
41729
41730
41731
41743
41753
41759
41771
41776
41782
41785
41797
41799
41800
41803
41807
41809
41812
41813
41814
41816
41823
41824
41829
41835
41837
41841
41844
41846
41847
41852
41853
41858
41860
41861
41863
41878
41882
41897
41909
41910
41913
41928
41940
41941
41942
41944
41947
41956
41958
41963
41970
41979
41982
41987
41990
41994
42004
42011
42025
42030
42034
42035
42040
42043
42054
42059
42066
42067
42068
42076
42107
42108
42112
42119
42121
42125
42132
42134
42139
42141
42143
42156
42163
42165
42166
42171
42172
42178
42179
42194
42200
42206
42208
42215
42221
42225
42230
42231
42233
42235
42241
42243
42245
42248
42249
42251
42263
42272
42273
42298
42303
42326
42329
42335
42355
42362
42366
42374
42379
42380
42383
42386
42394
42399
42402
42410
42417
42426
42428
42433
42434
42438
42440
42441
42448
42462
42468
42480
42486
42492
42503
42504
42512
42526
42527
42530
42535
42546
42555
42569
42577
42581
42583
42584
42586
42591
42594
42604
42608
42615
42617
42639
42641
42650
42657
42659
42661
42668
42677
42679
42682
42685
42687
42689
42690
42698
42699
42700
42701
42702
42709
42710
42715
42727
42731
42735
42737
42740
42741
42748
42749
42761
42762
42764
42765
42775
42780
42787
42797
42800
42808
42811
42813
42817
42818
42820
42823
42830
42836
42837
42850
42855
42857
42858
42859
42860
42861
42862
42865
42869
42870
42871
42873
42875
42876
42877
42879
42885
42886
42887
42891
42892
42893
42896
42903
42906
42916
42920
42926
42927
42930
42933
42936
42943
42944
42949
42955
42963
42973
42976
42981
42982
42994
43000
43017
43020
43021
43026
43030
43035
43037
43044
43068
43072
43073
43074
43080
43083
43087
43098
43111
43117
43118
43122
43124
43132
43134
43136
43140
43146
43147
43175
43184
43186
43187
43189
43194
43221
43224
43228
43229
43233
43234
43246
43252
43255
43257
43262
43263
43264
43267
43272
43273
43283
43284
43288
43293
43301
43308
43311
43315
43320
43332
43333
43334
43341
43348
43349
43351
43366
43367
43376
43394
43395
43402
43411
43418
43430
43434
43437
43438
43442
43450
43455
43460
43465
43474
43479
43480
43482
43490
43496
43497
43525
43531
43541
43550
43572
43584
43595
43598
43604
43622
43624
43634
43635
43639
43640
43642
43644
43646
43647
43651
43662
43665
43669
43672
43677
43680
43684
43687
43690
43694
43699
43708
43709
43710
43719
43727
43734
43755
43756
43762
43768
43771
43778
43779
43786
43793
43797
43804
43814
43815
43819
43827
43828
43844
43845
43847
43849
43851
43859
43860
43862
43869
43870
43883
43896
43897
43899
43900
43924
43936
43947
43981
43984
43988
43993
43998
44003
44004
44010
44012
44027
44029
44035
44039
44043
44044
44045
44048
44049
44053
44059
44061
44064
44067
44073
44074
44079
44080
44082
44083
44085
44087
44091
44096
44097
44098
44100
44101
44103
44106
44107
44109
44116
44129
44130
44131
44132
44133
44136
44139
44141
44142
44145
44148
44149
44150
44154
44163
44164
44169
44170
44174
44175
44176
44181
44182
44183
44184
44185
44187
44194
44198
44202
44203
44207
44209
44211
44223
44224
44225
44229
44231
44232
44236
44238
44244
44245
44246
44247
44248
44249
44252
44255
44260
44261
44269
44274
44283
44284
44287
44291
44303
44305
44317
44318
44323
44324
44328
44331
44337
44338
44342
44344
44347
44349
44350
44356
44365
44369
44374
44381
44382
44383
44385
44389
44390
44394
44398
44402
44403
44414
44415
44418
44425
44428
44442
44454
44457
44458
44460
44462
44463
44465
44467
44470
44471
44472
44473
44479
44485
44486
44487
44490
44491
44494
44495
44504
44506
44508
44513
44515
44521
44532
44551
44553
44554
44557
44558
44566
44567
44570
44571
44583
44585
44587
44594
44597
44610
44612
44617
44618
44621
44622
44624
44625
44630
44637
44638
44644
44648
44649
44650
44659
44660
44665
44668
44669
44670
44672
44673
44678
44679
44682
44687
44688
44689
44690
44692
44693
44700
44702
44707
44716
44719
44724
44732
44737
44741
44746
44752
44753
44754
44763
44773
44776
44792
44793
44806
44813
44820
44828
44838
44850
44854
44861
44864
44866
44867
44869
44872
44875
44880
44883
44890
44893
44895
44896
44899
44909
44911
44913
44921
44923
44925
44930
44932
44937
44948
44953
44955
44956
44958
44960
44974
44980
44983
44986
44990
45001
45003
45005
45012
45017
45019
45022
45026
45034
45037
45038
45043
45044
45045
45047
45051
45054
45057
45058
45059
45073
45074
45076
45080
45084
45085
45088
45089
45092
45101
45103
45104
45105
45111
45112
45114
45115
45119
45121
45128
45129
45131
45133
45134
45136
45139
45145
45146
45149
45150
45154
45158
45163
45166
45168
45170
45171
45174
45176
45177
45178
45182
45189
45190
45197
45200
45202
45217
45219
45220
45222
45224
45225
45226
45231
45236
45239
45242
45249
45253
45254
45257
45261
45264
45268
45269
45271
45272
45273
45275
45276
45281
45285
45287
45288
45289
45290
45291
45292
45294
45298
45299
45307
45309
45310
45311
45313
45317
45321
45322
45325
45326
45329
45334
45341
45352
45355
45363
45367
45368
45369
45370
45376
45383
45389
45393
45394
45395
45398
45401
45403
45404
45406
45409
45411
45416
45417
45418
45421
45429
45433
45435
45458
45461
45464
45471
45472
45478
45479
45480
45481
45483
45484
45485
45489
45490
45493
45494
45509
45510
45518
45520
45521
45522
45524
45526
45527
45530
45536
45543
45545
45547
45548
45557
45558
45561
45571
45575
45576
45577
45585
45586
45587
45589
45593
45601
45616
45625
45628
45630
45639
45649
45657
45664
45669
45671
45672
45673
45674
45677
45683
45697
45699
45701
45703
45705
45710
45711
45716
45719
45725
45730
45736
45747
45752
45753
45757
45758
45759
45769
45770
45773
45780
45782
45789
45791
45795
45798
45800
45810
45814
45820
45826
45827
45837
45838
45840
45850
45853
45855
45861
45863
45864
45878
45885
45887
45890
45895
45897
45902
45903
45904
45907
45924
45932
45943
45946
45950
45957
45961
45968
45972
45973
45982
45983
45984
45988
45991
45992
45994
46001
46003
46016
46018
46021
46032
46036
46042
46045
46049
46050
46054
46058
46069
46070
46074
46078
46087
46093
46096
46097
46101
46102
46103
46107
46111
46112
46113
46114
46120
46122
46129
46130
46131
46136
46138
46144
46149
46152
46153
46155
46160
46163
46169
46170
46179
46182
46186
46189
46190
46193
46194
46198
46203
46206
46213
46217
46221
46225
46227
46232
46236
46237
46244
46255
46256
46257
46262
46268
46269
46276
46278
46279
46286
46287
46288
46296
46306
46319
46322
46323
46328
46329
46330
46334
46337
46341
46347
46351
46352
46356
46358
46361
46365
46372
46373
46378
46385
46392
46393
46394
46399
46405
46406
46409
46411
46412
46420
46424
46425
46426
46429
46432
46436
46438
46444
46446
46454
46455
46458
46460
46464
46467
46468
46469
46473
46477
46485
46488
46492
46503
46516
46521
46541
46544
46547
46548
46552
46559
46560
46568
46586
46591
46595
46601
46602
46613
46614
46617
46626
46629
46636
46639
46645
46654
46664
46667
46668
46677
46681
46683
46687
46689
46691
46694
46703
46710
46715
46722
46723
46731
46732
46739
46744
46751
46756
46760
46764
46766
46767
46768
46776
46781
46796
46799
46801
46807
46808
46812
46814
46828
46832
46833
46837
46857
46862
46866
46867
46872
46873
46876
46881
46894
46897
46903
46906
46910
46913
46920
46921
46934
46937
46944
46951
46957
46967
46974
46975
46979
46987
47014
47029
47032
47034
47042
47051
47054
47056
47060
47067
47068
47073
47075
47077
47081
47082
47089
47091
47099
47101
47109
47121
47122
47123
47139
47160
47174
47175
47191
47205
47213
47218
47219
47242
47261
47266
47268
47270
47273
47282
47286
47288
47292
47294
47299
47301
47325
47329
47330
47331
47333
47349
47350
47355
47364
47366
47375
47386
47390
47393
47397
47407
47411
47420
47428
47432
47451
47456
47458
47478
47482
47488
47506
47508
47532
47536
47537
47541
47545
47551
47562
47564
47578
47580
47587
47589
47596
47597
47598
47602
47603
47630
47634
47654
47657
47664
47667
47673
47680
47684
47691
47695
47716
47718
47720
47721
47733
47740
47741
47743
47749
47751
47753
47757
47765
47767
47769
47774
47779
47786
47790
47798
47800
47805
47811
47821
47833
47839
47842
47851
47856
47864
47883
47891
47903
47927
47939
47943
47947
47960
47989
47991
47994
48002
48005
48007
48010
48012
48027
48032
48034
48044
48045
48058
48061
48063
48064
48070
48075
48077
48080
48088
48093
48094
48097
48098
48105
48109
48115
48127
48132
48135
48139
48150
48154
48155
48170
48179
48194
48195
48196
48197
48219
48224
48226
48229
48250
48266
48268
48271
48275
48277
48279
48283
48296
48304
48314
48322
48324
48328
48331
48336
48342
48347
48358
48360
48382
48390
48393
48396
48406
48409
48414
48417
48423
48429
48432
48440
48443
48449
48453
48458
48460
48469
48472
48473
48482
48500
48501
48518
48519
48522
48527
48529
48532
48533
48542
48545
48555
48556
48567
48568
48570
48574
48581
48587
48588
48596
48599
48600
48601
48610
48615
48618
48624
48632
48637
48639
48641
48643
48644
48646
48647
48648
48650
48651
48652
48656
48659
48661
48664
48669
48679
48681
48682
48683
48685
48686
48689
48691
48692
48705
48706
48708
48711
48713
48715
48718
48720
48727
48728
48732
48739
48747
48756
48758
48763
48764
48766
48767
48779
48785
48786
48789
48794
48795
48802
48804
48805
48808
48819
48820
48826
48827
48833
48835
48849
48854
48856
48860
48863
48864
48867
48872
48873
48881
48884
48885
48891
48896
48900
48902
48908
48912
48916
48918
48921
48924
48932
48935
48936
48942
48946
48950
48951
48954
48960
48967
48971
48975
48979
48980
48988
48999
49027
49029
49030
49053
49057
49067
49068
49080
49082
49091
49102
49105
49124
49125
49127
49166
49169
49175
49185
49187
49189
49209
49211
49215
49216
49230
49247
49252
49277
49278
49284
49289
49292
49302
49316
49319
49320
49331
49335
49343
49349
49351
49359
49366
49367
49369
49377
49390
49397
49402
49421
49438
49440
49448
49460
49461
49466
49468
49483
49485
49490
49500
49501
49508
49509
49510
49511
49515
49519
49520
49521
49525
49526
49527
49528
49529
49530
49534
49535
49537
49538
49539
49542
49545
49546
49554
49555
49568
49570
49571
49576
49577
49585
49589
49590
49592
49593
49595
49598
49600
49602
49606
49611
49618
49624
49626
49627
49629
49631
49632
49633
49638
49639
49644
49646
49650
49651
49652
49653
49654
49657
49660
49661
49662
49664
49668
49676
49678
49681
49682
49686
49688
49693
49694
49698
49706
49709
49710
49714
49716
49718
49719
49720
49723
49726
49731
49732
49734
49736
49737
49738
49740
49743
49744
49746
49749
49751
49753
49757
49758
49763
49767
49768
49772
49781
49783
49784
49785
49791
49794
49800
49802
49804
49806
49809
49810
49812
49813
49814
49818
49819
49822
49823
49826
49827
49828
49829
49830
49831
49832
49835
49838
49840
49842
49843
49844
49851
49855
49858
49862
49863
49867
49874
49878
49892
49897
49898
49899
49900
49902
49905
49910
49912
49919
49922
49923
49924
49928
49933
49937
49938
49950
49952
49954
49955
49956
49960
49963
49966
49977
49981
49984
49988
49991
49992
49995
49997
