1
2
4
19
21
25
34
57
96
101
123
129
136
140
143
183
184
201
210
214
220
230
231
238
245
262
267
270
272
280
322
323
325
334
344
353
354
355
356
358
368
374
384
395
403
404
407
415
425
433
451
458
461
467
500
506
509
510
514
516
519
523
528
531
535
542
543
544
550
551
552
555
564
566
568
575
581
584
586
588
596
599
600
601
610
611
613
617
618
624
627
628
633
634
638
644
646
649
650
651
654
655
658
660
662
663
664
666
667
677
679
685
686
694
697
700
710
721
722
729
730
731
733
734
740
744
745
748
753
756
759
766
785
788
793
797
802
804
808
809
810
815
817
818
819
820
823
838
841
842
844
854
857
859
862
868
870
876
879
886
894
896
903
912
916
922
925
926
929
934
938
939
944
955
959
961
962
966
986
993
999
1004
1006
1019
1020
1022
1023
1025
1026
1028
1039
1043
1045
1050
1051
1052
1054
1063
1075
1077
1089
1090
1097
1109
1115
1130
1134
1135
1138
1141
1143
1153
1160
1164
1166
1170
1174
1177
1190
1191
1192
1194
1198
1206
1212
1220
1221
1222
1224
1226
1228
1230
1231
1235
1237
1253
1255
1258
1262
1280
1299
1308
1318
1323
1348
1349
1350
1359
1369
1375
1388
1389
1397
1398
1403
1405
1410
1412
1418
1419
1420
1422
1427
1430
1437
1442
1447
1448
1454
1456
1459
1460
1471
1472
1474
1480
1482
1485
1488
1489
1492
1497
1499
1502
1505
1507
1513
1514
1518
1519
1522
1529
1534
1542
1544
1549
1558
1563
1583
1585
1591
1592
1593
1595
1596
1597
1599
1601
1603
1614
1618
1624
1626
1627
1630
1632
1634
1650
1657
1659
1662
1669
1677
1689
1690
1692
1694
1696
1697
1700
1702
1703
1706
1708
1709
1712
1715
1716
1723
1729
1731
1759
1762
1765
1775
1789
1790
1795
1796
1797
1802
1804
1811
1813
1824
1831
1844
1847
1848
1856
1860
1862
1864
1865
1874
1876
1877
1882
1883
1888
1889
1899
1900
1904
1908
1913
1914
1916
1918
1925
1926
1929
1936
1947
1953
1958
1962
1967
1978
1985
1986
1987
1996
2000
2002
2004
2008
2017
2018
2025
2027
2034
2038
2041
2061
2064
2065
2067
2075
2080
2086
2088
2089
2097
2104
2110
2111
2115
2119
2123
2127
2134
2135
2136
2139
2142
2144
2146
2147
2151
2153
2156
2163
2168
2174
2177
2179
2185
2186
2188
2199
2200
2202
2203
2209
2212
2224
2233
2234
2236
2242
2244
2251
2256
2257
2261
2264
2279
2280
2281
2283
2286
2287
2299
2302
2307
2311
2325
2332
2340
2341
2345
2348
2357
2366
2370
2381
2395
2398
2407
2409
2414
2417
2420
2430
2432
2440
2445
2447
2450
2452
2456
2466
2468
2482
2484
2489
2493
2498
2505
2506
2508
2512
2518
2528
2534
2535
2536
2537
2538
2541
2542
2545
2548
2554
2566
2569
2575
2577
2579
2582
2587
2589
2591
2593
2594
2596
2599
2600
2604
2608
2612
2615
2616
2619
2622
2625
2626
2628
2632
2635
2642
2644
2646
2647
2648
2649
2650
2651
2652
2653
2657
2665
2669
2676
2679
2684
2687
2690
2692
2694
2696
2697
2698
2700
2701
2702
2704
2705
2706
2707
2710
2714
2715
2716
2719
2728
2731
2740
2751
2756
2760
2761
2762
2768
2769
2770
2771
2776
2781
2782
2785
2787
2791
2792
2794
2800
2801
2802
2803
2804
2805
2807
2816
2818
2819
2820
2823
2825
2826
2831
2833
2835
2838
2841
2842
2843
2848
2856
2858
2859
2861
2866
2868
2870
2876
2881
2883
2885
2888
2900
2901
2904
2908
2910
2911
2915
2916
2917
2921
2926
2927
2928
2932
2935
2936
2942
2944
2945
2947
2949
2951
2952
2961
2964
2966
2969
2973
2976
2981
2985
2986
2994
2996
2999
3000
3005
3007
3008
3011
3013
3015
3016
3017
3019
3022
3024
3027
3031
3033
3035
3036
3038
3041
3042
3044
3045
3050
3053
3054
3058
3059
3060
3061
3065
3066
3069
3071
3073
3075
3077
3078
3081
3082
3083
3085
3086
3089
3090
3091
3094
3095
3097
3098
3103
3105
3108
3113
3114
3115
3122
3123
3125
3129
3130
3131
3133
3137
3139
3140
3141
3142
3145
3146
3147
3149
3157
3158
3159
3161
3162
3165
3170
3171
3178
3179
3180
3181
3185
3186
3188
3191
3193
3194
3196
3202
3204
3206
3208
3210
3215
3216
3220
3224
3225
3228
3230
3233
3235
3244
3247
3249
3250
3254
3256
3257
3259
3261
3262
3264
3265
3266
3269
3270
3271
3275
3277
3280
3282
3283
3289
3291
3300
3301
3304
3306
3308
3309
3310
3311
3312
3318
3321
3322
3323
3324
3325
3330
3332
3341
3342
3343
3344
3346
3347
3350
3351
3355
3356
3357
3358
3361
3362
3364
3365
3366
3369
3372
3377
3380
3381
3382
3383
3385
3386
3388
3389
3392
3393
3394
3396
3397
3399
3404
3407
3408
3411
3414
3415
3417
3419
3427
3430
3432
3433
3434
3435
3436
3437
3438
3446
3450
3455
3458
3460
3461
3467
3469
3470
3472
3473
3475
3477
3480
3481
3482
3483
3484
3485
3489
3493
3494
3495
3498
3499
3500
3506
3508
3509
3512
3514
3515
3517
3518
3523
3525
3528
3536
3537
3540
3549
3557
3562
3565
3571
3574
3580
3587
3589
3591
3597
3602
3614
3615
3622
3623
3625
3626
3628
3629
3632
3638
3639
3643
3644
3645
3647
3649
3650
3652
3653
3654
3655
3660
3661
3662
3663
3664
3665
3668
3671
3676
3677
3679
3681
3686
3687
3688
3693
3696
3699
3704
3705
3714
3716
3722
3723
3726
3732
3733
3735
3737
3744
3749
3752
3753
3754
3758
3760
3762
3769
3773
3776
3777
3779
3781
3783
3788
3791
3793
3797
3799
3800
3801
3806
3809
3818
3824
3827
3836
3839
3843
3844
3849
3854
3860
3864
3867
3870
3872
3874
3876
3877
3879
3881
3887
3897
3903
3904
3905
3907
3909
3911
3913
3917
3922
3929
3931
3934
3943
3944
3949
3951
3954
3956
3957
3960
3963
3968
3969
3981
3984
3990
3993
3995
3998
4002
4005
4006
4013
4015
4016
4021
4022
4023
4027
4029
4031
4032
4038
4043
4047
4048
4049
4055
4056
4059
4061
4062
4065
4070
4072
4075
4084
4090
4092
4095
4102
4104
4115
4118
4125
4131
4135
4136
4140
4141
4143
4144
4148
4149
4150
4153
4154
4156
4157
4166
4168
4170
4174
4175
4176
4178
4181
4186
4190
4191
4197
4198
4200
4203
4204
4206
4208
4209
4213
4220
4221
4222
4223
4226
4228
4231
4232
4239
4241
4243
4244
4245
4251
4252
4254
4257
4258
4263
4266
4272
4274
4277
4287
4289
4292
4293
4294
4296
4303
4307
4318
4324
4325
4330
4331
4332
4339
4340
4341
4343
4344
4350
4351
4352
4354
4355
4358
4360
4362
4365
4368
4370
4372
4381
4383
4389
4391
4394
4398
4399
4406
4407
4409
4411
4414
4418
4422
4427
4428
4431
4439
4441
4443
4445
4447
4450
4459
4461
4463
4464
4465
4466
4470
4471
4473
4475
4477
4479
4480
4482
4485
4489
4491
4492
4496
4499
4505
4508
4510
4511
4512
4519
4521
4524
4525
4527
4534
4535
4536
4538
4540
4542
4544
4546
4551
4552
4553
4555
4556
4559
4564
4567
4570
4572
4575
4576
4580
4583
4584
4585
4589
4591
4592
4593
4594
4598
4600
4605
4607
4609
4610
4611
4612
4614
4618
4623
4626
4628
4631
4632
4635
4639
4641
4656
4660
4663
4665
4672
4674
4680
4689
4691
4694
4696
4697
4700
4701
4706
4707
4708
4710
4714
4718
4723
4729
4730
4734
4738
4743
4745
4749
4758
4764
4766
4771
4780
4782
4786
4787
4790
4791
4793
4797
4802
4803
4804
4805
4810
4813
4816
4818
4819
4823
4827
4834
4835
4837
4839
4846
4848
4849
4850
4856
4857
4860
4864
4865
4868
4874
4880
4882
4885
4888
4890
4893
4894
4897
4898
4900
4904
4914
4916
4917
4918
4919
4925
4927
4929
4930
4935
4940
4942
4943
4946
4947
4951
4962
4963
4965
4968
4970
4971
4973
4975
4982
4984
4989
4990
4993
4995
4996
4997
4998
5005
5008
5009
5013
5015
5017
5018
5022
5025
5034
5035
5038
5040
5042
5046
5050
5055
5056
5059
5064
5066
5074
5075
5076
5082
5084
5096
5104
5107
5109
5111
5113
5114
5121
5129
5130
5133
5137
5139
5140
5149
5150
5151
5153
5155
5156
5163
5172
5173
5175
5178
5180
5183
5192
5204
5207
5211
5216
5218
5220
5223
5229
5231
5238
5240
5243
5245
5247
5253
5255
5256
5261
5264
5265
5266
5268
5269
5270
5271
5276
5278
5280
5281
5288
5297
5298
5303
5306
5307
5309
5310
5311
5312
5313
5316
5322
5327
5334
5337
5341
5343
5345
5352
5355
5357
5360
5362
5364
5365
5370
5371
5374
5375
5376
5377
5380
5381
5386
5388
5391
5393
5396
5398
5405
5414
5421
5427
5430
5432
5441
5444
5445
5446
5447
5448
5449
5453
5462
5467
5468
5470
5471
5474
5476
5477
5481
5484
5490
5491
5495
5502
5503
5505
5509
5511
5513
5519
5523
5527
5528
5538
5545
5546
5554
5564
5569
5570
5598
5602
5606
5616
5620
5627
5629
5637
5638
5639
5644
5648
5652
5654
5656
5658
5663
5669
5676
5678
5685
5696
5700
5701
5702
5710
5714
5725
5728
5730
5735
5736
5741
5748
5751
5757
5763
5765
5766
5779
5780
5781
5794
5798
5809
5811
5816
5819
5830
5831
5835
5847
5851
5855
5869
5870
5871
5874
5880
5882
5888
5897
5915
5916
5918
5923
5931
5938
5940
5953
5968
5975
5977
5978
5986
5994
5996
6003
6004
6006
6012
6014
6016
6023
6024
6027
6034
6044
6047
6049
6053
6055
6056
6058
6061
6065
6077
6079
6081
6083
6084
6087
6088
6089
6090
6091
6092
6094
6095
6098
6103
6105
6107
6110
6112
6126
6128
6129
6130
6132
6133
6135
6138
6139
6140
6142
6144
6147
6149
6152
6157
6158
6159
6160
6164
6165
6168
6171
6174
6175
6177
6179
6186
6188
6194
6196
6199
6201
6203
6204
6213
6220
6221
6236
6243
6253
6257
6260
6264
6268
6271
6275
6279
6280
6289
6290
6294
6296
6298
6304
6307
6308
6309
6312
6314
6319
6325
6328
6330
6332
6334
6341
6346
6347
6353
6358
6361
6363
6364
6366
6370
6371
6374
6375
6382
6384
6388
6389
6398
6403
6410
6411
6413
6414
6415
6416
6417
6420
6424
6425
6427
6428
6431
6434
6439
6440
6444
6447
6452
6454
6456
6457
6461
6466
6468
6469
6472
6474
6478
6480
6483
6484
6486
6489
6497
6502
6506
6511
6512
6519
6523
6524
6528
6543
6544
6548
6556
6557
6562
6570
6571
6574
6576
6581
6582
6586
6588
6595
6596
6599
6601
6602
6608
6621
6622
6624
6627
6628
6634
6641
6642
6644
6655
6657
6667
6668
6675
6678
6684
6686
6689
6690
6696
6705
6709
6710
6712
6723
6724
6725
6732
6739
6743
6745
6758
6766
6771
6780
6790
6792
6794
6795
6802
6809
6810
6813
6814
6815
6817
6821
6823
6826
6829
6838
6847
6850
6851
6852
6856
6861
6862
6865
6868
6871
6872
6878
6885
6887
6892
6900
6901
6912
6913
6918
6933
6938
6941
6942
6944
6946
6949
6951
6955
6958
6962
6966
6973
6977
6978
6980
6996
7000
7002
7014
7015
7021
7022
7024
7037
7039
7041
7044
7045
7048
7049
7050
7055
7058
7059
7062
7063
7064
7066
7067
7069
7070
7071
7072
7075
7078
7079
7084
7085
7088
7091
7092
7093
7094
7096
7099
7102
7103
7105
7106
7115
7123
7125
7126
7127
7132
7133
7138
7141
7143
7145
7147
7148
7150
7153
7155
7156
7157
7163
7164
7167
7170
7173
7180
7182
7183
7187
7188
7190
7194
7195
7196
7197
7199
7201
7207
7208
7211
7215
7218
7221
7225
7227
7230
7231
7239
7240
7242
7244
7250
7252
7254
7256
7263
7264
7268
7269
7280
7282
7288
7290
7291
7298
7301
7305
7306
7308
7309
7310
7311
7315
7316
7318
7325
7326
7327
7329
7331
7342
7347
7349
7350
7351
7356
7357
7358
7362
7363
7367
7369
7371
7372
7373
7375
7379
7381
7382
7385
7388
7400
7403
7404
7405
7406
7407
7408
7409
7414
7420
7421
7426
7428
7430
7431
7438
7445
7446
7448
7449
7452
7454
7460
7464
7467
7474
7478
7479
7480
7483
7484
7488
7492
7494
7500
7505
7507
7512
7513
7514
7515
7517
7522
7523
7525
7528
7529
7531
7538
7540
7541
7544
7548
7549
7551
7552
7555
7557
7559
7561
7562
7565
7572
7575
7577
7579
7580
7583
7585
7587
7588
7589
7593
7595
7596
7597
7598
7600
7601
7603
7604
7605
7607
7608
7609
7612
7613
7615
7618
7625
7629
7630
7632
7638
7641
7643
7646
7649
7650
7651
7655
7657
7659
7662
7663
7671
7672
7674
7676
7677
7688
7690
7695
7698
7699
7703
7706
7714
7716
7725
7726
7728
7731
7732
7734
7735
7739
7740
7746
7747
7749
7752
7753
7755
7757
7758
7760
7762
7763
7766
7767
7770
7772
7773
7774
7776
7780
7782
7783
7785
7789
7799
7800
7802
7804
7805
7816
7818
7819
7821
7823
7824
7825
7830
7831
7832
7834
7835
7836
7841
7842
7844
7846
7848
7849
7851
7854
7856
7859
7863
7864
7867
7868
7869
7874
7875
7877
7882
7883
7885
7886
7888
7889
7890
7897
7898
7903
7904
7907
7908
7911
7912
7913
7914
7915
7916
7917
7919
7920
7921
7923
7926
7930
7933
7934
7938
7939
7941
7942
7945
7946
7955
7957
7958
7961
7963
7965
7968
7970
7971
7974
7975
7976
7977
7984
7985
7986
7989
7990
7991
7992
7993
7994
7996
7997
7998
7999
8001
8005
8006
8007
8013
8015
8016
8018
8033
8036
8037
8038
8040
8041
8045
8048
8049
8050
8056
8057
8058
8060
8061
8062
8064
8074
8078
8080
8086
8087
8092
8096
8101
8109
8111
8113
8115
8116
8121
8123
8127
8129
8130
8136
8137
8144
8148
8149
8151
8153
8154
8156
8159
8160
8162
8167
8169
8173
8174
8175
8178
8182
8183
8186
8191
8192
8196
8201
8207
8212
8214
8217
8223
8226
8229
8231
8232
8233
8235
8237
8243
8244
8246
8247
8250
8252
8256
8261
8263
8269
8271
8273
8279
8280
8282
8284
8285
8292
8294
8296
8297
8301
8302
8315
8324
8330
8333
8335
8337
8338
8342
8343
8347
8355
8360
8364
8366
8373
8374
8378
8379
8382
8387
8388
8390
8392
8394
8395
8396
8398
8399
8405
8409
8410
8413
8415
8417
8420
8423
8425
8430
8431
8432
8433
8436
8437
8441
8442
8445
8447
8448
8449
8450
8452
8461
8463
8469
8470
8474
8479
8481
8483
8490
8491
8494
8496
8503
8504
8518
8521
8524
8527
8529
8531
8532
8535
8536
8544
8545
8547
8548
8555
8558
8563
8566
8568
8571
8572
8573
8578
8589
8594
8595
8596
8597
8599
8600
8603
8609
8611
8615
8619
8624
8625
8629
8632
8636
8642
8643
8644
8647
8649
8650
8652
8655
8656
8658
8659
8662
8663
8665
8666
8670
8671
8672
8674
8676
8680
8682
8686
8690
8693
8705
8708
8709
8713
8714
8717
8719
8721
8722
8723
8741
8743
8744
8751
8754
8760
8761
8762
8770
8772
8775
8777
8782
8784
8790
8792
8796
8797
8799
8809
8816
8819
8820
8837
8839
8842
8844
8845
8852
8854
8861
8862
8869
8871
8872
8873
8876
8883
8884
8891
8892
8894
8899
8902
8909
8910
8915
8916
8917
8921
8922
8928
8929
8932
8933
8939
8941
8947
8950
8952
8959
8960
8966
8967
8968
8969
8979
8980
8981
8983
8990
8993
8994
8995
8996
8998
8999
9003
9004
9007
9012
9013
9015
9016
9018
9024
9027
9029
9033
9038
9044
9045
9046
9054
9056
9059
9060
9061
9064
9076
9077
9078
9079
9080
9085
9087
9089
9091
9092
9094
9100
9102
9104
9107
9110
9112
9117
9120
9124
9125
9126
9128
9129
9130
9131
9134
9135
9143
9145
9146
9156
9157
9159
9161
9163
9165
9169
9174
9175
9177
9182
9185
9187
9188
9198
9200
9201
9202
9204
9205
9206
9208
9209
9211
9213
9215
9218
9219
9221
9222
9223
9224
9226
9228
9234
9235
9236
9240
9241
9247
9251
9252
9253
9255
9256
9260
9262
9264
9266
9267
9268
9270
9271
9272
9274
9275
9278
9285
9286
9289
9297
9298
9305
9306
9307
9308
9310
9311
9313
9316
9322
9327
9328
9329
9332
9336
9337
9338
9343
9347
9349
9351
9354
9356
9357
9358
9359
9362
9363
9364
9367
9376
9377
9383
9384
9385
9386
9387
9388
9391
9393
9394
9403
9404
9406
9408
9409
9410
9417
9422
9426
9430
9432
9435
9437
9440
9445
9446
9450
9451
9453
9454
9458
9459
9462
9463
9465
9468
9471
9472
9474
9475
9478
9480
9481
9484
9488
9491
9492
9493
9494
9495
9502
9507
9514
9516
9518
9519
9521
9523
9527
9528
9529
9530
9533
9538
9540
9542
9543
9544
9546
9549
9552
9554
9556
9560
9564
9565
9573
9574
9577
9582
9583
9584
9587
9588
9590
9594
9595
9596
9602
9606
9609
9610
9615
9619
9621
9625
9627
9630
9636
9642
9648
9649
9656
9658
9659
9660
9661
9666
9669
9670
9672
9675
9677
9678
9679
9680
9682
9686
9692
9696
9697
9703
9708
9712
9717
9718
9719
9720
9722
9726
9732
9736
9739
9740
9745
9748
9750
9755
9758
9761
9763
9764
9770
9771
9772
9775
9776
9778
9780
9783
9786
9788
9789
9791
9801
9802
9803
9805
9808
9812
9815
9817
9823
9825
9827
9830
9839
9842
9844
9846
9847
9849
9852
9853
9856
9858
9860
9862
9863
9866
9869
9874
9875
9879
9880
9881
9882
9887
9888
9889
9896
9899
9904
9906
9909
9916
9920
9921
9931
9932
9933
9938
9939
9940
9941
9943
9944
9946
9949
9955
9958
9960
9961
9964
9965
9972
9975
9982
9985
9988
9992
9993
9995
9996
9999
10003
10004
10006
10056
10083
10099
10136
10149
10150
10155
10159
10162
10169
10170
10174
10184
10186
10200
10211
10235
10251
10278
10316
10335
10338
10348
10350
10392
10428
10429
10444
10463
10479
10507
10508
10514
10516
10524
10527
10534
10536
10541
10543
10544
10546
10547
10550
10555
10560
10561
10563
10576
10578
10586
10593
10617
10619
10621
10632
10645
10649
10652
10659
10661
10662
10663
10666
10673
10681
10688
10692
10701
10712
10719
10720
10728
10742
10744
10745
10776
10782
10789
10794
10795
10796
10798
10804
10810
10812
10816
10830
10835
10840
10842
10845
10850
10852
10859
10865
10866
10875
10876
10881
10882
10884
10885
10887
10893
10903
10928
10933
10936
10938
10939
10940
10941
10944
10945
10949
10952
10957
10959
10961
10963
10964
10965
10967
10971
10974
10978
10982
10985
11002
11004
11006
11009
11010
11013
11020
11021
11023
11025
11029
11032
11036
11040
11042
11046
11051
11052
11053
11056
11057
11061
11062
11065
11067
11069
11071
11072
11075
11077
11081
11087
11097
11102
11103
11105
11110
11113
11115
11116
11117
11120
11121
11122
11123
11125
11128
11133
11138
11139
11140
11142
11145
11150
11151
11155
11157
11159
11160
11163
11165
11168
11169
11175
11176
11177
11179
11182
11185
11186
11189
11191
11192
11193
11201
11202
11210
11212
11215
11219
11221
11224
11229
11233
11235
11236
11239
11241
11243
11245
11246
11250
11254
11259
11260
11261
11265
11267
11270
11274
11275
11276
11278
11286
11299
11301
11302
11303
11306
11307
11309
11310
11311
11316
11318
11321
11338
11345
11347
11349
11350
11351
11353
11355
11356
11357
11359
11360
11361
11362
11363
11366
11370
11372
11376
11378
11380
11383
11384
11386
11387
11388
11389
11395
11397
11400
11406
11410
11411
11412
11416
11417
11418
11421
11422
11423
11427
11428
11430
11432
11434
11435
11437
11441
11442
11454
11455
11456
11459
11463
11465
11466
11467
11468
11475
11476
11478
11483
11488
11492
11494
11496
11499
11501
11505
11506
11507
11510
11513
11514
11515
11516
11517
11519
11526
11529
11530
11533
11535
11536
11541
11542
11543
11544
11545
11546
11550
11551
11554
11557
11558
11559
11563
11565
11566
11567
11570
11572
11573
11575
11577
11578
11579
11580
11582
11589
11590
11592
11593
11595
11598
11602
11605
11607
11611
11614
11616
11617
11619
11621
11622
11623
11624
11625
11626
11633
11634
11635
11636
11640
11642
11643
11644
11648
11649
11650
11653
11656
11658
11659
11660
11661
11662
11663
11668
11671
11675
11679
11681
11683
11690
11694
11696
11697
11699
11705
11707
11709
11711
11713
11715
11719
11720
11722
11723
11724
11726
11727
11728
11729
11731
11732
11734
11737
11738
11739
11743
11744
11745
11750
11752
11753
11755
11756
11759
11760
11762
11763
11766
11767
11768
11769
11771
11772
11773
11775
11778
11780
11782
11784
11786
11789
11790
11792
11793
11794
11796
11800
11801
11806
11807
11808
11810
11812
11813
11814
11815
11817
11818
11822
11825
11827
11828
11829
11830
11832
11834
11835
11837
11840
11843
11844
11845
11847
11848
11852
11853
11855
11858
11861
11862
11865
11866
11867
11868
11870
11872
11876
11877
11880
11882
11884
11885
11886
11888
11889
11891
11898
11899
11900
11903
11904
11905
11906
11911
11912
11913
11914
11918
11920
11925
11928
11931
11932
11935
11938
11939
11940
11941
11942
11943
11944
11947
11949
11950
11951
11952
11954
11956
11957
11958
11961
11963
11964
11965
11966
11969
11970
11971
11974
11975
11977
11979
11981
11990
11992
11994
11995
11996
11999
12021
12029
12039
12040
12041
12049
12058
12066
12079
12084
12085
12098
12109
12114
12119
12143
12145
12147
12159
12170
12182
12183
12202
12210
12213
12218
12224
12233
12240
12242
12255
12265
12280
12290
12297
12301
12303
12305
12311
12312
12323
12335
12350
12351
12372
12373
12383
12384
12391
12394
12396
12398
12414
12423
12428
12433
12434
12454
12465
12473
12480
12484
12485
12486
12488
12491
12492
12500
12503
12505
12506
12508
12510
12511
12512
12514
12516
12524
12526
12530
12535
12539
12540
12541
12545
12548
12549
12551
12552
12554
12555
12556
12569
12572
12573
12575
12578
12584
12585
12588
12589
12592
12600
12601
12602
12603
12604
12605
12606
12607
12608
12612
12613
12617
12620
12624
12628
12629
12631
12633
12636
12637
12638
12641
12642
12644
12645
12647
12650
12651
12655
12656
12658
12660
12662
12664
12666
12672
12675
12677
12687
12690
12691
12694
12695
12698
12701
12708
12711
12712
12717
12719
12720
12725
12729
12731
12735
12737
12741
12743
12746
12750
12752
12756
12759
12760
12761
12762
12765
12767
12774
12776
12780
12781
12782
12784
12785
12786
12787
12789
12790
12792
12794
12796
12800
12801
12802
12804
12807
12808
12812
12823
12824
12827
12828
12831
12832
12835
12839
12840
12842
12845
12846
12849
12850
12852
12858
12861
12864
12866
12868
12873
12880
12883
12884
12885
12886
12887
12888
12894
12895
12897
12908
12909
12910
12912
12913
12920
12923
12930
12931
12933
12936
12940
12943
12944
12945
12948
12949
12950
12951
12953
12955
12957
12960
12962
12964
12966
12967
12970
12971
12973
12974
12977
12980
12984
12985
12991
12992
12994
12996
13001
13003
13004
13006
13007
13008
13009
13010
13011
13012
13013
13015
13018
13019
13021
13022
13023
13025
13027
13028
13029
13030
13033
13035
13036
13041
13043
13044
13045
13047
13048
13049
13051
13055
13056
13062
13063
13064
13065
13069
13071
13072
13074
13075
13078
13081
13082
13085
13087
13088
13090
13091
13093
13096
13100
13103
13104
13108
13109
13112
13113
13114
13115
13116
13122
13123
13127
13129
13130
13132
13133
13134
13137
13138
13140
13142
13149
13150
13154
13155
13161
13162
13163
13165
13166
13167
13169
13170
13172
13173
13174
13175
13176
13177
13178
13180
13182
13186
13191
13194
13195
13197
13199
13200
13202
13203
13206
13208
13209
13210
13212
13216
13217
13218
13219
13221
13226
13228
13232
13233
13234
13236
13239
13240
13244
13245
13246
13247
13250
13251
13252
13256
13258
13260
13261
13262
13264
13265
13266
13267
13268
13269
13270
13273
13274
13275
13281
13284
13287
13288
13289
13291
13293
13294
13297
13298
13299
13301
13302
13303
13305
13311
13313
13315
13316
13321
13324
13325
13326
13327
13328
13330
13331
13335
13342
13343
13344
13345
13347
13349
13350
13352
13353
13354
13355
13359
13361
13367
13369
13372
13373
13374
13378
13382
13383
13385
13387
13390
13391
13392
13394
13398
13399
13400
13404
13405
13408
13411
13413
13416
13418
13419
13422
13424
13426
13427
13428
13431
13432
13438
13439
13441
13444
13448
13449
13451
13455
13456
13457
13459
13460
13465
13466
13467
13469
13470
13471
13472
13473
13474
13475
13477
13479
13480
13481
13482
13483
13487
13494
13497
13500
13503
13505
13508
13510
13513
13517
13519
13520
13521
13522
13523
13532
13535
13540
13543
13546
13548
13549
13556
13558
13560
13561
13564
13566
13570
13571
13573
13575
13576
13580
13582
13583
13584
13585
13586
13587
13589
13592
13593
13594
13595
13596
13598
13601
13602
13604
13605
13606
13610
13611
13613
13614
13617
13619
13621
13622
13623
13624
13630
13634
13638
13639
13641
13642
13643
13647
13648
13652
13653
13656
13658
13660
13661
13665
13667
13668
13671
13677
13678
13679
13680
13681
13683
13684
13687
13689
13695
13698
13702
13703
13705
13708
13710
13712
13714
13719
13722
13723
13724
13725
13729
13731
13732
13733
13734
13740
13745
13746
13748
13750
13752
13755
13756
13757
13758
13762
13765
13766
13767
13768
13769
13770
13772
13776
13777
13778
13779
13782
13784
13785
13788
13801
13802
13805
13810
13812
13814
13815
13817
13819
13822
13824
13825
13826
13827
13828
13829
13830
13832
13835
13836
13837
13838
13841
13842
13846
13848
13849
13850
13852
13863
13865
13866
13867
13871
13876
13879
13882
13885
13886
13889
13890
13893
13895
13897
13898
13904
13906
13907
13909
13911
13913
13914
13916
13918
13919
13922
13923
13924
13925
13927
13928
13929
13930
13935
13936
13938
13942
13944
13945
13946
13948
13949
13950
13953
13954
13957
13958
13961
13963
13964
13966
13969
13971
13974
13977
13978
13983
13984
13985
13987
13989
13991
13993
14007
14017
14022
14023
14028
14030
14034
14035
14040
14044
14051
14055
14064
14065
14076
14078
14080
14088
14089
14092
14100
14115
14128
14137
14148
14150
14154
14158
14160
14161
14162
14164
14170
14175
14182
14194
14197
14199
14200
14206
14210
14214
14215
14216
14220
14225
14226
14229
14236
14246
14251
14258
14263
14267
14269
14274
14276
14284
14288
14289
14294
14295
14298
14303
14306
14309
14310
14311
14316
14319
14320
14322
14323
14324
14328
14329
14335
14337
14343
14353
14360
14367
14369
14371
14380
14394
14398
14399
14400
14403
14409
14414
14415
14429
14432
14435
14437
14444
14448
14465
14468
14490
14500
14501
14506
14507
14509
14510
14512
14513
14518
14523
14524
14534
14539
14541
14545
14548
14549
14552
14557
14558
14559
14568
14570
14571
14573
14574
14581
14583
14585
14587
14590
14592
14599
14602
14603
14605
14606
14608
14610
14613
14618
14619
14620
14621
14623
14625
14627
14635
14636
14637
14641
14643
14644
14645
14647
14650
14651
14658
14662
14665
14666
14668
14669
14675
14676
14678
14679
14680
14687
14690
14692
14695
14697
14698
14701
14707
14709
14710
14718
14719
14720
14725
14729
14734
14738
14744
14745
14746
14747
14748
14749
14751
14756
14758
14759
14760
14765
14767
14768
14771
14772
14775
14776
14777
14778
14781
14782
14783
14786
14789
14790
14791
14794
14797
14802
14807
14809
14810
14812
14818
14819
14820
14823
14824
14831
14834
14835
14840
14843
14844
14845
14851
14852
14853
14854
14856
14860
14868
14872
14873
14874
14875
14876
14877
14880
14883
14884
14888
14891
14901
14902
14903
14906
14911
14913
14917
14918
14919
14921
14922
14926
14927
14935
14937
14940
14941
14943
14944
14945
14949
14952
14953
14954
14957
14960
14961
14969
14970
14972
14974
14975
14978
14986
14987
14990
14991
14992
14994
14997
15000
15004
15014
15017
15022
15025
15030
15038
15042
15046
15047
15051
15069
15070
15077
15085
15091
15092
15096
15097
15108
15111
15120
15129
15130
15133
15144
15147
15151
15155
15157
15160
15161
15172
15174
15176
15177
15201
15208
15212
15217
15221
15233
15235
15237
15248
15251
15252
15261
15262
15263
15268
15273
15274
15285
15290
15291
15292
15293
15300
15309
15317
15319
15323
15335
15338
15342
15344
15350
15363
15366
15368
15374
15386
15387
15395
15397
15402
15421
15422
15427
15441
15444
15447
15452
15454
15455
15461
15464
15466
15469
15470
15497
15498
15500
15504
15509
15512
15513
15517
15519
15520
15524
15529
15537
15543
15545
15547
15558
15562
15564
15566
15569
15571
15575
15579
15582
15583
15585
15587
15588
15591
15592
15594
15598
15601
15605
15606
15609
15611
15613
15615
15624
15626
15627
15634
15640
15642
15644
15645
15647
15649
15652
15655
15656
15658
15670
15672
15675
15676
15678
15681
15683
15685
15687
15688
15698
15699
15700
15701
15706
15707
15708
15711
15712
15714
15715
15722
15725
15726
15727
15729
15730
15731
15736
15738
15739
15740
15742
15748
15749
15750
15754
15757
15770
15772
15780
15783
15790
15800
15802
15809
15813
15819
15820
15824
15828
15829
15830
15831
15833
15834
15835
15837
15839
15840
15841
15846
15855
15856
15858
15859
15861
15866
15867
15874
15875
15881
15884
15885
15887
15888
15889
15892
15901
15904
15910
15912
15915
15918
15920
15921
15923
15924
15925
15930
15932
15939
15940
15942
15944
15946
15950
15954
15965
15967
15968
15970
15976
15981
15983
15986
15987
15991
15992
15996
15998
16000
16001
16004
16005
16008
16010
16014
16015
16018
16019
16021
16022
16024
16026
16027
16028
16030
16031
16032
16033
16036
16039
16040
16041
16042
16043
16045
16046
16048
16049
16050
16055
16057
16058
16064
16065
16067
16070
16071
16073
16074
16082
16084
16089
16093
16094
16095
16096
16105
16107
16109
16112
16113
16114
16115
16121
16123
16129
16132
16135
16137
16142
16143
16144
16146
16149
16150
16151
16152
16153
16154
16156
16159
16161
16163
16164
16165
16167
16170
16171
16174
16175
16176
16177
16180
16185
16186
16191
16195
16197
16201
16203
16205
16206
16208
16209
16210
16212
16213
16216
16217
16220
16221
16222
16224
16227
16230
16231
16233
16236
16238
16239
16240
16242
16243
16244
16245
16246
16248
16250
16252
16254
16262
16265
16267
16268
16271
16273
16274
16277
16278
16279
16280
16281
16283
16284
16288
16289
16291
16292
16293
16294
16296
16297
16298
16299
16300
16301
16303
16304
16305
16306
16307
16308
16309
16311
16313
16317
16319
16320
16322
16324
16329
16338
16339
16340
16341
16347
16348
16349
16350
16351
16352
16353
16354
16355
16356
16359
16363
16366
16368
16372
16374
16375
16378
16381
16384
16386
16387
16388
16389
16390
16391
16393
16394
16396
16397
16398
16400
16403
16408
16410
16411
16412
16414
16417
16421
16424
16425
16426
16434
16436
16441
16443
16451
16452
16456
16457
16460
16461
16463
16464
16468
16469
16471
16473
16477
16481
16482
16483
16484
16486
16487
16493
16497
16498
16501
16502
16506
16508
16513
16520
16521
16522
16526
16527
16529
16535
16536
16537
16539
16541
16542
16545
16548
16549
16559
16562
16565
16569
16573
16576
16577
16578
16589
16593
16595
16597
16599
16607
16612
16614
16615
16616
16617
16619
16623
16625
16636
16638
16644
16645
16653
16655
16659
16660
16662
16665
16671
16672
16677
16692
16694
16697
16709
16710
16711
16712
16714
16715
16723
16727
16730
16733
16734
16736
16745
16746
16747
16757
16759
16765
16770
16775
16776
16778
16783
16785
16787
16789
16794
16801
16804
16805
16808
16812
16813
16817
16824
16826
16827
16828
16831
16834
16836
16844
16845
16852
16854
16857
16862
16863
16869
16871
16873
16874
16884
16885
16891
16893
16894
16896
16902
16904
16915
16919
16924
16926
16933
16938
16939
16940
16943
16946
16947
16949
16954
16961
16962
16969
16971
16974
16976
16977
16986
16993
16999
17000
17001
17002
17004
17005
17013
17015
17016
17017
17018
17021
17022
17023
17024
17028
17030
17032
17033
17035
17036
17039
17041
17042
17043
17044
17046
17048
17050
17054
17056
17059
17061
17062
17064
17070
17072
17073
17075
17076
17077
17078
17080
17083
17085
17086
17087
17088
17089
17091
17092
17093
17095
17099
17101
17103
17110
17114
17115
17116
17124
17126
17127
17128
17129
17131
17132
17135
17136
17138
17141
17142
17144
17145
17146
17150
17151
17155
17157
17158
17159
17160
17163
17167
17168
17170
17172
17173
17174
17175
17176
17179
17180
17184
17186
17188
17189
17190
17191
17195
17197
17199
17200
17201
17202
17203
17209
17211
17213
17215
17218
17220
17228
17229
17230
17235
17236
17238
17240
17243
17248
17251
17254
17255
17256
17258
17261
17263
17265
17266
17273
17274
17275
17276
17277
17278
17280
17281
17284
17285
17287
17289
17291
17293
17294
17297
17298
17300
17302
17303
17304
17305
17306
17307
17308
17309
17311
17315
17318
17321
17323
17328
17329
17332
17333
17334
17335
17336
17338
17342
17343
17344
17346
17347
17352
17353
17355
17358
17369
17370
17371
17378
17380
17381
17383
17384
17386
17387
17390
17391
17393
17396
17397
17398
17401
17402
17405
17408
17412
17413
17417
17418
17420
17422
17424
17425
17427
17428
17430
17431
17434
17436
17437
17439
17440
17441
17444
17445
17449
17454
17455
17457
17458
17459
17463
17464
17465
17467
17468
17470
17472
17474
17475
17478
17479
17480
17481
17482
17484
17485
17488
17489
17490
17492
17494
17495
17496
17497
17498
17499
17502
17504
17520
17541
17542
17553
17554
17558
17563
17565
17566
17576
17577
17580
17581
17587
17597
17599
17606
17618
17622
17623
17628
17629
17631
17633
17634
17641
17647
17648
17658
17670
17673
17674
17677
17678
17686
17690
17702
17707
17710
17714
17716
17724
17731
17734
17741
17742
17749
17762
17774
17775
17777
17789
17798
17810
17819
17829
17833
17839
17842
17846
17848
17853
17854
17858
17860
17861
17868
17882
17883
17888
17900
17924
17927
17931
17939
17940
17945
17949
17956
17963
17973
17986
17994
17999
18000
18001
18004
18005
18014
18019
18024
18029
18032
18035
18038
18039
18046
18048
18049
18052
18053
18060
18066
18068
18074
18075
18078
18080
18082
18090
18092
18093
18094
18095
18099
18113
18114
18119
18122
18123
18131
18132
18136
18137
18143
18153
18156
18161
18166
18167
18170
18171
18176
18178
18182
18183
18184
18185
18190
18192
18199
18201
18203
18206
18208
18212
18221
18222
18223
18225
18227
18229
18233
18234
18235
18237
18240
18242
18246
18252
18258
18270
18272
18277
18278
18283
18289
18294
18296
18298
18299
18300
18302
18304
18307
18308
18316
18320
18323
18324
18328
18330
18334
18335
18336
18337
18338
18339
18342
18351
18360
18363
18364
18367
18370
18371
18375
18386
18395
18396
18401
18402
18408
18410
18413
18418
18424
18425
18428
18429
18430
18434
18435
18436
18439
18441
18442
18443
18444
18445
18450
18454
18456
18457
18458
18459
18462
18467
18469
18470
18473
18477
18482
18484
18486
18491
18498
18502
18505
18507
18512
18516
18518
18528
18529
18531
18536
18547
18553
18568
18577
18580
18586
18596
18602
18605
18608
18613
18614
18624
18641
18649
18657
18688
18701
18715
18724
18725
18726
18731
18743
18752
18763
18767
18772
18779
18781
18782
18790
18791
18801
18805
18808
18810
18814
18818
18830
18832
18835
18842
18848
18854
18856
18883
18887
18898
18900
18911
18912
18920
18921
18929
18936
18940
18955
18958
18962
18968
18972
18973
18974
18980
18984
18986
18992
18994
19001
19002
19003
19008
19009
19013
19021
19024
19028
19029
19030
19031
19032
19034
19035
19037
19039
19040
19041
19044
19049
19056
19057
19058
19060
19063
19066
19068
19069
19072
19073
19076
19078
19082
19084
19086
19088
19090
19091
19092
19093
19094
19096
19097
19098
19099
19106
19107
19110
19111
19114
19115
19116
19118
19120
19121
19126
19128
19129
19130
19131
19134
19136
19137
19138
19139
19140
19143
19147
19149
19153
19155
19164
19165
19166
19168
19169
19182
19186
19187
19195
19196
19197
19198
19204
19206
19207
19209
19210
19214
19218
19221
19224
19230
19233
19234
19236
19237
19241
19242
19243
19244
19248
19249
19250
19251
19252
19255
19259
19260
19261
19262
19263
19265
19268
19270
19271
19272
19274
19276
19277
19279
19281
19282
19291
19292
19295
19298
19303
19313
19316
19318
19319
19320
19322
19323
19324
19325
19326
19327
19329
19330
19336
19337
19339
19350
19355
19356
19360
19363
19364
19365
19368
19373
19378
19383
19387
19388
19390
19391
19394
19395
19397
19398
19401
19402
19409
19410
19411
19412
19413
19414
19415
19416
19417
19420
19422
19423
19425
19426
19427
19430
19434
19436
19437
19442
19449
19450
19453
19455
19461
19464
19465
19467
19468
19472
19475
19476
19477
19479
19480
19481
19482
19486
19488
19490
19492
19498
19500
19501
19503
19504
19513
19514
19516
19518
19519
19521
19522
19524
19525
19526
19527
19529
19530
19534
19541
19545
19548
19549
19550
19555
19560
19562
19563
19564
19565
19566
19567
19568
19569
19574
19575
19579
19580
19581
19583
19586
19587
19591
19593
19595
19597
19598
19601
19602
19603
19604
19606
19608
19609
19611
19612
19614
19618
19621
19622
19623
19624
19625
19629
19630
19638
19641
19642
19643
19644
19645
19646
19647
19648
19651
19652
19655
19658
19662
19663
19665
19667
19668
19672
19673
19675
19677
19680
19681
19682
19685
19687
19689
19690
19691
19692
19693
19694
19701
19703
19704
19707
19709
19713
19716
19717
19719
19721
19723
19726
19727
19728
19730
19731
19735
19737
19738
19739
19741
19742
19743
19745
19746
19747
19748
19752
19755
19758
19759
19760
19761
19762
19764
19766
19767
19768
19769
19773
19774
19775
19776
19778
19779
19780
19781
19782
19783
19784
19785
19789
19790
19793
19794
19795
19796
19799
19802
19804
19806
19807
19810
19811
19812
19813
19817
19822
19824
19826
19827
19830
19834
19835
19837
19839
19841
19842
19843
19845
19846
19847
19854
19857
19858
19860
19861
19864
19867
19868
19869
19872
19875
19876
19878
19879
19881
19883
19891
19892
19894
19896
19899
19902
19903
19904
19910
19911
19912
19913
19916
19917
19919
19920
19922
19923
19924
19926
19928
19930
19931
19932
19933
19935
19936
19937
19939
19941
19943
19944
19945
19946
19947
19948
19951
19952
19956
19962
19964
19965
19966
19967
19971
19973
19975
19976
19977
19979
19980
19982
19983
19984
19985
19988
19992
19993
19997
19998
20001
20002
20003
20005
20006
20008
20009
20010
20011
20012
20013
20016
20017
20025
20028
20033
20035
20036
20037
20039
20041
20049
20050
20062
20066
20069
20070
20071
20073
20080
20084
20087
20088
20089
20090
20091
20094
20095
20096
20097
20103
20104
20107
20111
20112
20113
20115
20118
20120
20126
20131
20134
20144
20146
20147
20148
20150
20151
20157
20158
20160
20161
20163
20166
20172
20173
20174
20177
20179
20184
20185
20188
20189
20191
20192
20193
20194
20195
20200
20204
20207
20208
20221
20227
20228
20229
20230
20238
20244
20246
20247
20251
20254
20259
20260
20263
20267
20272
20273
20275
20277
20278
20279
20280
20282
20288
20290
20291
20292
20293
20298
20300
20301
20302
20308
20309
20312
20316
20317
20318
20319
20320
20323
20328
20329
20335
20336
20337
20339
20344
20345
20346
20356
20362
20365
20367
20368
20377
20382
20386
20387
20391
20393
20396
20397
20401
20402
20403
20404
20405
20409
20410
20414
20417
20418
20420
20422
20423
20425
20427
20428
20429
20431
20435
20436
20438
20441
20442
20446
20454
20457
20460
20465
20466
20467
20468
20472
20473
20474
20475
20476
20479
20480
20482
20483
20484
20487
20490
20491
20497
20505
20511
20515
20516
20517
20520
20524
20527
20529
20535
20538
20540
20545
20548
20549
20552
20553
20556
20559
20562
20563
20574
20578
20583
20588
20591
20592
20593
20598
20599
20601
20605
20607
20608
20610
20611
20614
20619
20620
20625
20626
20628
20630
20631
20634
20637
20642
20647
20651
20656
20663
20668
20671
20672
20674
20678
20680
20681
20684
20687
20688
20689
20692
20694
20695
20696
20701
20710
20715
20716
20720
20722
20723
20725
20727
20732
20733
20739
20741
20742
20748
20750
20757
20761
20762
20766
20767
20768
20777
20778
20779
20782
20785
20788
20794
20797
20801
20802
20803
20810
20812
20814
20818
20824
20825
20827
20828
20829
20831
20833
20835
20843
20845
20846
20847
20848
20852
20856
20860
20863
20864
20865
20866
20871
20874
20877
20878
20879
20883
20884
20885
20886
20887
20888
20895
20896
20899
20904
20906
20909
20910
20912
20914
20915
20917
20918
20919
20922
20924
20930
20939
20943
20944
20948
20954
20959
20961
20967
20971
20973
20975
20976
20977
20978
20985
20986
20987
20988
20991
20992
20996
21011
21017
21018
21024
21025
21026
21031
21036
21039
21044
21048
21052
21069
21070
21073
21074
21076
21088
21090
21097
21099
21100
21105
21111
21112
21115
21116
21118
21119
21128
21141
21145
21146
21155
21157
21161
21162
21164
21166
21167
21172
21174
21178
21180
21184
21190
21193
21201
21202
21204
21213
21214
21215
21216
21217
21218
21222
21223
21224
21225
21237
21238
21240
21242
21246
21247
21251
21259
21263
21265
21268
21273
21278
21279
21282
21283
21286
21303
21304
21305
21308
21312
21319
21322
21329
21333
21334
21335
21338
21346
21349
21350
21355
21357
21359
21362
21364
21365
21370
21384
21390
21400
21401
21402
21410
21413
21416
21417
21422
21423
21427
21429
21432
21433
21439
21443
21444
21463
21469
21473
21475
21477
21495
21496
21503
21504
21507
21508
21509
21510
21513
21514
21515
21519
21522
21525
21527
21529
21533
21534
21536
21538
21542
21544
21545
21546
21549
21550
21551
21553
21556
21557
21561
21562
21563
21565
21566
21570
21571
21576
21577
21578
21581
21582
21586
21587
21588
21590
21591
21592
21593
21596
21597
21599
21600
21603
21605
21608
21609
21612
21613
21615
21616
21618
21620
21621
21622
21623
21624
21628
21629
21630
21639
21640
21641
21643
21645
21646
21648
21649
21650
21652
21653
21655
21657
21658
21659
21662
21664
21665
21668
21669
21670
21671
21672
21674
21675
21679
21682
21683
21684
21685
21690
21693
21694
21698
21699
21702
21706
21708
21709
21711
21712
21716
21717
21718
21719
21720
21721
21722
21726
21728
21733
21734
21736
21738
21739
21740
21741
21743
21744
21747
21750
21752
21754
21757
21758
21759
21761
21762
21764
21765
21779
21782
21786
21790
21792
21793
21794
21795
21800
21801
21802
21803
21804
21806
21807
21811
21812
21813
21814
21815
21817
21819
21820
21821
21822
21823
21826
21828
21829
21831
21832
21837
21840
21841
21843
21844
21845
21849
21850
21851
21852
21861
21862
21866
21869
21870
21871
21874
21875
21876
21878
21883
21885
21886
21887
21890
21891
21892
21893
21895
21897
21898
21901
21902
21903
21907
21908
21909
21910
21911
21912
21921
21924
21925
21926
21928
21929
21930
21932
21934
21936
21937
21939
21940
21941
21943
21944
21947
21955
21957
21961
21962
21966
21969
21970
21973
21975
21978
21979
21980
21984
21988
21992
21993
22006
22007
22010
22016
22019
22020
22021
22024
22025
22026
22033
22036
22038
22043
22045
22046
22049
22055
22058
22061
22063
22068
22069
22070
22072
22077
22078
22080
22081
22086
22087
22090
22091
22093
22097
22099
22100
22102
22103
22107
22110
22114
22117
22132
22134
22142
22147
22150
22151
22154
22157
22159
22161
22163
22169
22171
22172
22173
22174
22175
22180
22186
22189
22195
22200
22204
22206
22210
22213
22215
22217
22219
22223
22234
22236
22238
22239
22251
22253
22264
22269
22273
22277
22279
22281
22292
22293
22294
22295
22298
22313
22318
22324
22328
22337
22339
22344
22348
22356
22364
22365
22370
22371
22377
22378
22390
22392
22401
22408
22411
22412
22422
22428
22430
22432
22443
22446
22449
22452
22453
22454
22459
22463
22468
22469
22472
22475
22480
22481
22482
22483
22487
22488
22489
22493
22494
22495
22496
22498
22500
22501
22504
22506
22509
22512
22513
22514
22515
22516
22517
22522
22523
22526
22528
22530
22533
22535
22536
22538
22539
22540
22543
22544
22545
22547
22551
22553
22554
22557
22558
22560
22561
22562
22564
22565
22566
22567
22570
22574
22575
22576
22579
22581
22583
22585
22586
22591
22592
22593
22595
22596
22597
22598
22599
22601
22602
22605
22607
22612
22614
22615
22619
22621
22622
22623
22624
22628
22629
22631
22635
22636
22637
22638
22639
22640
22642
22646
22652
22653
22654
22658
22665
22666
22667
22669
22673
22677
22680
22684
22685
22689
22690
22692
22695
22696
22699
22700
22703
22704
22712
22715
22716
22721
22722
22725
22731
22734
22735
22736
22737
22738
22739
22746
22747
22748
22750
22752
22757
22759
22760
22761
22763
22765
22766
22767
22770
22771
22775
22777
22778
22779
22780
22783
22784
22785
22786
22789
22790
22791
22792
22793
22794
22796
22801
22802
22804
22811
22812
22815
22816
22817
22820
22821
22823
22825
22826
22827
22829
22831
22833
22838
22840
22842
22843
22845
22848
22849
22851
22853
22854
22855
22859
22861
22863
22865
22871
22872
22874
22876
22879
22882
22885
22886
22891
22892
22895
22897
22900
22901
22905
22906
22908
22910
22911
22912
22913
22917
22921
22922
22923
22924
22927
22928
22929
22930
22935
22937
22938
22940
22941
22942
22945
22946
22947
22948
22949
22952
22954
22955
22956
22958
22959
22962
22963
22964
22970
22971
22972
22974
22977
22978
22980
22983
22984
22986
22987
22992
22993
22994
22995
22997
23005
23006
23012
23017
23023
23028
23035
23044
23047
23054
23067
23068
23070
23078
23088
23089
23093
23096
23097
23099
23105
23108
23109
23114
23115
23124
23127
23134
23140
23154
23156
23158
23165
23167
23172
23181
23186
23204
23214
23215
23221
23225
23226
23229
23234
23237
23241
23243
23253
23255
23259
23275
23279
23284
23288
23289
23292
23297
23304
23318
23320
23324
23327
23332
23335
23337
23339
23344
23354
23356
23366
23372
23377
23379
23384
23393
23400
23402
23403
23407
23408
23409
23415
23418
23420
23421
23424
23427
23428
23441
23445
23448
23454
23460
23473
23477
23478
23480
23485
23488
23496
23506
23509
23518
23519
23523
23531
23537
23544
23545
23546
23548
23564
23565
23566
23567
23573
23586
23587
23596
23597
23622
23626
23631
23635
23638
23658
23659
23664
23666
23668
23683
23689
23693
23695
23697
23702
23709
23720
23727
23745
23750
23755
23759
23762
23766
23774
23776
23780
23781
23790
23792
23793
23803
23804
23810
23821
23822
23823
23827
23832
23834
23839
23842
23845
23855
23859
23863
23866
23869
23874
23878
23898
23906
23907
23916
23932
23937
23943
23950
23956
23958
23959
23978
23992
24000
24001
24002
24004
24008
24009
24013
24015
24017
24019
24021
24022
24023
24025
24026
24027
24030
24034
24036
24037
24039
24040
24041
24042
24044
24046
24048
24049
24050
24053
24060
24061
24062
24066
24068
24069
24071
24073
24074
24077
24078
24079
24080
24081
24082
24083
24085
24087
24091
24093
24094
24098
24100
24101
24102
24103
24104
24106
24108
24111
24114
24116
24117
24119
24120
24121
24124
24125
24126
24127
24129
24130
24132
24134
24135
24137
24138
24139
24144
24145
24146
24147
24149
24151
24158
24161
24162
24164
24165
24168
24169
24171
24173
24175
24176
24179
24180
24182
24183
24184
24186
24187
24190
24192
24195
24196
24199
24200
24203
24205
24206
24208
24209
24210
24212
24213
24214
24215
24220
24225
24227
24229
24231
24232
24235
24237
24238
24240
24242
24244
24245
24249
24250
24251
24252
24254
24255
24257
24259
24260
24265
24268
24270
24271
24279
24281
24282
24284
24288
24290
24294
24297
24298
24299
24302
24305
24306
24308
24311
24316
24317
24319
24320
24322
24323
24324
24325
24328
24329
24330
24333
24337
24341
24343
24344
24347
24348
24349
24350
24352
24354
24357
24358
24361
24363
24365
24367
24369
24370
24372
24374
24378
24379
24381
24382
24384
24385
24386
24387
24392
24398
24399
24400
24401
24402
24404
24405
24408
24411
24412
24415
24416
24417
24418
24419
24420
24424
24426
24427
24429
24430
24433
24435
24436
24437
24438
24439
24440
24442
24443
24445
24446
24456
24458
24459
24465
24467
24468
24470
24471
24475
24477
24478
24480
24483
24484
24485
24489
24493
24495
24497
24498
24502
24503
24508
24512
24515
24517
24526
24527
24528
24529
24530
24532
24534
24538
24539
24542
24543
24545
24549
24550
24552
24563
24564
24565
24566
24568
24571
24575
24576
24580
24583
24584
24587
24588
24590
24591
24593
24595
24596
24597
24600
24601
24610
24613
24614
24618
24619
24621
24623
24625
24626
24627
24628
24629
24635
24641
24642
24645
24651
24653
24654
24655
24657
24665
24666
24667
24668
24673
24676
24677
24684
24685
24687
24693
24698
24699
24700
24701
24711
24715
24718
24719
24721
24722
24724
24725
24738
24743
24746
24748
24755
24758
24769
24770
24772
24775
24777
24779
24782
24784
24786
24788
24793
24795
24797
24801
24802
24803
24806
24807
24808
24812
24816
24819
24822
24829
24830
24832
24834
24835
24837
24838
24839
24844
24848
24857
24858
24860
24862
24863
24865
24866
24867
24868
24871
24872
24875
24883
24885
24889
24891
24893
24897
24898
24899
24904
24909
24911
24919
24921
24927
24932
24933
24934
24936
24937
24938
24939
24940
24941
24942
24943
24946
24948
24950
24953
24954
24955
24957
24961
24968
24972
24973
24974
24975
24979
24982
24983
24985
24986
24987
24995
25002
25004
25009
25012
25013
25014
25019
25021
25024
25029
25031
25033
25037
25041
25045
25051
25058
25059
25067
25071
25079
25083
25092
25096
25105
25111
25113
25124
25135
25141
25166
25167
25172
25176
25186
25187
25192
25195
25200
25201
25208
25209
25214
25218
25219
25220
25228
25230
25244
25256
25257
25261
25262
25264
25273
25278
25285
25288
25291
25297
25311
25314
25325
25327
25328
25333
25342
25345
25354
25355
25362
25363
25372
25373
25379
25389
25395
25398
25399
25400
25412
25417
25418
25422
25425
25427
25429
25432
25435
25437
25439
25448
25455
25459
25464
25465
25467
25479
25483
25491
25492
25498
25504
25505
25508
25509
25510
25513
25515
25516
25518
25520
25522
25523
25524
25525
25528
25530
25531
25533
25534
25536
25537
25538
25543
25544
25548
25549
25552
25554
25557
25559
25561
25562
25563
25566
25568
25569
25571
25572
25575
25580
25582
25583
25588
25589
25593
25595
25596
25598
25600
25602
25603
25604
25608
25609
25612
25619
25620
25621
25623
25624
25628
25630
25633
25635
25638
25639
25640
25641
25643
25647
25648
25651
25652
25653
25654
25659
25660
25661
25664
25665
25667
25669
25670
25676
25677
25681
25682
25684
25686
25688
25692
25693
25697
25701
25708
25709
25711
25713
25715
25716
25718
25719
25723
25727
25728
25730
25736
25737
25739
25744
25751
25752
25763
25764
25765
25768
25769
25770
25771
25772
25773
25774
25775
25777
25781
25784
25787
25789
25797
25798
25799
25801
25803
25804
25806
25809
25811
25813
25816
25818
25821
25822
25823
25825
25826
25828
25830
25833
25837
25838
25842
25843
25844
25853
25855
25858
25862
25867
25872
25873
25875
25882
25885
25889
25895
25897
25903
25904
25905
25908
25914
25917
25918
25920
25926
25927
25928
25931
25933
25934
25935
25937
25940
25942
25945
25949
25952
25955
25957
25962
25965
25971
25973
25977
25981
25982
25985
25986
25987
25988
25993
25995
25997
25998
26000
26001
26002
26004
26007
26008
26009
26010
26013
26014
26017
26021
26022
26028
26032
26036
26041
26048
26050
26051
26052
26053
26056
26058
26065
26071
26074
26076
26077
26089
26093
26094
26096
26113
26127
26128
26137
26138
26141
26142
26151
26153
26155
26163
26165
26168
26171
26172
26175
26183
26185
26186
26188
26189
26194
26196
26203
26207
26208
26209
26211
26213
26215
26216
26219
26227
26231
26232
26237
26241
26243
26246
26248
26249
26250
26251
26253
26254
26259
26263
26264
26272
26276
26280
26287
26293
26296
26299
26302
26305
26317
26320
26323
26328
26331
26333
26338
26340
26342
26345
26349
26350
26352
26353
26354
26355
26358
26360
26361
26373
26379
26382
26383
26384
26386
26395
26397
26398
26400
26401
26404
26408
26414
26416
26417
26423
26435
26443
26445
26447
26453
26454
26455
26456
26458
26463
26466
26469
26470
26472
26479
26480
26489
26492
26494
26497
26498
26501
26502
26506
26508
26513
26514
26515
26518
26520
26521
26523
26525
26530
26531
26533
26534
26537
26541
26542
26543
26544
26549
26552
26554
26555
26558
26562
26564
26565
26569
26573
26574
26581
26582
26583
26585
26588
26592
26593
26594
26599
26601
26606
26611
26619
26621
26623
26626
26640
26641
26642
26644
26646
26650
26653
26655
26657
26659
26660
26662
26664
26665
26667
26668
26673
26680
26688
26689
26692
26693
26698
26699
26702
26704
26706
26707
26711
26716
26717
26718
26720
26721
26730
26733
26734
26737
26739
26740
26743
26745
26747
26748
26750
26760
26762
26767
26768
26770
26772
26775
26780
26781
26783
26784
26786
26788
26789
26795
26796
26797
26801
26802
26809
26811
26813
26817
26818
26821
26825
26830
26832
26833
26843
26844
26847
26849
26851
26852
26854
26863
26868
26870
26875
26878
26880
26884
26886
26887
26889
26892
26893
26894
26896
26910
26912
26917
26918
26920
26923
26927
26928
26933
26934
26935
26936
26942
26950
26961
26963
26966
26967
26976
26978
26980
26982
26984
26985
26990
26993
26997
26998
26999
27003
27007
27011
27012
27017
27021
27023
27025
27031
27035
27044
27053
27059
27060
27065
27067
27070
27071
27073
27074
27080
27082
27083
27089
27092
27097
27098
27112
27116
27117
27124
27132
27133
27134
27135
27139
27140
27143
27148
27150
27153
27154
27160
27163
27165
27166
27173
27184
27185
27188
27189
27196
27198
27206
27207
27214
27217
27220
27221
27228
27229
27232
27236
27237
27238
27239
27244
27248
27250
27251
27257
27259
27279
27284
27295
27299
27302
27303
27306
27307
27308
27309
27318
27319
27324
27325
27328
27330
27332
27333
27337
27340
27341
27342
27348
27356
27357
27358
27359
27360
27361
27363
27365
27366
27368
27370
27371
27376
27380
27383
27393
27400
27410
27414
27417
27420
27422
27431
27433
27437
27441
27444
27447
27448
27449
27461
27468
27470
27471
27472
27480
27482
27484
27485
27490
27494
27497
27498
27499
27511
27512
27513
27517
27519
27523
27524
27528
27529
27537
27544
27561
27562
27565
27566
27570
27572
27573
27574
27577
27578
27584
27591
27593
27595
27611
27613
27615
27620
27622
27623
27624
27625
27627
27631
27632
27634
27637
27638
27639
27640
27650
27653
27656
27657
27663
27668
27670
27673
27675
27678
27682
27684
27685
27686
27688
27689
27690
27691
27695
27698
27699
27709
27711
27714
27718
27722
27725
27731
27744
27750
27752
27753
27757
27759
27760
27766
27768
27769
27777
27782
27783
27787
27788
27789
27791
27801
27804
27805
27806
27807
27813
27817
27820
27823
27825
27829
27834
27835
27838
27848
27852
27853
27866
27867
27870
27872
27875
27876
27884
27886
27887
27905
27914
27920
27931
27932
27934
27935
27945
27958
27959
27961
27962
27964
27965
27968
27970
27976
27978
27980
27981
27989
27991
27992
27994
27995
28000
28004
28006
28013
28016
28021
28028
28033
28034
28035
28041
28044
28051
28055
28059
28061
28062
28068
28070
28075
28084
28096
28098
28103
28107
28108
28109
28112
28114
28116
28120
28122
28123
28124
28125
28126
28130
28131
28137
28139
28140
28142
28144
28146
28148
28151
28152
28161
28167
28168
28174
28176
28179
28180
28183
28190
28191
28201
28204
28211
28213
28214
28215
28219
28224
28229
28231
28233
28235
28238
28246
28248
28250
28252
28254
28264
28270
28276
28281
28285
28287
28293
28294
28303
28307
28317
28319
28320
28322
28324
28332
28336
28338
28344
28351
28353
28354
28357
28360
28370
28376
28377
28383
28386
28387
28389
28393
28394
28398
28409
28412
28414
28415
28419
28420
28421
28422
28427
28428
28429
28430
28434
28436
28439
28442
28444
28448
28456
28459
28470
28475
28480
28482
28488
28490
28491
28494
28497
28498
28501
28503
28509
28510
28512
28517
28521
28523
28526
28528
28529
28530
28533
28534
28535
28536
28537
28538
28539
28542
28545
28546
28551
28554
28556
28558
28559
28561
28566
28569
28572
28574
28579
28580
28582
28584
28596
28600
28603
28604
28608
28613
28616
28623
28624
28625
28627
28628
28629
28634
28635
28644
28645
28646
28653
28655
28657
28658
28663
28664
28665
28667
28668
28672
28673
28675
28679
28680
28681
28682
28684
28685
28689
28691
28695
28696
28697
28700
28703
28709
28713
28716
28718
28719
28723
28724
28727
28729
28731
28738
28740
28746
28750
28754
28755
28756
28757
28761
28763
28768
28770
28771
28772
28774
28775
28776
28777
28780
28783
28790
28791
28792
28793
28797
28801
28808
28810
28812
28814
28820
28822
28824
28826
28829
28831
28832
28833
28837
28842
28844
28849
28852
28857
28860
28862
28866
28867
28870
28872
28875
28877
28880
28881
28882
28884
28888
28894
28896
28906
28911
28912
28915
28918
28922
28923
28924
28925
28926
28928
28930
28932
28933
28934
28935
28939
28949
28953
28956
28957
28961
28962
28963
28965
28967
28969
28970
28971
28979
28981
28983
28985
28989
28991
28996
28997
29000
29003
29018
29023
29030
29035
29040
29044
29046
29053
29055
29076
29080
29090
29111
29125
29131
29136
29141
29142
29150
29151
29154
29155
29159
29173
29174
29178
29188
29190
29194
29199
29201
29210
29220
29228
29247
29266
29270
29285
29287
29290
29297
29302
29303
29310
29318
29327
29340
29345
29353
29367
29368
29369
29378
29380
29384
29388
29389
29402
29403
29404
29405
29408
29413
29416
29417
29424
29439
29442
29445
29448
29456
29479
29480
29485
29495
29498
29501
29506
29523
29525
29530
29547
29548
29550
29558
29560
29571
29572
29575
29578
29579
29595
29597
29601
29602
29603
29605
29606
29607
29609
29612
29618
29627
29631
29634
29638
29643
29648
29658
29662
29665
29667
29671
29675
29689
29691
29692
29694
29698
29710
29713
29715
29717
29731
29732
29737
29738
29743
29745
29749
29755
29756
29759
29763
29787
29790
29797
29799
29809
29811
29814
29823
29829
29830
29835
29843
29844
29850
29853
29854
29856
29857
29867
29869
29872
29873
29877
29881
29884
29895
29909
29912
29919
29923
29924
29925
29928
29940
29947
29953
29956
29959
29964
29968
29969
29974
29981
29988
29989
29991
29993
30000
30001
30005
30008
30009
30012
30013
30014
30029
30031
30034
30035
30039
30043
30048
30050
30051
30052
30060
30061
30067
30071
30074
30075
30084
30086
30095
30101
30102
30115
30116
30119
30124
30126
30129
30139
30141
30145
30148
30149
30153
30154
30157
30167
30170
30174
30188
30196
30197
30199
30205
30224
30241
30242
30244
30246
30260
30265
30270
30275
30279
30297
30307
30309
30312
30318
30323
30324
30334
30336
30337
30343
30350
30352
30365
30367
30372
30377
30380
30388
30391
30395
30399
30402
30407
30409
30416
30417
30419
30423
30424
30427
30430
30433
30438
30439
30444
30448
30449
30453
30454
30457
30472
30477
30480
30483
30485
30487
30488
30498
30503
30506
30512
30515
30520
30524
30531
30532
30533
30535
30542
30543
30556
30557
30561
30565
30567
30580
30585
30594
30597
30606
30611
30622
30626
30630
30631
30636
30638
30639
30640
30644
30645
30651
30654
30655
30658
30661
30662
30665
30668
30669
30671
30673
30680
30681
30694
30695
30697
30699
30705
30706
30709
30710
30712
30717
30720
30731
30739
30743
30746
30749
30751
30756
30764
30768
30769
30773
30778
30781
30788
30794
30797
30798
30802
30806
30808
30811
30812
30816
30824
30825
30830
30833
30835
30843
30852
30857
30865
30868
30869
30877
30878
30884
30888
30892
30899
30913
30915
30921
30923
30931
30935
30936
30940
30944
30946
30950
30952
30955
30957
30958
30959
30961
30963
30964
30966
30968
30969
30971
30974
30975
30976
30983
30993
30994
30999
31026
31029
31041
31046
31058
31067
31073
31084
31091
31095
31097
31105
31109
31110
31117
31119
31123
31131
31135
31147
31153
31157
31167
31168
31170
31182
31184
31190
31195
31197
31201
31216
31222
31240
31253
31282
31283
31289
31298
31304
31305
31311
31336
31338
31341
31346
31349
31352
31353
31357
31358
31362
31399
31420
31423
31426
31429
31432
31435
31438
31467
31470
31473
31475
31478
31482
31484
31487
31490
31491
31493
31499
31501
31502
31513
31514
31515
31518
31520
31527
31532
31534
31535
31537
31538
31541
31545
31550
31554
31555
31558
31564
31565
31571
31574
31577
31579
31584
31587
31588
31590
31595
31599
31600
31601
31602
31604
31606
31610
31612
31617
31619
31623
31625
31642
31649
31653
31659
31660
31661
31662
31666
31667
31668
31679
31680
31683
31687
31691
31692
31697
31699
31707
31711
31713
31722
31724
31729
31732
31736
31737
31741
31750
31752
31754
31758
31761
31762
31763
31764
31766
31774
31782
31789
31790
31791
31798
31799
31801
31804
31805
31806
31815
31817
31824
31825
31826
31827
31829
31831
31832
31833
31834
31836
31839
31843
31848
31850
31852
31854
31858
31860
31868
31871
31872
31874
31876
31877
31878
31884
31885
31894
31896
31902
31905
31910
31914
31917
31919
31929
31931
31932
31938
31940
31941
31942
31943
31947
31952
31959
31960
31961
31963
31966
31970
31974
31976
31983
31984
31986
31989
31993
31994
31995
32002
32004
32008
32009
32010
32013
32015
32022
32025
32036
32038
32040
32046
32054
32055
32056
32060
32064
32066
32072
32073
32074
32076
32078
32092
32094
32106
32107
32112
32118
32130
32133
32141
32142
32144
32146
32147
32154
32159
32162
32166
32168
32169
32170
32174
32178
32179
32180
32181
32183
32187
32189
32192
32196
32197
32201
32212
32219
32221
32234
32238
32247
32257
32261
32270
32276
32277
32278
32285
32287
32289
32291
32295
32303
32311
32313
32314
32315
32317
32320
32321
32322
32327
32330
32337
32342
32353
32362
32363
32364
32369
32373
32375
32385
32386
32388
32391
32406
32407
32408
32409
32412
32414
32423
32425
32430
32431
32437
32438
32441
32452
32453
32457
32461
32465
32472
32475
32486
32493
32495
32496
32497
32499
32500
32508
32512
32513
32519
32521
32524
32528
32534
32538
32544
32548
32552
32554
32556
32565
32566
32568
32571
32582
32584
32593
32599
32605
32608
32612
32614
32619
32621
32623
32625
32627
32628
32633
32646
32647
32648
32651
32670
32671
32672
32675
32678
32681
32693
32696
32697
32703
32704
32705
32708
32709
32710
32711
32714
32720
32736
32740
32743
32746
32755
32757
32758
32763
32767
32768
32771
32772
32775
32776
32782
32785
32798
32799
32804
32814
32816
32822
32823
32826
32828
32837
32838
32839
32843
32846
32856
32858
32861
32867
32868
32869
32880
32882
32885
32888
32889
32892
32894
32895
32896
32907
32915
32917
32918
32923
32924
32926
32931
32933
32944
32947
32955
32958
32963
32973
32977
32978
32979
32983
32984
32986
32990
32994
32996
33004
33006
33008
33011
33014
33021
33023
33024
33025
33034
33040
33044
33047
33049
33053
33065
33067
33069
33073
33076
33080
33081
33083
33084
33087
33090
33098
33099
33101
33107
33112
33113
33114
33115
33116
33118
33119
33120
33126
33133
33134
33137
33138
33140
33144
33146
33148
33149
33150
33151
33152
33158
33159
33161
33164
33168
33169
33170
33171
33173
33176
33177
33186
33188
33190
33191
33196
33200
33201
33210
33212
33214
33217
33220
33222
33232
33233
33240
33248
33253
33257
33263
33264
33265
33269
33270
33273
33277
33286
33288
33294
33295
33299
33301
33304
33311
33312
33330
33331
33334
33336
33337
33344
33352
33353
33356
33360
33363
33366
33371
33374
33376
33377
33383
33385
33386
33389
33391
33393
33394
33396
33397
33401
33404
33405
33406
33410
33412
33413
33414
33415
33417
33418
33420
33421
33427
33428
33432
33435
33439
33444
33445
33447
33451
33455
33456
33459
33462
33463
33468
33470
33471
33474
33480
33482
33486
33490
33491
33494
33499
33501
33502
33505
33507
33509
33510
33515
33516
33521
33523
33525
33539
33540
33541
33542
33544
33549
33552
33553
33555
33556
33558
33566
33568
33569
33576
33581
33584
33588
33589
33590
33593
33595
33597
33599
33603
33608
33609
33611
33615
33620
33624
33625
33651
33661
33665
33668
33670
33671
33674
33675
33678
33680
33682
33685
33688
33691
33701
33704
33710
33712
33727
33734
33736
33738
33743
33745
33750
33758
33764
33766
33774
33781
33784
33789
33790
33793
33795
33799
33805
33806
33808
33810
33814
33819
33820
33824
33825
33833
33835
33838
33841
33844
33845
33846
33852
33859
33864
33865
33867
33873
33877
33878
33881
33883
33884
33886
33888
33890
33892
33895
33896
33900
33902
33903
33904
33906
33911
33918
33921
33931
33932
33934
33936
33938
33942
33946
33947
33952
33955
33956
33957
33959
33961
33964
33968
33969
33973
33976
33979
33980
33988
33990
33995
33996
33997
34008
34009
34015
34029
34031
34049
34061
34069
34078
34103
34108
34135
34143
34144
34149
34151
34161
34167
34176
34179
34197
34208
34216
34220
34249
34279
34290
34299
34319
34325
34332
34335
34356
34362
34383
34398
34420
34423
34425
34432
34433
34455
34475
34486
34488
34490
34498
34505
34522
34534
34539
34548
34549
34550
34556
34565
34577
34582
34584
34593
34594
34600
34613
34625
34628
34632
34634
34635
34640
34641
34643
34646
34647
34656
34658
34663
34674
34677
34678
34681
34710
34713
34714
34715
34716
34719
34724
34729
34738
34743
34746
34753
34754
34760
34775
34780
34781
34785
34787
34788
34823
34828
34832
34838
34839
34848
34852
34854
34863
34876
34883
34887
34894
34896
34907
34910
34911
34915
34916
34922
34927
34941
34946
34948
34968
34981
35003
35005
35011
35013
35015
35016
35017
35020
35027
35035
35038
35039
35041
35044
35045
35047
35052
35056
35057
35062
35063
35065
35066
35067
35069
35070
35071
35072
35074
35077
35080
35082
35083
35084
35085
35100
35103
35107
35110
35111
35113
35119
35120
35121
35122
35128
35130
35133
35135
35137
35140
35144
35145
35150
35151
35153
35160
35162
35163
35164
35166
35168
35170
35178
35181
35182
35186
35189
35191
35193
35195
35196
35198
35204
35205
35207
35212
35215
35221
35224
35226
35227
35231
35232
35233
35237
35238
35243
35247
35250
35253
35254
35263
35264
35265
35267
35269
35273
35287
35290
35292
35295
35300
35302
35306
35313
35316
35318
35322
35324
35326
35327
35334
35335
35340
35341
35342
35343
35348
35350
35352
35356
35357
35358
35359
35360
35363
35369
35374
35376
35377
35378
35380
35381
35383
35396
35397
35398
35399
35401
35402
35404
35405
35406
35408
35412
35413
35416
35419
35420
35421
35422
35424
35425
35426
35427
35439
35440
35441
35446
35448
35452
35454
35456
35457
35460
35462
35464
35465
35469
35470
35471
35472
35479
35481
35484
35485
35488
35492
35498
35500
35504
35506
35511
35517
35518
35522
35526
35528
35529
35537
35541
35543
35544
35555
35556
35568
35574
35576
35579
35581
35593
35595
35599
35601
35613
35615
35616
35637
35638
35640
35644
35647
35653
35657
35658
35661
35666
35675
35678
35679
35685
35688
35698
35700
35711
35719
35720
35723
35724
35739
35744
35747
35760
35769
35775
35778
35779
35782
35783
35786
35794
35798
35811
35814
35817
35820
35826
35838
35845
35852
35854
35855
35860
35864
35869
35872
35874
35877
35883
35885
35886
35887
35888
35898
35902
35905
35915
35917
35921
35927
35928
35939
35944
35948
35952
35957
35961
35963
35964
35965
35976
35990
35991
35992
35997
36000
36001
36002
36003
36006
36009
36011
36017
36019
36021
36026
36027
36032
36035
36036
36039
36041
36042
36045
36049
36055
36058
36062
36069
36077
36078
36079
36083
36088
36089
36096
36098
36101
36102
36106
36110
36111
36114
36116
36117
36122
36124
36126
36127
36132
36134
36138
36140
36145
36148
36151
36155
36160
36163
36164
36166
36170
36175
36183
36185
36187
36189
36196
36197
36204
36206
36207
36211
36219
36228
36230
36234
36235
36238
36244
36248
36256
36257
36260
36261
36263
36264
36265
36270
36275
36280
36283
36285
36298
36300
36301
36303
36305
36311
36320
36324
36326
36327
36328
36332
36333
36334
36335
36343
36347
36352
36354
36360
36369
36377
36391
36398
36399
36400
36405
36408
36410
36419
36422
36424
36428
36429
36434
36435
36436
36437
36441
36444
36449
36450
36453
36463
36465
36471
36472
36473
36474
36480
36486
36487
36493
36496
36503
36520
36529
36533
36534
36537
36542
36546
36548
36551
36555
36566
36571
36576
36577
36582
36584
36588
36589
36590
36594
36596
36601
36606
36607
36612
36613
36614
36620
36630
36631
36636
36637
36639
36642
36646
36650
36656
36657
36659
36662
36663
36666
36672
36674
36691
36696
36706
36708
36723
36730
36732
36739
36741
36744
36750
36759
36761
36777
36779
36786
36791
36798
36802
36805
36812
36814
36818
36824
36827
36828
36832
36837
36838
36842
36844
36850
36857
36869
36876
36883
36886
36890
36898
36902
36907
36912
36914
36915
36922
36925
36927
36928
36930
36936
36938
36939
36949
36960
36965
36969
36970
36974
36976
36980
36981
36983
36984
36999
37002
37006
37012
37013
37022
37024
37025
37030
37032
37034
37036
37037
37041
37046
37047
37053
37058
37061
37062
37067
37069
37071
37072
37075
37087
37093
37096
37105
37107
37117
37125
37133
37135
37138
37140
37142
37143
37146
37147
37150
37154
37157
37161
37165
37170
37172
37173
37174
37179
37180
37182
37183
37191
37194
37195
37200
37201
37203
37204
37208
37209
37214
37216
37221
37228
37230
37232
37238
37242
37246
37249
37262
37265
37266
37268
37269
37270
37271
37273
37278
37280
37287
37289
37294
37299
37303
37306
37309
37319
37320
37321
37322
37324
37326
37327
37328
37336
37337
37341
37344
37346
37357
37360
37363
37371
37375
37376
37378
37379
37381
37385
37387
37391
37400
37402
37403
37406
37409
37413
37422
37425
37429
37432
37437
37438
37447
37452
37455
37456
37475
37476
37491
37493
37495
37496
37507
37508
37511
37513
37514
37516
37520
37521
37522
37524
37527
37529
37542
37543
37544
37547
37550
37551
37553
37554
37561
37563
37567
37568
37572
37574
37575
37591
37596
37598
37603
37609
37610
37614
37621
37625
37628
37635
37638
37641
37643
37644
37649
37658
37659
37662
37665
37670
37676
37682
37684
37685
37688
37693
37699
37700
37702
37703
37704
37705
37707
37711
37713
37719
37720
37723
37724
37729
37734
37737
37743
37744
37745
37749
37750
37751
37759
37768
37773
37776
37778
37780
37781
37785
37787
37792
37795
37797
37798
37800
37806
37810
37812
37815
37822
37824
37827
37833
37834
37846
37847
37850
37851
37854
37857
37862
37864
37876
37881
37888
37893
37894
37901
37902
37906
37907
37910
37913
37914
37919
37920
37924
37925
37937
37938
37941
37942
37950
37951
37956
37962
37963
37967
37968
37973
37976
37980
37987
37991
38000
38003
38004
38011
38012
38013
38021
38028
38030
38036
38038
38043
38044
38053
38056
38057
38068
38069
38078
38090
38091
38097
38103
38110
38113
38119
38122
38128
38134
38139
38143
38148
38152
38159
38161
38163
38168
38177
38182
38184
38186
38197
38210
38215
38218
38220
38222
38224
38232
38233
38237
38241
38246
38247
38252
38272
38273
38277
38278
38279
38280
38281
38282
38294
38300
38302
38310
38321
38330
38331
38333
38336
38343
38354
38356
38357
38363
38366
38375
38377
38396
38398
38405
38406
38407
38418
38419
38421
38426
38429
38430
38434
38436
38440
38442
38450
38453
38459
38463
38481
38488
38493
38497
38500
38501
38507
38510
38512
38514
38516
38525
38531
38533
38535
38536
38538
38541
38543
38545
38547
38549
38553
38554
38557
38565
38567
38568
38576
38577
38578
38581
38582
38584
38585
38589
38600
38601
38604
38606
38607
38608
38610
38611
38612
38613
38614
38615
38620
38621
38622
38625
38634
38638
38639
38640
38643
38646
38651
38652
38655
38661
38669
38673
38674
38678
38680
38685
38690
38691
38692
38696
38697
38698
38700
38703
38710
38714
38715
38716
38718
38721
38724
38727
38728
38730
38731
38732
38734
38737
38738
38745
38749
38753
38756
38757
38763
38767
38768
38770
38772
38775
38778
38786
38787
38788
38790
38792
38794
38796
38798
38799
38801
38802
38803
38804
38806
38809
38811
38814
38815
38816
38819
38827
38835
38838
38839
38840
38842
38845
38846
38847
38853
38859
38861
38868
38870
38872
38873
38874
38875
38877
38879
38880
38881
38882
38883
38889
38891
38893
38894
38896
38897
38900
38901
38908
38910
38915
38916
38917
38919
38920
38927
38930
38931
38933
38937
38938
38943
38946
38947
38952
38953
38958
38959
38960
38961
38964
38966
38967
38969
38975
38976
38980
38981
38984
38986
38987
38990
38993
38997
39004
39005
39006
39008
39009
39010
39012
39013
39014
39015
39017
39019
39020
39021
39025
39027
39028
39029
39030
39031
39034
39035
39036
39038
39039
39040
39041
39042
39044
39046
39047
39048
39049
39050
39051
39052
39054
39055
39056
39058
39060
39061
39062
39063
39064
39065
39066
39067
39068
39069
39071
39072
39073
39074
39076
39077
39079
39080
39081
39084
39085
39089
39090
39094
39095
39100
39105
39106
39107
39110
39111
39113
39114
39115
39116
39117
39118
39119
39120
39121
39123
39124
39128
39129
39130
39133
39135
39137
39138
39139
39141
39142
39143
39144
39145
39146
39147
39149
39152
39153
39155
39156
39157
39159
39163
39164
39166
39167
39171
39176
39177
39178
39179
39184
39185
39186
39188
39191
39192
39195
39197
39199
39200
39201
39202
39205
39206
39207
39208
39209
39210
39211
39212
39216
39217
39218
39220
39221
39222
39223
39224
39225
39226
39227
39229
39230
39231
39232
39234
39237
39238
39243
39245
39247
39249
39251
39252
39253
39256
39257
39258
39259
39260
39261
39262
39263
39264
39265
39266
39267
39269
39270
39272
39273
39275
39277
39278
39281
39282
39283
39284
39285
39286
39287
39290
39291
39293
39295
39297
39299
39300
39301
39302
39304
39306
39308
39310
39311
39315
39316
39317
39318
39320
39323
39324
39325
39326
39328
39330
39331
39337
39338
39339
39341
39343
39345
39346
39347
39349
39351
39352
39353
39354
39356
39357
39360
39361
39362
39364
39365
39366
39367
39368
39372
39373
39374
39377
39379
39380
39383
39384
39385
39386
39391
39392
39393
39395
39396
39399
39400
39401
39403
39406
39409
39410
39411
39412
39414
39416
39419
39420
39421
39423
39424
39425
39428
39430
39432
39433
39434
39435
39436
39437
39438
39439
39440
39443
39444
39445
39447
39448
39450
39452
39454
39456
39457
39458
39460
39461
39464
39465
39466
39467
39468
39470
39471
39472
39473
39475
39476
39477
39479
39480
39483
39484
39486
39487
39490
39492
39493
39494
39495
39498
39499
39500
39508
39519
39520
39525
39528
39530
39534
39538
39542
39543
39549
39555
39559
39560
39567
39572
39576
39578
39581
39589
39591
39592
39599
39604
39608
39617
39619
39625
39630
39631
39633
39638
39640
39643
39644
39646
39647
39650
39660
39664
39665
39667
39677
39679
39682
39683
39687
39689
39691
39696
39699
39700
39703
39704
39705
39706
39711
39717
39721
39729
39731
39732
39734
39735
39736
39737
39738
39739
39742
39743
39744
39745
39747
39748
39750
39761
39764
39767
39770
39772
39777
39778
39779
39781
39784
39788
39791
39792
39793
39795
39801
39803
39814
39817
39821
39824
39828
39836
39841
39850
39852
39860
39871
39874
39875
39889
39890
39892
39893
39896
39901
39907
39910
39916
39919
39920
39921
39923
39938
39945
39948
39954
39959
39961
39962
39965
39972
39973
39980
39983
39984
39987
39988
39991
39992
39993
39994
40006
40008
40010
40011
40014
40025
40026
40047
40054
40058
40062
40066
40071
40077
40078
40090
40093
40099
40104
40105
40106
40108
40110
40120
40125
40139
40158
40159
40165
40175
40176
40179
40186
40188
40189
40192
40194
40195
40201
40203
40212
40216
40225
40228
40233
40237
40239
40240
40253
40256
40266
40270
40274
40279
40283
40285
40290
40302
40311
40318
40322
40324
40331
40335
40343
40344
40351
40358
40359
40361
40375
40382
40384
40385
40394
40396
40401
40403
40406
40414
40428
40430
40435
40437
40439
40444
40445
40448
40454
40462
40463
40466
40471
40472
40478
40488
40490
40491
40502
40526
40531
40536
40538
40563
40564
40565
40568
40572
40574
40575
40588
40594
40602
40603
40606
40611
40618
40636
40639
40644
40651
40659
40668
40674
40676
40679
40692
40694
40696
40707
40733
40741
40752
40756
40762
40781
40782
40786
40793
40796
40802
40803
40804
40823
40827
40839
40853
40859
40863
40869
40914
40917
40925
40934
40937
40943
40968
40972
40981
40995
40997
41003
41006
41007
41011
41012
41013
41015
41020
41022
41024
41025
41030
41041
41045
41046
41060
41062
41067
41068
41072
41081
41083
41087
41092
41096
41097
41103
41117
41118
41119
41123
41126
41131
41134
41135
41142
41146
41149
41150
41153
41161
41166
41170
41174
41176
41178
41182
41183
41185
41187
41188
41206
41209
41214
41215
41220
41223
41224
41230
41232
41234
41237
41240
41241
41247
41248
41250
41252
41266
41273
41278
41293
41297
41322
41326
41327
41328
41342
41343
41348
41353
41361
41362
41372
41378
41381
41384
41402
41408
41410
41411
41425
41429
41431
41442
41447
41448
41455
41461
41464
41471
41481
41483
41485
41486
41488
41491
41492
41497
41500
41501
41512
41515
41519
41521
41522
41523
41524
41527
41528
41533
41534
41541
41542
41543
41551
41552
41556
41557
41561
41566
41572
41586
41593
41596
41599
41601
41604
41605
41619
41620
41628
41633
41641
41642
41643
41647
41650
41651
41652
41658
41659
41660
41661
41662
41663
41666
41672
41678
41690
41691
41692
41694
41697
41700
41706
41708
41713
41718
41720
41723
41726
41727
41729
41730
41731
41737
41743
41753
41759
41771
41776
41782
41785
41797
41799
41800
41803
41806
41807
41809
41812
41813
41814
41816
41823
41824
41825
41829
41835
41837
41840
41841
41844
41846
41847
41852
41853
41857
41858
41860
41861
41863
41873
41878
41882
41897
41902
41904
41909
41910
41913
41928
41932
41940
41941
41942
41943
41944
41947
41956
41957
41958
41963
41970
41973
41974
41979
41981
41982
41985
41987
41990
41994
42004
42010
42011
42017
42025
42030
42033
42034
42035
42040
42043
42045
42054
42059
42063
42066
42067
42068
42069
42076
42091
42098
42107
42108
42112
42113
42117
42119
42121
42125
42127
42132
42134
42139
42141
42143
42156
42163
42165
42166
42171
42172
42174
42176
42178
42179
42187
42194
42200
42206
42208
42215
42221
42225
42230
42231
42233
42235
42240
42241
42242
42243
42245
42247
42248
42249
42251
42263
42269
42272
42273
42279
42283
42285
42293
42298
42301
42303
42304
42306
42326
42329
42335
42353
42355
42362
42366
42373
42374
42375
42379
42380
42381
42383
42386
42394
42399
42402
42406
42410
42417
42425
42426
42428
42433
42434
42436
42438
42439
42440
42441
42444
42448
42462
42467
42468
42477
42480
42486
42489
42492
42501
42503
42504
42505
42512
42520
42526
42527
42530
42533
42535
42539
42542
42546
42555
42569
42577
42581
42583
42584
42586
42588
42591
42594
42601
42604
42608
42611
42615
42617
42623
42630
42639
42641
42642
42650
42656
42657
42659
42661
42666
42668
42670
42677
42679
42682
42685
42687
42689
42690
42698
42699
42700
42701
42702
42709
42710
42715
42719
42727
42731
42735
42737
42738
42740
42741
42744
42748
42749
42750
42753
42761
42762
42764
42765
42770
42771
42774
42775
42776
42780
42785
42787
42790
42791
42793
42797
42800
42808
42811
42813
42816
42817
42818
42819
42820
42823
42830
42834
42835
42836
42837
42839
42847
42850
42855
42857
42858
42859
42860
42861
42862
42865
42869
42870
42871
42872
42873
42875
42876
42877
42879
42885
42886
42887
42891
42892
42893
42896
42898
42903
42906
42908
42913
42916
42920
42926
42927
42930
42933
42936
42940
42943
42944
42949
42955
42956
42963
42973
42976
42980
42981
42982
42994
42996
43000
43004
43005
43011
43012
43017
43020
43021
43026
43030
43035
43037
43044
43052
43058
43059
43060
43068
43072
43073
43074
43080
43083
43087
43091
43098
43105
43107
43108
43111
43113
43115
43117
43118
43122
43124
43125
43132
43134
43136
43137
43140
43146
43147
43155
43165
43166
43175
43184
43186
43187
43189
43194
43197
43212
43217
43221
43224
43226
43228
43229
43230
43232
43233
43234
43241
43244
43245
43246
43252
43255
43257
43262
43263
43264
43267
43272
43273
43276
43278
43283
43284
43288
43290
43291
43293
43295
43301
43302
43308
43311
43315
43320
43324
43332
43333
43334
43341
43343
43344
43347
43348
43349
43351
43354
43355
43366
43367
43376
43377
43383
43387
43389
43394
43395
43402
43411
43418
43420
43429
43430
43432
43434
43437
43438
43440
43442
43445
43450
43455
43460
43465
43469
43474
43479
43480
43482
43488
43490
43492
43496
43497
43500
43502
43512
43525
43529
43531
43541
43550
43553
43572
43577
43584
43588
43595
43598
43600
43604
43618
43622
43624
43634
43635
43639
43640
43642
43644
43646
43647
43651
43655
43657
43659
43662
43665
43669
43672
43677
43680
43684
43687
43689
43690
43694
43699
43701
43708
43709
43710
43714
43719
43721
43727
43734
43746
43748
43750
43755
43756
43762
43768
43771
43778
43779
43786
43793
43797
43803
43804
43814
43815
43819
43827
43828
43842
43844
43845
43847
43848
43849
43851
43852
43853
43859
43860
43862
43869
43870
43872
43881
43883
43887
43889
43895
43896
43897
43899
43900
43924
43932
43936
43940
43941
43946
43947
43962
43963
43965
43967
43972
43981
43984
43988
43993
43998
44000
44001
44003
44004
44005
44010
44012
44027
44029
44031
44035
44039
44043
44044
44045
44047
44048
44049
44053
44054
44055
44059
44061
44062
44063
44064
44067
44070
44073
44074
44075
44079
44080
44081
44082
44083
44085
44087
44091
44096
44097
44098
44100
44101
44103
44104
44106
44107
44108
44109
44113
44116
44129
44130
44131
44132
44133
44136
44139
44141
44142
44145
44148
44149
44150
44154
44161
44163
44164
44168
44169
44170
44172
44174
44175
44176
44181
44182
44183
44184
44185
44187
44194
44195
44197
44198
44202
44203
44205
44207
44209
44211
44214
44218
44223
44224
44225
44229
44231
44232
44236
44238
44244
44245
44246
44247
44248
44249
44252
44255
44260
44261
44263
44269
44274
44281
44283
44284
44287
44291
44303
44305
44317
44318
44319
44320
44323
44324
44327
44328
44331
44334
44337
44338
44342
44344
44347
44349
44350
44356
44357
44365
44369
44371
44374
44377
44378
44381
44382
44383
44384
44385
44389
44390
44394
44397
44398
44401
44402
44403
44410
44413
44414
44415
44418
44419
44425
44428
44430
44442
44454
44457
44458
44460
44462
44463
44465
44467
44468
44470
44471
44472
44473
44479
44485
44486
44487
44490
44491
44494
44495
44502
44503
44504
44506
44508
44513
44515
44521
44522
44529
44532
44534
44544
44551
44553
44554
44557
44558
44566
44567
44570
44571
44573
44574
44576
44583
44585
44587
44588
44592
44594
44597
44601
44606
44610
44612
44617
44618
44621
44622
44624
44625
44630
44631
44637
44638
44641
44644
44645
44648
44649
44650
44654
44659
44660
44663
44664
44665
44668
44669
44670
44672
44673
44675
44677
44678
44679
44681
44682
44687
44688
44689
44690
44692
44693
44700
44702
44705
44707
44713
44716
44717
44719
44723
44724
44732
44737
44741
44746
44751
44752
44753
44754
44761
44763
44764
44773
44776
44792
44793
44806
44813
44820
44821
44822
44828
44831
44838
44842
44850
44854
44859
44861
44864
44865
44866
44867
44869
44872
44875
44880
44883
44884
44886
44890
44893
44895
44896
44899
44909
44911
44913
44921
44923
44925
44930
44932
44934
44937
44944
44948
44949
44952
44953
44955
44956
44958
44960
44962
44974
44979
44980
44982
44983
44986
44990
44992
45001
45003
45005
45007
45012
45015
45017
45019
45020
45022
45026
45027
45030
45031
45034
45036
45037
45038
45042
45043
45044
45045
45046
45047
45048
45050
45051
45054
45057
45058
45059
45064
45067
45072
45073
45074
45076
45080
45082
45084
45085
45086
45088
45089
45090
45092
45098
45100
45101
45103
45104
45105
45111
45112
45114
45115
45119
45121
45122
45123
45124
45128
45129
45131
45133
45134
45136
45139
45140
45145
45146
45148
45149
45150
45154
45158
45160
45163
45165
45166
45168
45169
45170
45171
45172
45174
45175
45176
45177
45178
45182
45185
45186
45187
45188
45189
45190
45196
45197
45198
45200
45202
45204
45205
45212
45213
45216
45217
45219
45220
45222
45223
45224
45225
45226
45229
45231
45232
45236
45239
45242
45247
45249
45250
45251
45252
45253
45254
45257
45261
45262
45263
45264
45267
45268
45269
45271
45272
45273
45274
45275
45276
45281
45283
45284
45285
45286
45287
45288
45289
45290
45291
45292
45294
45298
45299
45301
45304
45307
45309
45310
45311
45313
45314
45315
45316
45317
45319
45321
45322
45324
45325
45326
45327
45328
45329
45331
45333
45334
45335
45337
45341
45344
45346
45349
45351
45352
45354
45355
45358
45361
45362
45363
45366
45367
45368
45369
45370
45376
45381
45383
45386
45387
45389
45392
45393
45394
45395
45397
45398
45401
45402
45403
45404
45406
45409
45411
45412
45416
45417
45418
45421
45426
45429
45430
45431
45433
45434
45435
45439
45446
45458
45459
45461
45462
45464
45465
45466
45470
45471
45472
45473
45474
45478
45479
45480
45481
45483
45484
45485
45489
45490
45492
45493
45494
45497
45499
45505
45506
45509
45510
45518
45520
45521
45522
45524
45526
45527
45530
45536
45537
45542
45543
45545
45547
45548
45550
45557
45558
45560
45561
45571
45572
45574
45575
45576
45577
45584
45585
45586
45587
45589
45591
45593
45596
45600
45601
45605
45616
45625
45627
45628
45630
45631
45632
45634
45638
45639
45640
45642
45643
45649
45653
45657
45658
45664
45669
45671
45672
45673
45674
45677
45683
45684
45691
45694
45696
45697
45699
45701
45703
45705
45710
45711
45712
45713
45715
45716
45719
45721
45725
45727
45730
45733
45734
45735
45736
45738
45742
45746
45747
45748
45749
45752
45753
45757
45758
45759
45762
45769
45770
45771
45773
45780
45782
45789
45791
45793
45794
45795
45798
45799
45800
45810
45814
45820
45826
45827
45829
45832
45837
45838
45839
45840
45850
45853
45854
45855
45856
45861
45863
45864
45875
45878
45880
45885
45887
45888
45889
45890
45891
45894
45895
45897
45901
45902
45903
45904
45905
45907
45908
45924
45927
45929
45932
45935
45936
45943
45946
45947
45950
45952
45957
45960
45961
45968
45972
45973
45974
45982
45983
45984
45988
45991
45992
45994
45995
46000
46001
46002
46003
46007
46010
46016
46018
46021
46030
46032
46034
46036
46042
46045
46049
46050
46053
46054
46058
46059
46068
46069
46070
46074
46075
46076
46077
46078
46080
46087
46093
46095
46096
46097
46101
46102
46103
46104
46107
46111
46112
46113
46114
46115
46116
46120
46122
46128
46129
46130
46131
46133
46136
46137
46138
46140
46143
46144
46149
46152
46153
46155
46159
46160
46162
46163
46165
46167
46169
46170
46178
46179
46182
46186
46187
46188
46189
46190
46193
46194
46198
46203
46206
46213
46217
46219
46221
46224
46225
46227
46232
46234
46236
46237
46244
46246
46248
46253
46255
46256
46257
46262
46267
46268
46269
46274
46275
46276
46278
46279
46284
46286
46287
46288
46295
46296
46299
46300
46302
46303
46306
46311
46313
46319
46322
46323
46324
46326
46328
46329
46330
46334
46335
46336
46337
46340
46341
46342
46347
46351
46352
46354
46356
46358
46361
46365
46370
46371
46372
46373
46378
46385
46392
46393
46394
46399
46401
46405
46406
46409
46411
46412
46419
46420
46424
46425
46426
46429
46432
46436
46438
46443
46444
46446
46447
46448
46450
46454
46455
46456
46458
46459
46460
46461
46464
46467
46468
46469
46472
46473
46477
46485
46488
46490
46492
46493
46497
46499
46503
46505
46511
46516
46518
46521
46526
46529
46530
46535
46537
46541
46542
46544
46547
46548
46552
46558
46559
46560
46568
46569
46570
46586
46589
46591
46595
46597
46601
46602
46603
46613
46614
46617
46618
46624
46626
46628
46629
46630
46631
46632
46635
46636
46639
46645
46646
46652
46654
46664
46667
46668
46677
46679
46681
46683
46687
46689
46691
46693
46694
46696
46703
46707
46710
46711
46715
46716
46722
46723
46728
46731
46732
46739
46744
46746
46751
46756
46757
46760
46764
46766
46767
46768
46769
46770
46776
46781
46787
46796
46798
46799
46801
46802
46807
46808
46810
46811
46812
46814
46816
46819
46821
46828
46832
46833
46837
46838
46839
46852
46854
46855
46857
46860
46861
46862
46866
46867
46872
46873
46876
46880
46881
46894
46895
46897
46901
46902
46903
46906
46910
46912
46913
46914
46915
46920
46921
46933
46934
46937
46944
46945
46951
46952
46955
46956
46957
46959
46967
46973
46974
46975
46978
46979
46987
46991
47005
47014
47023
47029
47032
47034
47042
47048
47051
47054
47056
47060
47065
47067
47068
47069
47073
47074
47075
47077
47081
47082
47088
47089
47091
47099
47101
47103
47109
47121
47122
47123
47126
47129
47137
47139
47140
47141
47160
47172
47174
47175
47191
47199
47202
47205
47213
47218
47219
47225
47242
47244
47261
47262
47266
47268
47270
47273
47282
47286
47288
47289
47292
47294
47295
47299
47301
47325
47329
47330
47331
47333
47340
47349
47350
47351
47355
47364
47365
47366
47370
47371
47375
47386
47390
47393
47397
47398
47407
47411
47414
47420
47428
47432
47444
47451
47453
47456
47458
47465
47478
47482
47488
47506
47508
47521
47532
47536
47537
47541
47542
47545
47548
47551
47552
47562
47564
47578
47580
47585
47587
47589
47596
47597
47598
47602
47603
47606
47610
47618
47630
47634
47646
47648
47654
47657
47664
47667
47673
47675
47679
47680
47684
47691
47695
47699
47711
47716
47718
47720
47721
47733
47740
47741
47743
47746
47749
47751
47753
47757
47765
47767
47769
47770
47771
47774
47779
47786
47790
47798
47800
47805
47811
47815
47818
47821
47833
47839
47842
47847
47851
47856
47864
47870
47875
47876
47883
47890
47891
47893
47903
47910
47917
47927
47939
47943
47947
47956
47957
47960
47974
47975
47989
47991
47994
48002
48004
48005
48007
48010
48012
48027
48032
48034
48041
48044
48045
48058
48059
48061
48063
48064
48066
48070
48075
48077
48080
48088
48093
48094
48097
48098
48099
48105
48109
48114
48115
48126
48127
48132
48135
48139
48150
48154
48155
48170
48171
48179
48190
48194
48195
48196
48197
48214
48219
48224
48226
48228
48229
48240
48250
48252
48266
48268
48271
48275
48277
48279
48283
48292
48294
48296
48304
48314
48322
48324
48326
48328
48331
48333
48336
48342
48347
48358
48360
48382
48385
48387
48390
48393
48396
48398
48406
48409
48411
48414
48417
48423
48429
48432
48437
48439
48440
48442
48443
48449
48452
48453
48454
48458
48460
48466
48469
48472
48473
48474
48482
48485
48486
48489
48500
48501
48516
48517
48518
48519
48522
48527
48529
48532
48533
48541
48542
48545
48547
48549
48552
48554
48555
48556
48561
48563
48567
48568
48569
48570
48574
48575
48579
48581
48586
48587
48588
48596
48597
48599
48600
48601
48603
48610
48612
48614
48615
48618
48619
48620
48624
48628
48632
48635
48637
48639
48641
48643
48644
48646
48647
48648
48650
48651
48652
48653
48656
48659
48661
48664
48666
48669
48673
48678
48679
48681
48682
48683
48685
48686
48689
48691
48692
48704
48705
48706
48708
48711
48713
48715
48718
48720
48726
48727
48728
48732
48733
48735
48737
48739
48740
48746
48747
48749
48754
48756
48757
48758
48763
48764
48766
48767
48768
48772
48773
48774
48777
48779
48782
48784
48785
48786
48787
48789
48794
48795
48799
48802
48803
48804
48805
48807
48808
48810
48816
48819
48820
48822
48826
48827
48832
48833
48835
48836
48840
48843
48846
48849
48853
48854
48856
48860
48863
48864
48867
48872
48873
48881
48884
48885
48887
48888
48891
48896
48897
48898
48900
48902
48903
48904
48908
48912
48913
48916
48918
48921
48924
48930
48932
48935
48936
48939
48942
48946
48950
48951
48954
48956
48960
48966
48967
48971
48975
48977
48979
48980
48985
48988
48995
48998
48999
49001
49006
49009
49010
49027
49029
49030
49036
49053
49057
49067
49068
49071
49074
49077
49080
49082
49087
49091
49095
49102
49105
49117
49122
49124
49125
49127
49144
49146
49158
49166
49169
49170
49173
49174
49175
49178
49180
49181
49185
49187
49189
49191
49209
49211
49215
49216
49220
49229
49230
49231
49247
49252
49260
49268
49277
49278
49284
49289
49292
49302
49303
49316
49319
49320
49330
49331
49334
49335
49339
49340
49343
49344
49349
49351
49359
49366
49367
49369
49374
49377
49378
49382
49390
49397
49401
49402
49403
49421
49425
49429
49436
49438
49440
49446
49448
49449
49451
49460
49461
49466
49468
49472
49476
49477
49482
49483
49485
49490
49496
49498
49500
49501
49503
49508
49509
49510
49511
49515
49516
49518
49519
49520
49521
49522
49524
49525
49526
49527
49528
49529
49530
49532
49534
49535
49536
49537
49538
49539
49540
49542
49545
49546
49547
49548
49550
49551
49554
49555
49556
49561
49568
49570
49571
49572
49576
49577
49578
49580
49581
49585
49589
49590
49592
49593
49595
49598
49600
49602
49606
49610
49611
49613
49615
49618
49624
49626
49627
49629
49631
49632
49633
49635
49637
49638
49639
49640
49644
49646
49649
49650
49651
49652
49653
49654
49657
49660
49661
49662
49664
49667
49668
49676
49678
49681
49682
49686
49688
49689
49693
49694
49695
49698
49699
49704
49705
49706
49707
49709
49710
49714
49716
49717
49718
49719
49720
49723
49726
49731
49732
49733
49734
49736
49737
49738
49739
49740
49743
49744
49745
49746
49749
49751
49753
49757
49758
49759
49763
49764
49765
49767
49768
49769
49771
49772
49781
49783
49784
49785
49791
49794
49799
49800
49802
49804
49806
49808
49809
49810
49812
49813
49814
49818
49819
49822
49823
49825
49826
49827
49828
49829
49830
49831
49832
49835
49838
49840
49842
49843
49844
49846
49851
49855
49858
49862
49863
49867
49872
49874
49878
49883
49885
49887
49892
49897
49898
49899
49900
49901
49902
49905
49908
49910
49911
49912
49915
49919
49920
49921
49922
49923
49924
49926
49928
49931
49933
49937
49938
49944
49946
49950
49951
49952
49953
49954
49955
49956
49958
49959
49960
49963
49964
49966
49967
49970
49977
49978
49981
49982
49983
49984
49988
49989
49991
49992
49995
49997
49999
