6
22
55
56
58
105
106
123
155
159
161
164
175
180
210
212
217
225
254
256
312
317
322
345
355
364
382
428
431
437
455
466
481
488
490
518
565
612
617
630
644
645
649
654
656
657
660
680
688
715
721
755
759
772
780
793
803
816
831
835
844
862
887
889
914
916
935
967
982
1001
1019
1028
1061
1099
1111
1119
1133
1172
1177
1180
1189
1192
1230
1253
1265
1334
1353
1357
1385
1387
1394
1405
1407
1416
1423
1456
1475
1488
1501
1513
1521
1537
1552
1555
1568
1586
1589
1635
1659
1675
1752
1763
1778
1794
1872
1879
1903
1904
1919
1932
1938
1974
2026
2068
2070
2071
2079
2104
2190
2209
2264
2265
2268
2274
2303
2306
2312
2313
2319
2330
2331
2344
2363
2376
2431
2442
2448
2459
2474
2485
2508
2509
2510
2519
2525
2534
2542
2588
2590
2594
2617
2619
2623
2629
2632
2634
2643
2644
2683
2696
2709
2734
2747
2757
2760
2783
2791
2794
2818
2851
2876
2894
2919
2921
2926
2933
2975
2983
2989
3013
3030
3039
3043
3058
3062
3079
3083
3084
3094
3106
3117
3124
3140
3150
3252
3337
3353
3380
3400
3407
3434
3497
3525
3543
3561
3580
3586
3688
3734
3749
3756
3781
3782
3783
3789
3827
3832
3852
3857
3895
3921
3923
3929
3948
3956
3958
3994
4015
4036
4045
4058
4074
4090
4094
4111
4115
4167
4171
4176
4198
4200
4211
4224
4294
4345
4382
4393
4441
4449
4454
4456
4481
4493
4518
4550
4551
4570
4578
4588
4613
4626
4642
4652
4658
4670
4698
4723
4751
4763
4769
4784
4792
4804
4815
4937
4999
5007
5014
5021
5022
5037
5039
5040
5047
5049
5050
5051
5056
5057
5064
5073
5075
5079
5082
5091
5092
5093
5098
5102
5105
5110
5127
5128
5131
5135
5140
5142
5144
5155
5158
5183
5184
5185
5186
5206
5207
5212
5228
5234
5238
5239
5243
5253
5255
5257
5258
5261
5262
5264
5265
5267
5271
5274
5277
5278
5282
5283
5289
5295
5297
5298
5301
5304
5305
5312
5313
5317
5322
5326
5334
5335
5344
5346
5349
5367
5369
5376
5381
5382
5390
5391
5392
5396
5398
5399
5414
5419
5423
5432
5433
5440
5444
5447
5456
5457
5460
5463
5468
5471
5472
5479
5487
5489
5493
5494
5501
5502
5508
5509
5510
5513
5516
5517
5518
5519
5520
5523
5525
5527
5530
5535
5538
5542
5546
5555
5558
5559
5561
5565
5567
5568
5571
5574
5575
5576
5586
5606
5611
5612
5617
5630
5634
5637
5652
5653
5654
5655
5658
5660
5665
5673
5676
5678
5682
5686
5688
5695
5710
5714
5721
5723
5725
5727
5731
5732
5734
5739
5743
5748
5751
5759
5765
5771
5772
5773
5781
5784
5786
5787
5788
5789
5799
5801
5808
5812
5820
5821
5828
5829
5831
5832
5835
5837
5838
5840
5845
5850
5851
5853
5855
5856
5859
5863
5869
5888
5894
5895
5899
5901
5905
5907
5908
5911
5921
5928
5936
5939
5943
5944
5949
5955
5963
5968
5972
5974
5976
5979
5980
5993
5999
6001
6006
6012
6034
6035
6049
6051
6052
6053
6063
6079
6086
6087
6093
6095
6099
6100
6102
6108
6109
6120
6123
6127
6130
6134
6137
6148
6150
6152
6161
6164
6167
6171
6174
6176
6177
6182
6190
6194
6195
6200
6205
6208
6217
6219
6231
6235
6238
6241
6255
6258
6261
6266
6270
6281
6286
6291
6293
6294
6295
6300
6301
6302
6303
6304
6311
6318
6322
6324
6329
6332
6339
6343
6349
6357
6361
6363
6377
6379
6384
6389
6390
6403
6409
6413
6419
6426
6428
6431
6441
6447
6448
6452
6454
6458
6474
6486
6487
6489
6491
6498
6500
6501
6503
6506
6507
6508
6511
6512
6516
6520
6522
6524
6525
6535
6537
6540
6544
6551
6554
6559
6566
6567
6575
6577
6580
6587
6592
6593
6600
6603
6609
6615
6616
6624
6626
6628
6635
6639
6649
6651
6658
6659
6661
6663
6665
6668
6669
6670
6674
6680
6687
6689
6694
6696
6700
6701
6702
6704
6709
6710
6712
6716
6720
6724
6729
6736
6737
6738
6743
6748
6749
6751
6758
6770
6773
6778
6783
6791
6806
6809
6812
6815
6818
6821
6826
6829
6837
6840
6844
6849
6852
6857
6859
6860
6861
6866
6876
6879
6880
6882
6885
6888
6891
6895
6897
6901
6907
6910
6912
6913
6918
6921
6923
6926
6929
6931
6933
6936
6939
6944
6952
6954
6956
6957
6962
6966
6967
6968
6969
6981
6987
6989
6994
6996
6997
6999
7000
7001
7005
7006
7011
7012
7017
7022
7028
7029
7039
7049
7050
7051
7053
7060
7063
7067
7074
7076
7080
7085
7089
7090
7092
7099
7100
7101
7103
7104
7111
7114
7115
7131
7139
7146
7148
7158
7160
7180
7183
7191
7194
7195
7197
7212
7216
7218
7220
7222
7223
7227
7228
7233
7235
7240
7250
7251
7254
7260
7262
7274
7282
7283
7286
7290
7291
7294
7296
7301
7304
7305
7317
7319
7322
7327
7341
7345
7351
7353
7358
7359
7361
7362
7364
7366
7375
7384
7388
7390
7398
7411
7417
7419
7421
7426
7429
7430
7449
7451
7452
7454
7459
7463
7467
7468
7469
7479
7485
7486
7492
7494
7497
7498
7506
7508
7510
7516
7525
7535
7536
7537
7538
7542
7544
7547
7548
7551
7556
7559
7560
7569
7574
7575
7599
7613
7620
7625
7626
7629
7632
7636
7637
7639
7642
7643
7656
7663
7667
7671
7674
7678
7679
7685
7688
7690
7697
7698
7700
7704
7711
7716
7719
7729
7742
7743
7744
7746
7750
7752
7755
7762
7763
7765
7770
7778
7783
7790
7797
7809
7812
7815
7817
7819
7827
7834
7836
7839
7840
7847
7852
7853
7856
7857
7858
7863
7865
7867
7869
7876
7877
7878
7880
7881
7884
7885
7893
7894
7895
7902
7906
7916
7919
7921
7926
7928
7929
7932
7933
7934
7945
7955
7962
7966
7967
7969
7972
7980
7996
7997
7998
8009
8010
8014
8017
8019
8021
8023
8034
8035
8051
8052
8053
8079
8088
8089
8092
8100
8108
8118
8122
8130
8134
8136
8137
8140
8143
8145
8146
8147
8149
8154
8157
8161
8173
8177
8178
8179
8187
8188
8190
8196
8199
8205
8217
8236
8237
8243
8257
8258
8261
8264
8266
8269
8272
8278
8280
8281
8288
8292
8297
8304
8308
8311
8315
8322
8327
8330
8336
8354
8356
8359
8363
8374
8375
8384
8386
8388
8393
8402
8404
8406
8411
8427
8434
8436
8439
8441
8446
8456
8460
8471
8476
8485
8493
8496
8505
8525
8527
8531
8539
8549
8550
8551
8566
8567
8573
8577
8580
8592
8593
8598
8600
8601
8602
8604
8605
8606
8607
8608
8610
8613
8622
8625
8627
8628
8638
8640
8643
8644
8650
8658
8661
8667
8669
8673
8674
8679
8682
8690
8691
8696
8703
8709
8714
8716
8717
8718
8720
8725
8735
8738
8740
8742
8746
8750
8752
8772
8776
8778
8783
8784
8789
8790
8795
8800
8802
8808
8810
8811
8814
8815
8816
8818
8819
8826
8827
8829
8831
8833
8841
8843
8844
8845
8846
8847
8850
8855
8861
8864
8867
8868
8873
8874
8876
8878
8884
8887
8888
8889
8890
8892
8896
8897
8900
8901
8904
8907
8908
8918
8921
8923
8938
8939
8940
8941
8946
8948
8949
8967
8968
8971
8980
8988
8990
8992
8994
8997
8998
8999
9004
9016
9024
9029
9032
9036
9040
9051
9052
9060
9068
9072
9075
9078
9086
9088
9091
9094
9096
9098
9102
9104
9105
9107
9113
9117
9121
9127
9129
9134
9139
9142
9145
9150
9161
9169
9170
9174
9187
9189
9190
9194
9196
9199
9209
9216
9221
9222
9227
9229
9234
9238
9248
9251
9252
9257
9258
9261
9263
9269
9276
9277
9278
9281
9282
9284
9290
9297
9300
9302
9305
9306
9315
9316
9324
9330
9334
9336
9339
9342
9356
9365
9369
9374
9382
9383
9386
9391
9394
9396
9397
9403
9404
9409
9410
9416
9419
9420
9426
9428
9430
9434
9441
9444
9446
9447
9451
9453
9454
9455
9459
9461
9466
9467
9471
9476
9479
9486
9493
9494
9499
9505
9509
9512
9513
9521
9523
9524
9529
9533
9541
9543
9545
9551
9554
9561
9562
9565
9568
9572
9573
9576
9578
9581
9583
9588
9598
9600
9601
9610
9612
9620
9622
9631
9643
9649
9653
9665
9666
9668
9671
9680
9688
9699
9703
9707
9710
9712
9714
9716
9724
9726
9730
9734
9736
9739
9746
9748
9750
9754
9757
9758
9760
9763
9764
9765
9768
9781
9786
9788
9791
9794
9801
9805
9813
9817
9822
9825
9826
9834
9836
9841
9848
9852
9853
9857
9859
9861
9867
9869
9880
9881
9884
9885
9886
9891
9895
9896
9897
9899
9902
9914
9916
9919
9926
9939
9940
9953
9955
9956
9962
9964
9979
9980
9983
9984
9985
9993
9994
9995
9997
9999
10000
10004
10007
10008
10009
10013
10015
10023
10026
10030
10031
10034
10035
10039
10040
10048
10050
10054
10056
10058
10059
10063
10068
10069
10075
10080
10081
10083
10087
10092
10098
10101
10110
10112
10118
10119
10127
10133
10134
10137
10147
10148
10152
10153
10154
10157
10171
10173
10174
10175
10180
10182
10185
10191
10205
10207
10209
10211
10213
10215
10217
10224
10230
10233
10236
10241
10247
10251
10252
10256
10261
10263
10265
10269
10273
10282
10293
10296
10300
10302
10304
10310
10311
10313
10316
10322
10324
10325
10328
10332
10333
10337
10348
10353
10356
10361
10363
10364
10365
10367
10371
10373
10375
10377
10382
10385
10391
10394
10401
10403
10413
10417
10420
10422
10424
10425
10434
10435
10443
10446
10447
10449
10450
10452
10455
10457
10460
10462
10466
10467
10472
10475
10478
10480
10482
10484
10494
10496
10499
10502
10504
10505
10514
10515
10516
10523
10528
10533
10536
10537
10547
10552
10562
10573
10574
10578
10585
10587
10595
10596
10598
10606
10608
10610
10613
10619
10622
10627
10632
10637
10638
10646
10649
10650
10655
10657
10658
10660
10665
10666
10674
10681
10682
10686
10689
10698
10712
10714
10715
10716
10724
10725
10726
10728
10731
10733
10739
10743
10746
10749
10753
10755
10757
10758
10765
10772
10779
10780
10781
10788
10790
10796
10797
10801
10803
10805
10807
10810
10811
10818
10820
10823
10831
10836
10837
10853
10855
10856
10857
10860
10865
10876
10884
10889
10890
10894
10908
10912
10918
10922
10926
10932
10950
10953
10959
10960
10969
10972
10973
10976
10982
10984
10990
10991
10995
11000
11001
11006
11013
11019
11020
11022
11025
11028
11032
11033
11034
11037
11039
11041
11044
11049
11052
11053
11054
11063
11064
11066
11067
11068
11073
11074
11085
11087
11094
11099
11101
11106
11114
11117
11122
11128
11130
11134
11135
11137
11140
11143
11144
11153
11157
11158
11166
11171
11174
11180
11190
11193
11194
11195
11201
11203
11209
11213
11215
11223
11227
11237
11247
11251
11252
11253
11261
11262
11266
11268
11272
11275
11280
11287
11289
11292
11295
11298
11302
11308
11309
11324
11328
11330
11331
11332
11338
11339
11342
11343
11355
11356
11357
11359
11361
11364
11367
11370
11372
11381
11383
11394
11398
11406
11407
11410
11411
11412
11419
11424
11425
11426
11432
11439
11440
11444
11446
11447
11451
11458
11462
11463
11464
11469
11484
11491
11494
11499
11506
11509
11510
11513
11517
11521
11525
11526
11534
11542
11545
11547
11548
11549
11553
11554
11558
11560
11561
11563
11576
11577
11582
11588
11589
11593
11596
11598
11603
11605
11608
11610
11617
11619
11621
11631
11640
11645
11650
11652
11661
11667
11668
11670
11673
11677
11683
11694
11696
11700
11701
11705
11707
11713
11717
11718
11723
11724
11725
11730
11740
11742
11747
11754
11764
11769
11770
11776
11781
11790
11802
11803
11805
11811
11826
11832
11842
11848
11853
11856
11860
11863
11865
11866
11868
11870
11872
11873
11875
11887
11889
11890
11892
11893
11895
11901
11913
11916
11918
11920
11921
11927
11929
11930
11931
11935
11940
11945
11946
11948
11955
11956
11963
11966
11967
11968
11971
11972
11978
11980
11981
11983
11985
11988
11989
11993
11994
12000
12003
12005
12006
12008
12011
12012
12014
12018
12019
12021
12025
12026
12032
12039
12040
12043
12045
12051
12052
12058
12063
12069
12070
12077
12084
12086
12088
12097
12098
12103
12108
12113
12114
12119
12121
12124
12128
12132
12138
12139
12144
12146
12148
12154
12162
12164
12171
12174
12182
12184
12187
12188
12191
12193
12201
12202
12204
12209
12210
12211
12213
12214
12216
12217
12218
12225
12226
12228
12230
12238
12239
12241
12242
12244
12250
12252
12253
12259
12261
12262
12270
12280
12281
12282
12284
12289
12300
12301
12303
12309
12314
12315
12318
12320
12322
12325
12328
12329
12339
12340
12345
12352
12366
12368
12370
12371
12372
12375
12379
12382
12386
12389
12397
12406
12409
12411
12412
12413
12417
12425
12431
12432
12434
12437
12438
12439
12441
12453
12454
12456
12457
12462
12469
12473
12474
12475
12476
12478
12479
12482
12487
12492
12493
12496
12508
12509
12510
12511
12514
12515
12519
12529
12530
12538
12552
12556
12557
12561
12572
12573
12576
12579
12581
12584
12585
12586
12590
12593
12600
12604
12605
12609
12610
12613
12618
12628
12630
12634
12637
12647
12650
12651
12654
12655
12657
12658
12660
12672
12678
12682
12688
12695
12698
12699
12701
12703
12709
12720
12722
12732
12737
12742
12743
12747
12750
12757
12760
12766
12769
12772
12773
12774
12777
12780
12781
12784
12786
12789
12795
12803
12808
12809
12814
12822
12823
12826
12828
12832
12834
12837
12842
12843
12847
12848
12850
12856
12857
12858
12859
12862
12867
12871
12877
12878
12883
12887
12894
12897
12904
12910
12911
12913
12914
12923
12924
12928
12932
12935
12938
12939
12948
12952
12955
12958
12960
12963
12969
12973
12978
12982
12983
12984
12987
12990
12993
12994
13007
13009
13015
13017
13019
13020
13024
13029
13030
13033
13035
13040
13047
13050
13053
13055
13060
13061
13064
13068
13070
13072
13077
13084
13092
13094
13096
13097
13098
13104
13105
13114
13117
13121
13122
13125
13126
13131
13134
13140
13147
13149
13155
13156
13157
13159
13161
13162
13170
13176
13178
13179
13184
13189
13193
13197
13198
13205
13208
13211
13212
13216
13224
13231
13235
13236
13239
13242
13245
13248
13256
13267
13272
13276
13282
13293
13297
13298
13305
13306
13314
13318
13321
13327
13328
13332
13337
13341
13345
13350
13362
13363
13371
13382
13387
13389
13390
13395
13399
13400
13402
13404
13407
13411
13415
13417
13420
13421
13423
13425
13426
13427
13428
13437
13442
13451
13452
13453
13458
13464
13465
13466
13471
13475
13480
13484
13485
13490
13505
13508
13510
13511
13515
13520
13521
13523
13525
13529
13530
13536
13537
13538
13540
13544
13548
13553
13555
13556
13557
13568
13574
13577
13579
13580
13592
13594
13598
13602
13612
13616
13620
13621
13622
13629
13630
13631
13637
13638
13643
13644
13646
13659
13662
13663
13664
13671
13672
13687
13688
13694
13695
13696
13699
13700
13704
13705
13709
13711
13714
13717
13718
13723
13734
13735
13736
13737
13741
13743
13744
13745
13746
13747
13750
13760
13768
13769
13770
13777
13781
13784
13788
13790
13791
13792
13794
13796
13804
13817
13823
13824
13825
13826
13829
13830
13833
13836
13838
13840
13843
13845
13846
13853
13855
13863
13864
13866
13881
13888
13889
13916
13919
13920
13935
13936
13942
13948
13952
13963
13964
13970
13974
13979
13981
13984
13988
13989
13990
13996
13998
14006
14007
14013
14015
14022
14028
14031
14036
14037
14038
14042
14043
14047
14056
14062
14066
14069
14073
14075
14081
14083
14093
14094
14096
14099
14101
14112
14114
14115
14117
14119
14122
14125
14126
14127
14133
14134
14136
14138
14156
14159
14164
14169
14172
14176
14178
14181
14188
14189
14192
14195
14197
14201
14202
14203
14205
14214
14222
14223
14228
14229
14235
14238
14239
14242
14251
14253
14259
14260
14264
14288
14290
14292
14294
14295
14298
14302
14304
14305
14307
14310
14311
14316
14317
14321
14325
14326
14328
14330
14331
14332
14338
14344
14350
14352
14355
14356
14357
14358
14361
14362
14365
14367
14368
14370
14373
14385
14386
14387
14389
14391
14396
14398
14399
14400
14401
14404
14406
14407
14409
14412
14415
14417
14421
14424
14428
14449
14450
14451
14453
14459
14460
14462
14466
14469
14473
14479
14482
14488
14493
14495
14497
14499
14503
14505
14510
14514
14529
14532
14533
14534
14548
14550
14563
14567
14571
14572
14576
14578
14581
14582
14584
14587
14591
14594
14596
14599
14600
14602
14603
14606
14608
14611
14614
14615
14616
14618
14619
14621
14622
14624
14625
14627
14629
14630
14633
14634
14645
14649
14650
14652
14654
14656
14657
14659
14660
14663
14669
14673
14675
14678
14684
14685
14690
14698
14702
14704
14710
14711
14716
14717
14719
14722
14723
14726
14730
14735
14739
14740
14741
14742
14746
14751
14754
14760
14764
14765
14768
14769
14773
14781
14782
14784
14786
14793
14796
14799
14803
14808
14810
14813
14820
14826
14839
14840
14842
14843
14846
14853
14855
14856
14857
14862
14879
14885
14888
14889
14896
14906
14910
14916
14918
14926
14933
14937
14938
14939
14940
14942
14943
14945
14948
14954
14962
14965
14967
14969
14976
14978
14983
14984
14987
14989
14990
14991
14994
14995
14999
15007
15023
15042
15085
15092
15119
15123
15156
15178
15187
15249
15276
15278
15354
15356
15418
15458
15515
15524
15568
15584
15640
15645
15676
15702
15743
15745
15772
15780
15781
15805
15890
15892
15949
15959
15980
16003
16015
16070
16090
16101
16105
16155
16178
16199
16200
16232
16237
16238
16333
16340
16349
16418
16436
16495
16509
16523
16530
16572
16582
16617
16645
16647
16654
16660
16669
16688
16707
16708
16718
16725
16745
16786
16816
16836
16864
16889
16919
16949
16959
16969
17015
17028
17031
17034
17066
17067
17088
17105
17111
17142
17155
17187
17194
17204
17212
17216
17249
17261
17365
17373
17379
17396
17517
17518
17547
17655
17663
17712
17737
17739
17770
17774
17814
17821
17830
17846
17850
17857
17875
17957
18052
18058
18063
18070
18094
18106
18110
18122
18142
18200
18223
18230
18251
18285
18309
18360
18392
18394
18416
18441
18442
18468
18472
18503
18528
18536
18557
18578
18599
18628
18639
18643
18645
18685
18700
18715
18759
18760
18784
18787
18794
18829
18851
18871
18879
18889
18912
18944
18968
18972
18975
18983
19000
19017
19046
19065
19072
19078
19106
19109
19119
19163
19174
19188
19192
19237
19277
19376
19380
19394
19420
19426
19440
19461
19464
19499
19557
19611
19619
19642
19646
19709
19773
19776
19777
19794
19819
19830
19837
19848
19850
19855
19879
19894
19899
19913
19927
20000
20003
20007
20016
20017
20019
20021
20027
20032
20033
20034
20035
20036
20039
20044
20047
20049
20052
20053
20054
20055
20058
20061
20070
20072
20073
20076
20080
20083
20085
20086
20087
20089
20092
20093
20098
20100
20102
20112
20116
20121
20123
20124
20125
20129
20130
20132
20134
20136
20140
20142
20143
20150
20157
20160
20161
20162
20165
20168
20170
20171
20173
20174
20179
20181
20182
20195
20199
20200
20205
20209
20210
20212
20217
20218
20219
20221
20222
20223
20227
20228
20230
20232
20242
20246
20248
20249
20250
20251
20258
20262
20265
20267
20276
20278
20279
20283
20286
20293
20294
20299
20300
20301
20303
20306
20308
20309
20310
20313
20317
20319
20320
20321
20322
20324
20327
20329
20335
20336
20341
20342
20349
20350
20353
20356
20357
20360
20362
20363
20364
20367
20369
20372
20374
20377
20378
20380
20382
20383
20387
20388
20390
20392
20393
20394
20396
20404
20407
20408
20412
20417
20435
20436
20438
20439
20441
20443
20444
20447
20448
20449
20455
20456
20458
20459
20462
20465
20468
20471
20475
20478
20481
20482
20485
20486
20487
20488
20490
20492
20493
20495
20496
20498
20499
20501
20504
20508
20509
20511
20512
20514
20516
20518
20519
20525
20526
20527
20531
20534
20536
20539
20540
20542
20545
20546
20547
20548
20551
20553
20554
20557
20558
20559
20561
20565
20566
20568
20570
20574
20576
20577
20579
20581
20583
20589
20591
20593
20595
20597
20603
20604
20605
20610
20612
20614
20615
20618
20625
20626
20628
20631
20632
20636
20645
20648
20649
20650
20651
20652
20653
20659
20660
20661
20664
20668
20671
20674
20678
20682
20683
20686
20689
20690
20693
20697
20701
20704
20705
20710
20711
20712
20713
20714
20717
20719
20720
20724
20729
20730
20733
20739
20741
20746
20751
20754
20756
20759
20761
20763
20766
20772
20774
20777
20779
20787
20788
20789
20790
20793
20794
20796
20798
20800
20803
20804
20808
20809
20812
20814
20817
20818
20823
20824
20825
20830
20831
20832
20839
20840
20842
20843
20849
20853
20854
20867
20869
20870
20873
20875
20878
20882
20883
20884
20886
20892
20893
20894
20897
20902
20914
20916
20917
20922
20926
20927
20930
20933
20936
20937
20940
20945
20946
20949
20951
20956
20959
20961
20962
20964
20966
20972
20973
20979
20981
20986
20990
20993
20994
20996
20999
21001
21002
21006
21009
21010
21011
21016
21021
21022
21023
21024
21025
21033
21035
21036
21047
21051
21052
21053
21056
21057
21058
21061
21064
21065
21067
21073
21077
21080
21083
21086
21087
21092
21096
21099
21100
21102
21105
21106
21112
21116
21117
21119
21122
21139
21143
21145
21146
21148
21149
21154
21156
21158
21161
21162
21164
21168
21173
21174
21176
21179
21181
21183
21185
21186
21188
21196
21199
21202
21203
21204
21210
21214
21217
21219
21225
21228
21229
21232
21236
21239
21241
21243
21246
21251
21256
21260
21261
21262
21269
21270
21272
21279
21281
21286
21293
21294
21301
21305
21308
21313
21315
21316
21318
21321
21322
21323
21324
21326
21328
21334
21335
21337
21345
21348
21354
21355
21357
21366
21367
21369
21373
21374
21378
21379
21380
21382
21384
21386
21388
21391
21392
21395
21397
21400
21401
21407
21410
21411
21414
21417
21422
21425
21426
21429
21431
21433
21434
21446
21447
21449
21453
21456
21457
21459
21460
21463
21465
21470
21475
21476
21483
21484
21486
21487
21488
21489
21491
21494
21497
21498
21499
21501
21503
21505
21516
21519
21520
21524
21526
21531
21536
21539
21545
21546
21552
21554
21555
21560
21562
21563
21569
21571
21576
21577
21579
21581
21584
21585
21589
21592
21593
21594
21598
21599
21601
21602
21606
21607
21615
21619
21621
21623
21624
21631
21634
21641
21643
21647
21649
21651
21655
21658
21666
21672
21674
21684
21688
21689
21694
21699
21703
21704
21708
21710
21714
21720
21721
21732
21733
21737
21743
21745
21751
21753
21758
21759
21760
21761
21762
21763
21768
21769
21771
21775
21778
21784
21785
21786
21788
21790
21793
21794
21795
21796
21797
21798
21804
21805
21806
21816
21817
21818
21819
21820
21821
21824
21830
21834
21835
21836
21837
21838
21839
21842
21843
21846
21856
21857
21860
21861
21863
21868
21872
21874
21877
21878
21881
21882
21887
21890
21892
21894
21897
21900
21902
21903
21906
21907
21910
21911
21913
21915
21917
21918
21919
21921
21924
21925
21933
21937
21940
21944
21945
21950
21956
21959
21963
21965
21966
21967
21970
21978
21988
21990
21992
21993
21995
21996
22002
22004
22009
22010
22014
22019
22021
22023
22028
22030
22031
22036
22041
22042
22046
22048
22049
22051
22055
22059
22060
22061
22063
22064
22071
22073
22076
22078
22081
22082
22085
22088
22090
22097
22099
22101
22102
22103
22107
22113
22114
22116
22119
22124
22127
22128
22130
22131
22135
22137
22138
22139
22140
22142
22146
22149
22151
22158
22160
22163
22164
22165
22169
22172
22174
22176
22177
22180
22182
22184
22185
22186
22188
22192
22193
22194
22195
22196
22208
22210
22211
22223
22224
22226
22231
22233
22235
22238
22240
22241
22244
22247
22249
22251
22254
22255
22256
22258
22260
22261
22262
22266
22268
22272
22275
22277
22281
22282
22283
22286
22291
22294
22295
22297
22300
22301
22302
22303
22304
22308
22313
22314
22319
22320
22321
22322
22324
22326
22327
22337
22338
22340
22343
22345
22347
22349
22351
22352
22353
22354
22355
22358
22360
22368
22373
22378
22381
22383
22385
22386
22392
22393
22394
22396
22398
22403
22404
22406
22410
22411
22412
22414
22415
22416
22417
22418
22420
22422
22425
22426
22427
22429
22432
22444
22446
22448
22449
22450
22461
22462
22463
22464
22465
22469
22471
22477
22478
22481
22483
22487
22489
22493
22496
22499
22500
22501
22507
22508
22509
22511
22515
22517
22520
22525
22530
22534
22535
22536
22540
22541
22543
22546
22548
22551
22554
22555
22557
22558
22559
22560
22563
22568
22570
22572
22573
22574
22575
22577
22578
22579
22583
22584
22586
22587
22588
22590
22591
22593
22595
22596
22597
22601
22607
22609
22610
22612
22613
22615
22621
22625
22632
22634
22637
22639
22640
22641
22642
22643
22644
22648
22652
22653
22657
22660
22666
22668
22671
22675
22681
22682
22684
22685
22686
22697
22698
22702
22708
22714
22715
22719
22721
22726
22728
22729
22733
22740
22743
22747
22754
22756
22757
22759
22763
22765
22768
22769
22776
22777
22779
22780
22781
22782
22789
22790
22792
22798
22802
22804
22805
22807
22808
22810
22814
22815
22816
22817
22818
22819
22830
22831
22839
22840
22843
22844
22845
22849
22851
22853
22859
22860
22865
22866
22868
22870
22872
22873
22881
22883
22885
22889
22893
22900
22902
22903
22904
22906
22915
22916
22928
22932
22934
22938
22941
22942
22945
22948
22951
22952
22954
22959
22963
22968
22973
22974
22975
22976
22981
22982
22983
22985
22986
22988
22989
22991
22997
22998
23000
23003
23006
23007
23009
23010
23011
23013
23019
23026
23027
23028
23030
23032
23033
23034
23035
23041
23046
23049
23054
23056
23061
23064
23065
23071
23072
23073
23074
23077
23079
23087
23089
23091
23096
23099
23102
23105
23108
23109
23110
23111
23113
23114
23115
23117
23118
23126
23128
23134
23135
23136
23142
23144
23153
23157
23159
23161
23167
23170
23171
23178
23179
23183
23184
23190
23196
23197
23198
23200
23202
23203
23215
23218
23223
23224
23226
23237
23238
23239
23242
23243
23251
23252
23253
23254
23255
23261
23262
23264
23265
23266
23268
23275
23276
23280
23282
23287
23290
23292
23294
23298
23306
23307
23311
23314
23316
23317
23319
23321
23322
23323
23330
23335
23337
23340
23341
23346
23348
23349
23352
23353
23357
23361
23363
23364
23367
23371
23372
23374
23378
23381
23385
23389
23390
23392
23393
23396
23401
23402
23404
23406
23411
23415
23417
23425
23427
23428
23429
23431
23434
23435
23436
23437
23438
23445
23447
23448
23450
23453
23457
23459
23460
23462
23463
23465
23467
23469
23470
23473
23474
23482
23483
23486
23487
23488
23490
23491
23492
23493
23496
23497
23501
23502
23507
23511
23520
23521
23531
23532
23533
23536
23537
23539
23541
23547
23548
23549
23550
23556
23558
23559
23565
23566
23567
23568
23574
23578
23584
23593
23594
23595
23598
23601
23604
23609
23612
23613
23614
23619
23623
23624
23630
23632
23638
23642
23651
23657
23658
23660
23663
23668
23671
23672
23682
23683
23684
23691
23696
23697
23699
23700
23702
23704
23706
23707
23709
23710
23713
23719
23720
23723
23724
23726
23728
23729
23730
23738
23739
23740
23741
23742
23748
23751
23754
23760
23763
23766
23773
23778
23780
23783
23785
23791
23793
23794
23795
23800
23804
23807
23810
23811
23812
23814
23819
23824
23826
23827
23828
23829
23832
23836
23839
23842
23844
23845
23846
23851
23852
23855
23857
23859
23860
23866
23867
23875
23877
23884
23888
23890
23897
23899
23900
23901
23904
23908
23912
23915
23917
23922
23925
23931
23934
23935
23936
23937
23948
23951
23952
23955
23960
23961
23962
23967
23968
23971
23973
23975
23982
23984
23991
23993
23997
24005
24008
24012
24014
24015
24017
24019
24021
24023
24031
24033
24034
24036
24043
24044
24045
24050
24052
24054
24057
24058
24062
24064
24066
24068
24070
24071
24074
24079
24081
24087
24092
24093
24095
24102
24106
24107
24110
24114
24117
24118
24121
24123
24124
24125
24127
24128
24131
24132
24135
24136
24141
24143
24146
24148
24150
24157
24159
24160
24164
24166
24173
24175
24185
24187
24188
24192
24193
24195
24196
24198
24199
24200
24205
24209
24213
24218
24223
24224
24229
24230
24231
24237
24238
24242
24244
24245
24248
24249
24256
24260
24262
24266
24267
24269
24273
24274
24276
24279
24280
24281
24283
24285
24288
24290
24291
24294
24295
24305
24307
24308
24311
24313
24318
24321
24323
24324
24331
24340
24346
24348
24351
24352
24353
24356
24359
24360
24361
24362
24364
24366
24367
24368
24372
24376
24378
24382
24384
24385
24388
24391
24393
24396
24397
24399
24408
24409
24417
24422
24424
24426
24427
24430
24435
24437
24439
24441
24445
24448
24450
24452
24453
24459
24461
24462
24469
24471
24473
24478
24479
24481
24488
24491
24500
24502
24505
24508
24509
24511
24515
24518
24519
24523
24525
24528
24530
24538
24539
24540
24541
24546
24553
24554
24562
24564
24567
24570
24574
24577
24581
24587
24589
24591
24592
24594
24596
24601
24609
24613
24614
24615
24616
24622
24624
24625
24627
24634
24637
24638
24641
24649
24652
24654
24656
24658
24659
24660
24670
24672
24675
24676
24677
24678
24680
24681
24683
24686
24688
24691
24692
24693
24695
24697
24704
24705
24707
24711
24713
24717
24718
24720
24725
24726
24731
24735
24737
24740
24744
24748
24752
24753
24754
24755
24756
24757
24759
24760
24761
24762
24765
24766
24767
24768
24771
24773
24774
24775
24780
24784
24785
24788
24791
24802
24811
24812
24814
24816
24820
24825
24833
24834
24835
24837
24842
24846
24848
24852
24853
24866
24867
24868
24869
24873
24874
24879
24882
24891
24892
24895
24901
24906
24909
24910
24912
24913
24914
24915
24920
24921
24923
24924
24927
24930
24931
24932
24937
24941
24942
24943
24945
24946
24947
24950
24951
24952
24955
24958
24961
24963
24964
24966
24967
24968
24970
24972
24973
24975
24983
24984
24987
24989
24991
24993
24995
24996
24998
24999
25021
25033
25045
25054
25090
25118
25146
25189
25203
25219
25262
25264
25267
25272
25286
25292
25312
25324
25335
25341
25351
25355
25413
25458
25461
25470
25489
25502
25520
25530
25531
25537
25540
25552
25559
25563
25590
25623
25666
25678
25688
25759
25766
25795
25821
25856
25860
25863
25864
25870
25901
25936
25946
25978
26013
26029
26044
26105
26113
26119
26202
26220
26224
26284
26302
26308
26319
26335
26411
26430
26440
26445
26451
26456
26466
26468
26511
26567
26570
26577
26602
26624
26647
26652
26687
26690
26695
26702
26707
26721
26724
26731
26737
26741
26752
26758
26770
26808
26817
26837
26871
26882
26893
26896
26911
26954
26961
26962
26978
26991
27032
27071
27072
27093
27100
27103
27111
27155
27189
27203
27229
27271
27274
27293
27308
27331
27339
27356
27392
27396
27397
27404
27410
27457
27508
27522
27562
27570
27606
27622
27629
27631
27635
27641
27659
27667
27693
27716
27744
27752
27790
27792
27800
27803
27815
27850
27862
27877
27907
27926
27927
27936
27939
27945
27951
27957
27966
27994
28014
28031
28047
28068
28075
28093
28116
28128
28132
28148
28153
28162
28165
28169
28170
28188
28237
28248
28277
28294
28300
28322
28338
28356
28386
28412
28414
28447
28454
28476
28480
28534
28551
28561
28566
28585
28587
28589
28605
28642
28653
28672
28682
28683
28698
28749
28774
28782
28787
28825
28830
28839
28851
28887
28889
28892
28910
28915
28937
28985
29001
29006
29015
29016
29047
29064
29065
29077
29094
29152
29157
29163
29183
29189
29192
29261
29273
29284
29289
29323
29344
29366
29376
29382
29384
29394
29401
29416
29425
29432
29446
29465
29485
29486
29490
29519
29537
29540
29547
29555
29598
29603
29627
29650
29680
29697
29710
29736
29741
29752
29794
29869
29879
29901
29936
30000
30004
30007
30009
30016
30020
30028
30029
30037
30048
30050
30053
30062
30065
30072
30084
30090
30093
30100
30105
30108
30109
30112
30114
30116
30122
30123
30129
30130
30142
30148
30149
30162
30177
30178
30195
30197
30206
30209
30213
30220
30224
30225
30227
30228
30240
30241
30243
30247
30249
30250
30259
30276
30277
30283
30284
30285
30291
30296
30299
30301
30315
30316
30320
30324
30327
30330
30334
30336
30342
30368
30370
30371
30372
30374
30379
30387
30388
30391
30400
30418
30437
30438
30440
30457
30460
30461
30462
30475
30478
30483
30485
30491
30496
30499
30501
30508
30512
30513
30514
30515
30529
30532
30539
30541
30543
30557
30558
30559
30560
30564
30567
30577
30578
30581
30594
30611
30612
30613
30615
30616
30638
30646
30650
30653
30660
30661
30663
30665
30668
30672
30673
30676
30681
30685
30689
30697
30704
30714
30715
30716
30719
30720
30721
30727
30730
30732
30735
30736
30739
30742
30743
30745
30754
30755
30761
30765
30767
30768
30773
30782
30783
30784
30787
30789
30791
30793
30794
30796
30798
30803
30809
30814
30816
30820
30829
30830
30839
30852
30859
30863
30864
30865
30869
30873
30875
30876
30890
30905
30910
30919
30921
30931
30933
30937
30951
30957
30960
30964
30967
30972
30987
30991
30995
30997
30998
31001
31004
31011
31013
31014
31019
31020
31022
31024
31030
31037
31039
31041
31048
31062
31065
31066
31072
31081
31084
31096
31101
31102
31108
31109
31111
31112
31114
31120
31124
31125
31130
31133
31135
31138
31142
31143
31145
31146
31159
31162
31164
31165
31170
31171
31175
31180
31184
31186
31191
31201
31202
31204
31208
31217
31218
31219
31223
31225
31228
31233
31235
31236
31237
31241
31248
31249
31254
31256
31262
31265
31278
31280
31281
31284
31286
31291
31292
31296
31297
31298
31314
31315
31320
31323
31338
31342
31344
31345
31347
31360
31375
31377
31381
31391
31393
31395
31396
31418
31428
31429
31442
31456
31457
31459
31460
31477
31479
31482
31486
31487
31494
31501
31507
31508
31509
31511
31512
31514
31518
31521
31528
31530
31533
31535
31538
31547
31551
31562
31563
31571
31575
31576
31577
31580
31588
31589
31596
31598
31599
31604
31610
31620
31626
31627
31631
31633
31642
31649
31653
31658
31660
31664
31666
31669
31670
31678
31696
31697
31699
31704
31705
31707
31708
31718
31720
31729
31739
31740
31744
31747
31749
31750
31754
31755
31756
31766
31770
31772
31775
31777
31781
31784
31788
31803
31804
31805
31809
31813
31816
31821
31823
31826
31827
31828
31831
31837
31839
31842
31855
31867
31871
31873
31880
31884
31885
31887
31892
31898
31905
31907
31911
31915
31919
31921
31926
31931
31933
31935
31945
31948
31950
31952
31953
31954
31956
31961
31973
31979
31983
31986
31988
31990
31991
31994
32001
32004
32018
32019
32021
32023
32028
32030
32033
32044
32045
32046
32054
32060
32061
32066
32067
32073
32074
32080
32081
32086
32092
32099
32100
32102
32105
32112
32120
32126
32127
32130
32131
32133
32134
32143
32148
32152
32167
32169
32175
32176
32182
32183
32185
32186
32187
32190
32200
32205
32219
32222
32228
32233
32235
32241
32244
32246
32257
32258
32260
32262
32264
32273
32278
32280
32281
32282
32285
32287
32291
32293
32302
32304
32312
32315
32320
32326
32331
32337
32342
32344
32354
32356
32362
32367
32368
32383
32385
32389
32390
32393
32394
32396
32397
32403
32412
32414
32432
32434
32449
32453
32456
32459
32461
32462
32465
32468
32473
32475
32477
32483
32485
32488
32493
32494
32504
32507
32510
32517
32522
32530
32532
32544
32550
32551
32559
32562
32564
32565
32568
32569
32585
32586
32587
32588
32589
32594
32595
32598
32602
32603
32610
32612
32616
32627
32636
32643
32650
32653
32659
32660
32668
32675
32677
32680
32682
32684
32689
32693
32696
32700
32703
32714
32725
32727
32728
32733
32736
32737
32746
32749
32753
32755
32757
32758
32769
32770
32773
32774
32775
32778
32779
32780
32784
32787
32789
32799
32813
32816
32823
32827
32828
32834
32836
32838
32842
32846
32847
32849
32850
32862
32864
32869
32880
32883
32890
32894
32902
32903
32911
32912
32915
32923
32926
32932
32937
32939
32941
32944
32948
32949
32951
32954
32957
32963
32968
32970
32971
32972
32973
32975
32983
32984
32993
32997
32998
33004
33006
33012
33018
33023
33027
33029
33035
33038
33039
33040
33041
33044
33050
33055
33058
33063
33065
33071
33079
33081
33083
33087
33095
33097
33102
33105
33114
33126
33127
33128
33129
33131
33146
33149
33154
33163
33168
33176
33177
33184
33188
33195
33198
33201
33205
33207
33208
33210
33212
33213
33215
33216
33226
33229
33249
33250
33252
33253
33260
33268
33272
33289
33291
33292
33302
33303
33310
33323
33328
33334
33337
33341
33347
33352
33357
33358
33363
33365
33366
33368
33370
33375
33378
33385
33386
33388
33391
33395
33397
33398
33401
33406
33407
33410
33412
33413
33426
33433
33434
33438
33439
33440
33445
33452
33453
33455
33461
33464
33468
33470
33477
33490
33493
33498
33503
33506
33518
33519
33523
33529
33531
33548
33553
33554
33555
33557
33565
33567
33590
33592
33598
33603
33607
33608
33611
33616
33622
33624
33625
33626
33647
33650
33659
33660
33661
33662
33665
33667
33669
33679
33682
33685
33690
33692
33696
33699
33700
33705
33710
33711
33712
33716
33717
33718
33720
33726
33730
33731
33736
33738
33741
33743
33747
33748
33752
33768
33772
33773
33777
33780
33781
33789
33790
33797
33802
33805
33810
33815
33821
33822
33824
33829
33831
33832
33844
33846
33847
33860
33862
33877
33878
33879
33888
33896
33897
33904
33915
33926
33927
33931
33941
33942
33946
33954
33955
33962
33963
33964
33969
33972
33988
33992
33993
33994
33999
34000
34001
34004
34005
34013
34015
34018
34022
34031
34039
34042
34043
34044
34045
34052
34056
34057
34058
34063
34065
34071
34076
34077
34081
34084
34087
34090
34094
34097
34098
34104
34105
34114
34123
34125
34127
34132
34134
34136
34140
34145
34160
34161
34167
34171
34172
34179
34185
34186
34192
34195
34197
34203
34205
34208
34210
34216
34217
34224
34225
34226
34229
34238
34239
34240
34248
34249
34251
34252
34254
34260
34265
34272
34280
34283
34286
34291
34298
34299
34302
34304
34314
34316
34319
34321
34324
34326
34327
34331
34334
34339
34347
34350
34352
34353
34362
34364
34378
34379
34380
34383
34394
34408
34413
34417
34419
34420
34421
34424
34425
34430
34432
34433
34434
34439
34441
34453
34454
34459
34461
34463
34469
34472
34483
34492
34493
34494
34502
34505
34512
34513
34521
34526
34535
34548
34551
34552
34554
34557
34565
34572
34574
34578
34593
34595
34597
34602
34611
34612
34616
34617
34621
34622
34627
34628
34647
34648
34650
34655
34662
34674
34675
34676
34677
34678
34681
34682
34683
34689
34691
34692
34693
34699
34702
34718
34719
34720
34726
34727
34731
34733
34735
34741
34742
34743
34748
34752
34768
34772
34774
34781
34782
34785
34793
34815
34818
34826
34827
34831
34833
34838
34839
34847
34852
34860
34865
34871
34873
34876
34883
34888
34891
34895
34898
34910
34911
34913
34919
34923
34928
34929
34932
34936
34939
34952
34956
34966
34967
34970
34974
34978
34979
34980
34984
34995
34997
34998
35000
35001
35004
35006
35009
35010
35014
35015
35020
35025
35027
35030
35034
35037
35040
35042
35043
35046
35050
35054
35057
35060
35061
35063
35066
35067
35069
35070
35074
35075
35077
35078
35080
35081
35083
35084
35085
35087
35092
35093
35109
35114
35119
35133
35139
35142
35143
35145
35155
35160
35164
35165
35166
35167
35170
35175
35180
35181
35183
35184
35187
35192
35194
35197
35204
35210
35215
35216
35220
35228
35239
35245
35249
35252
35253
35257
35258
35262
35274
35275
35278
35279
35290
35291
35298
35305
35307
35309
35311
35312
35313
35319
35320
35321
35327
35333
35335
35337
35340
35341
35345
35347
35352
35354
35366
35367
35374
35378
35386
35388
35392
35395
35396
35399
35400
35404
35406
35408
35409
35416
35419
35427
35428
35429
35432
35434
35449
35454
35456
35464
35466
35471
35472
35476
35484
35486
35492
35498
35505
35509
35511
35514
35515
35517
35520
35524
35525
35526
35528
35531
35534
35539
35541
35543
35544
35551
35553
35555
35556
35560
35561
35563
35568
35570
35572
35573
35577
35581
35586
35591
35596
35597
35600
35605
35618
35624
35625
35628
35630
35640
35647
35648
35653
35654
35655
35656
35657
35666
35671
35673
35677
35678
35679
35680
35681
35687
35697
35701
35707
35708
35710
35711
35715
35719
35723
35725
35729
35730
35731
35733
35741
35744
35758
35769
35776
35781
35787
35796
35801
35805
35807
35809
35820
35822
35831
35832
35833
35835
35838
35845
35847
35848
35851
35852
35860
35873
35877
35886
35889
35895
35899
35902
35903
35909
35920
35930
35933
35937
35938
35939
35940
35942
35943
35947
35954
35957
35958
35961
35963
35969
35973
35980
35989
35990
35991
35997
35999
36002
36006
36011
36013
36021
36022
36026
36034
36037
36042
36044
36046
36047
36048
36050
36053
36058
36061
36063
36064
36068
36074
36075
36083
36087
36088
36090
36091
36093
36095
36099
36112
36114
36115
36117
36119
36122
36129
36130
36131
36132
36134
36137
36140
36144
36149
36150
36156
36159
36162
36163
36165
36177
36178
36190
36195
36196
36208
36211
36215
36227
36228
36233
36235
36242
36247
36250
36251
36252
36259
36260
36262
36265
36267
36274
36280
36284
36291
36292
36293
36295
36303
36307
36314
36316
36325
36327
36331
36332
36334
36335
36336
36339
36341
36342
36343
36344
36345
36347
36349
36354
36356
36360
36363
36364
36366
36367
36368
36370
36371
36374
36376
36377
36383
36388
36394
36399
36403
36405
36408
36414
36415
36416
36419
36420
36425
36426
36427
36429
36431
36434
36438
36443
36447
36458
36460
36462
36466
36477
36489
36491
36493
36504
36511
36512
36531
36536
36539
36540
36548
36550
36551
36553
36570
36572
36576
36578
36580
36583
36585
36587
36593
36601
36607
36610
36615
36620
36623
36624
36633
36634
36636
36639
36643
36644
36645
36651
36654
36655
36657
36659
36662
36663
36667
36670
36671
36675
36685
36687
36689
36691
36697
36703
36706
36708
36715
36716
36720
36721
36725
36727
36733
36739
36740
36742
36743
36745
36750
36752
36754
36756
36757
36759
36768
36770
36771
36774
36779
36781
36782
36783
36786
36789
36790
36791
36793
36796
36797
36807
36811
36817
36825
36828
36829
36831
36833
36834
36840
36846
36849
36852
36854
36856
36858
36860
36866
36869
36873
36875
36876
36877
36885
36887
36889
36890
36891
36893
36897
36900
36902
36905
36906
36907
36910
36912
36917
36918
36919
36923
36925
36926
36927
36930
36934
36942
36943
36952
36958
36960
36965
36967
36969
36971
36972
36977
36979
36980
36982
36984
36992
36996
36999
37000
37004
37010
37011
37014
37015
37019
37021
37027
37032
37038
37045
37047
37049
37050
37054
37056
37059
37069
37074
37076
37077
37078
37082
37085
37088
37089
37090
37091
37092
37099
37101
37104
37108
37115
37117
37131
37132
37137
37145
37146
37148
37149
37153
37154
37156
37157
37160
37162
37166
37170
37174
37175
37176
37177
37180
37184
37187
37188
37189
37200
37202
37204
37205
37207
37213
37215
37216
37218
37219
37224
37228
37229
37230
37233
37234
37239
37251
37258
37259
37263
37265
37269
37285
37286
37289
37293
37294
37296
37301
37310
37311
37316
37317
37326
37327
37329
37331
37335
37337
37339
37340
37346
37349
37357
37362
37367
37369
37370
37377
37378
37380
37381
37385
37393
37395
37396
37399
37400
37404
37408
37412
37414
37420
37421
37429
37434
37435
37437
37439
37441
37443
37446
37448
37453
37462
37465
37466
37467
37473
37474
37475
37476
37477
37478
37481
37482
37487
37488
37489
37492
37493
37494
37505
37506
37507
37512
37513
37518
37523
37524
37525
37528
37529
37531
37532
37533
37537
37543
37545
37546
37548
37553
37557
37558
37560
37563
37564
37566
37567
37568
37572
37574
37578
37579
37581
37590
37591
37595
37600
37602
37604
37610
37611
37613
37616
37620
37625
37626
37627
37628
37637
37641
37650
37660
37662
37664
37667
37669
37672
37679
37680
37683
37691
37700
37704
37709
37716
37718
37719
37721
37725
37728
37736
37739
37747
37752
37756
37758
37774
37776
37777
37779
37780
37784
37787
37794
37797
37798
37799
37820
37824
37825
37828
37835
37836
37838
37839
37841
37842
37844
37847
37852
37854
37859
37862
37871
37873
37876
37879
37880
37883
37884
37885
37886
37892
37896
37900
37901
37905
37908
37910
37911
37912
37914
37916
37917
37919
37921
37923
37926
37928
37930
37934
37940
37944
37946
37948
37952
37954
37957
37959
37968
37975
37978
37982
37985
37988
37989
38002
38004
38005
38010
38016
38018
38020
38022
38024
38026
38031
38034
38037
38039
38042
38048
38061
38063
38065
38067
38072
38082
38090
38092
38110
38121
38123
38124
38125
38126
38138
38143
38147
38155
38156
38157
38158
38160
38166
38170
38171
38180
38184
38202
38205
38207
38210
38211
38217
38221
38223
38226
38227
38229
38230
38232
38233
38238
38241
38255
38257
38260
38263
38265
38271
38272
38275
38279
38286
38288
38289
38296
38297
38306
38314
38317
38318
38322
38327
38330
38336
38337
38341
38345
38347
38349
38351
38353
38354
38362
38364
38369
38372
38373
38375
38377
38378
38379
38380
38392
38398
38401
38403
38406
38408
38414
38419
38422
38425
38431
38432
38434
38437
38443
38449
38452
38453
38454
38456
38458
38462
38465
38469
38471
38474
38479
38482
38488
38491
38493
38496
38506
38507
38511
38513
38514
38515
38520
38523
38532
38534
38536
38546
38551
38555
38556
38560
38563
38565
38567
38573
38578
38581
38584
38585
38588
38593
38594
38598
38600
38603
38604
38609
38617
38620
38627
38635
38636
38641
38642
38645
38647
38648
38651
38653
38657
38663
38669
38671
38672
38674
38678
38682
38683
38685
38688
38694
38697
38702
38705
38710
38716
38718
38734
38740
38747
38748
38752
38754
38761
38764
38765
38769
38786
38789
38793
38797
38805
38808
38817
38821
38823
38827
38828
38829
38831
38832
38835
38836
38840
38842
38844
38846
38848
38852
38854
38858
38864
38869
38870
38871
38873
38874
38875
38884
38886
38889
38892
38899
38905
38906
38911
38916
38917
38919
38927
38933
38937
38938
38939
38946
38950
38953
38956
38957
38958
38963
38973
38974
38975
38987
38988
38990
38991
38994
38995
38999
39001
39002
39003
39017
39019
39020
39023
39025
39030
39033
39036
39044
39045
39046
39047
39053
39054
39055
39058
39061
39062
39063
39068
39073
39078
39079
39080
39084
39086
39089
39090
39092
39093
39096
39098
39099
39101
39105
39113
39125
39139
39141
39142
39144
39152
39155
39158
39159
39167
39168
39170
39174
39185
39188
39193
39195
39201
39202
39208
39211
39213
39215
39223
39224
39237
39238
39239
39245
39246
39247
39251
39256
39259
39260
39262
39267
39272
39275
39277
39280
39282
39283
39284
39286
39291
39297
39303
39304
39305
39316
39321
39322
39323
39325
39326
39332
39334
39336
39339
39341
39349
39350
39352
39355
39357
39359
39361
39363
39365
39372
39373
39376
39377
39380
39383
39386
39387
39389
39390
39391
39395
39399
39402
39403
39404
39406
39408
39411
39413
39416
39419
39424
39427
39436
39439
39441
39446
39448
39464
39474
39475
39478
39482
39483
39486
39487
39488
39490
39491
39494
39495
39497
39500
39503
39504
39510
39513
39515
39522
39525
39529
39531
39532
39535
39539
39541
39543
39545
39547
39548
39549
39551
39555
39556
39560
39572
39576
39579
39584
39585
39586
39587
39588
39589
39590
39592
39603
39608
39609
39614
39616
39617
39619
39620
39624
39626
39628
39633
39634
39636
39639
39641
39642
39643
39645
39648
39653
39656
39657
39659
39660
39661
39666
39669
39674
39676
39677
39683
39686
39693
39696
39699
39700
39702
39704
39712
39713
39714
39715
39718
39723
39726
39727
39730
39732
39733
39736
39737
39739
39745
39748
39750
39758
39761
39762
39770
39775
39776
39782
39785
39787
39789
39791
39797
39801
39806
39816
39817
39818
39827
39840
39841
39846
39848
39851
39857
39861
39864
39869
39873
39876
39880
39881
39882
39884
39888
39890
39892
39894
39897
39902
39903
39904
39910
39913
39914
39915
39916
39917
39923
39931
39933
39937
39940
39944
39946
39947
39948
39950
39952
39955
39965
39968
39983
39984
39989
39995
39998
39999
40010
40013
40024
40028
40032
40044
40048
40055
40064
40065
40071
40080
40082
40087
40089
40112
40118
40123
40135
40141
40151
40163
40164
40167
40169
40184
40185
40187
40190
40203
40214
40216
40218
40224
40226
40245
40247
40249
40255
40257
40260
40298
40309
40312
40315
40327
40336
40339
40352
40357
40364
40368
40378
40382
40383
40390
40401
40407
40408
40410
40414
40430
40433
40443
40454
40455
40468
40491
40498
40501
40503
40511
40516
40523
40528
40534
40538
40539
40549
40551
40564
40566
40568
40581
40589
40593
40597
40608
40612
40618
40628
40642
40659
40678
40683
40689
40692
40697
40745
40748
40761
40770
40776
40782
40791
40802
40803
40806
40813
40831
40837
40840
40845
40850
40851
40853
40855
40864
40877
40879
40880
40881
40883
40884
40885
40888
40902
40908
40909
40910
40911
40915
40923
40929
40931
40932
40937
40943
40947
40958
40963
40965
40980
40984
40989
40991
41000
41003
41006
41017
41038
41039
41046
41047
41058
41063
41098
41099
41100
41140
41143
41144
41153
41156
41162
41167
41183
41192
41195
41209
41212
41214
41218
41224
41227
41235
41247
41261
41265
41272
41273
41276
41278
41297
41314
41315
41365
41374
41377
41386
41387
41392
41394
41396
41400
41405
41415
41426
41431
41436
41438
41443
41444
41454
41463
41486
41494
41497
41504
41508
41511
41512
41514
41517
41525
41550
41562
41563
41574
41589
41601
41610
41614
41629
41631
41654
41659
41666
41681
41682
41691
41710
41727
41751
41757
41762
41766
41773
41776
41778
41787
41791
41794
41795
41800
41814
41818
41819
41824
41826
41832
41840
41850
41865
41871
41874
41889
41901
41922
41926
41935
41940
41944
41963
41973
41978
41995
41998
41999
42002
42018
42025
42032
42038
42046
42051
42061
42078
42081
42082
42089
42106
42113
42125
42133
42141
42145
42153
42161
42162
42167
42171
42172
42173
42180
42187
42229
42235
42236
42241
42247
42250
42264
42267
42272
42282
42309
42316
42317
42342
42355
42376
42381
42390
42391
42406
42408
42411
42413
42429
42440
42446
42447
42465
42490
42496
42502
42511
42520
42550
42555
42562
42566
42583
42584
42594
42597
42613
42617
42625
42629
42632
42636
42642
42643
42647
42656
42663
42668
42671
42678
42679
42681
42696
42699
42712
42721
42727
42736
42745
42771
42776
42781
42787
42790
42798
42804
42817
42827
42848
42849
42861
42863
42866
42886
42887
42888
42896
42901
42907
42915
42917
42924
42940
42950
42953
42964
42975
42978
42988
42998
43002
43014
43037
43038
43049
43056
43057
43075
43091
43092
43094
43106
43122
43128
43131
43136
43138
43142
43150
43169
43187
43189
43190
43194
43222
43242
43246
43250
43252
43255
43261
43268
43286
43290
43292
43300
43301
43305
43308
43309
43320
43323
43331
43333
43337
43340
43345
43370
43372
43376
43380
43391
43396
43414
43419
43420
43421
43422
43423
43428
43430
43442
43443
43447
43456
43460
43464
43470
43478
43491
43494
43501
43505
43514
43524
43548
43559
43560
43585
43587
43594
43602
43618
43625
43627
43634
43645
43654
43672
43674
43677
43681
43687
43692
43693
43695
43698
43699
43701
43719
43720
43733
43759
43764
43766
43768
43775
43776
43790
43792
43798
43804
43810
43814
43821
43828
43841
43842
43856
43857
43859
43865
43867
43868
43873
43876
43879
43882
43909
43919
43922
43925
43934
43944
43953
43961
43963
43965
43968
43974
43977
43980
43984
43993
44004
44006
44013
44035
44037
44038
44068
44077
44079
44086
44088
44093
44100
44117
44120
44137
44148
44171
44178
44182
44186
44188
44189
44191
44194
44201
44204
44206
44218
44227
44228
44234
44235
44242
44244
44249
44250
44269
44279
44285
44289
44295
44303
44314
44318
44326
44331
44340
44351
44365
44368
44377
44389
44405
44408
44413
44418
44429
44435
44451
44455
44460
44478
44489
44503
44506
44510
44522
44523
44525
44535
44537
44545
44569
44571
44573
44574
44582
44596
44597
44603
44612
44616
44622
44628
44631
44653
44657
44662
44669
44677
44681
44683
44684
44685
44686
44700
44715
44721
44726
44734
44735
44742
44761
44762
44763
44769
44775
44786
44788
44801
44810
44817
44824
44833
44853
44854
44859
44866
44872
44894
44900
44902
44905
44914
44921
44928
44929
44937
44944
44946
44947
44954
44958
44971
44976
44990
44998
45000
45001
45003
45004
45005
45006
45007
45013
45017
45019
45020
45024
45027
45029
45031
45032
45036
45039
45040
45041
45044
45045
45047
45048
45051
45055
45056
45065
45066
45067
45075
45079
45081
45085
45090
45097
45100
45101
45102
45103
45108
45109
45112
45117
45118
45119
45121
45128
45131
45132
45135
45136
45142
45144
45145
45150
45154
45159
45161
45165
45166
45167
45173
45176
45178
45179
45186
45187
45188
45189
45190
45191
45194
45195
45198
45202
45204
45207
45209
45212
45219
45220
45223
45224
45225
45227
45231
45232
45234
45238
45241
45242
45243
45244
45252
45253
45256
45259
45261
45262
45263
45268
45269
45272
45273
45276
45277
45281
45282
45288
45289
45292
45296
45297
45299
45300
45301
45302
45305
45309
45316
45322
45331
45333
45336
45340
45341
45342
45344
45352
45353
45358
45362
45373
45377
45386
45388
45389
45390
45393
45399
45401
45402
45408
45413
45415
45418
45421
45423
45426
45427
45430
45431
45436
45439
45440
45442
45451
45454
45455
45458
45462
45464
45465
45466
45467
45474
45478
45482
45483
45486
45488
45489
45490
45492
45496
45503
45505
45508
45510
45513
45515
45523
45525
45526
45527
45539
45540
45546
45553
45554
45555
45558
45560
45561
45565
45568
45572
45573
45576
45577
45587
45588
45590
45603
45611
45616
45618
45619
45622
45624
45627
45632
45634
45635
45636
45638
45639
45644
45646
45650
45651
45652
45658
45659
45660
45664
45665
45666
45667
45670
45671
45672
45674
45677
45679
45684
45688
45690
45691
45692
45694
45701
45703
45705
45707
45708
45715
45717
45720
45722
45727
45731
45733
45738
45743
45746
45747
45754
45755
45760
45761
45766
45768
45769
45770
45772
45773
45780
45784
45786
45789
45792
45794
45798
45802
45803
45805
45809
45810
45816
45817
45818
45819
45823
45825
45827
45828
45829
45832
45833
45840
45844
45849
45860
45866
45869
45872
45875
45879
45880
45881
45884
45889
45890
45891
45892
45896
45899
45900
45902
45907
45908
45910
45911
45916
45918
45919
45924
45927
45929
45937
45940
45942
45945
45955
45956
45957
45958
45960
45964
45967
45971
45972
45973
45974
45975
45977
45979
45980
45984
45987
45991
45992
45994
45996
46002
46006
46013
46014
46022
46024
46027
46030
46031
46033
46034
46036
46037
46049
46050
46054
46055
46057
46058
46060
46064
46070
46071
46082
46084
46088
46090
46091
46094
46101
46102
46103
46105
46108
46109
46110
46112
46122
46123
46125
46127
46132
46135
46140
46143
46149
46154
46155
46161
46164
46165
46174
46176
46178
46180
46189
46199
46201
46205
46207
46210
46212
46213
46215
46217
46219
46221
46224
46227
46228
46235
46238
46240
46243
46244
46245
46246
46247
46248
46250
46252
46253
46254
46255
46258
46276
46277
46279
46280
46281
46283
46297
46299
46300
46305
46311
46313
46315
46317
46318
46320
46322
46325
46327
46328
46334
46335
46337
46338
46342
46345
46346
46351
46353
46355
46357
46361
46362
46368
46369
46370
46372
46378
46379
46381
46384
46386
46393
46394
46400
46401
46402
46403
46409
46417
46419
46420
46424
46426
46427
46429
46431
46435
46436
46439
46443
46446
46447
46454
46457
46461
46467
46470
46474
46478
46479
46480
46483
46484
46487
46489
46490
46491
46495
46496
46505
46506
46508
46509
46512
46517
46520
46521
46522
46525
46526
46529
46532
46539
46540
46541
46543
46544
46546
46550
46553
46554
46557
46560
46562
46568
46569
46570
46572
46579
46580
46584
46590
46592
46594
46595
46597
46598
46599
46600
46603
46606
46608
46610
46611
46613
46614
46615
46617
46620
46621
46625
46630
46632
46635
46639
46640
46641
46648
46650
46653
46655
46656
46657
46661
46666
46668
46670
46672
46680
46681
46685
46694
46696
46698
46699
46701
46703
46704
46707
46710
46717
46719
46721
46722
46726
46727
46728
46730
46732
46735
46737
46743
46745
46749
46750
46751
46754
46756
46758
46769
46774
46775
46779
46780
46781
46792
46801
46802
46805
46806
46809
46811
46812
46813
46814
46823
46824
46826
46830
46836
46837
46840
46848
46852
46853
46854
46855
46857
46860
46866
46870
46875
46876
46880
46896
46902
46904
46907
46909
46917
46920
46923
46926
46927
46929
46930
46932
46936
46938
46939
46941
46942
46943
46947
46950
46952
46953
46954
46955
46960
46962
46965
46969
46971
46973
46977
46981
46985
46986
46987
46988
46991
46994
47000
47008
47010
47013
47015
47016
47029
47030
47033
47035
47040
47042
47045
47049
47050
47052
47054
47058
47059
47061
47062
47066
47068
47071
47072
47074
47076
47079
47080
47084
47085
47086
47089
47092
47095
47097
47101
47106
47107
47115
47116
47118
47119
47120
47121
47130
47132
47136
47137
47138
47142
47144
47146
47147
47151
47154
47157
47160
47165
47166
47167
47170
47172
47173
47176
47177
47181
47183
47185
47190
47193
47197
47198
47199
47201
47206
47210
47215
47217
47218
47225
47226
47228
47234
47238
47242
47244
47246
47248
47257
47261
47264
47266
47267
47275
47278
47280
47282
47289
47292
47298
47304
47306
47308
47309
47310
47316
47317
47319
47320
47321
47324
47325
47330
47334
47343
47356
47357
47361
47363
47365
47369
47370
47374
47377
47378
47384
47386
47387
47392
47395
47399
47402
47403
47404
47412
47419
47420
47422
47425
47428
47429
47430
47431
47432
47437
47439
47440
47446
47448
47452
47455
47458
47461
47465
47479
47480
47485
47487
47489
47491
47493
47495
47497
47500
47501
47502
47505
47508
47513
47514
47517
47521
47523
47526
47535
47543
47547
47548
47550
47554
47555
47558
47560
47562
47565
47566
47577
47579
47581
47582
47583
47584
47585
47592
47593
47598
47599
47601
47602
47603
47608
47609
47610
47614
47615
47617
47621
47623
47625
47627
47630
47636
47637
47639
47640
47644
47647
47650
47652
47660
47662
47667
47669
47670
47675
47676
47678
47679
47683
47685
47687
47691
47693
47695
47700
47703
47704
47713
47715
47716
47719
47720
47723
47724
47729
47736
47741
47742
47748
47750
47756
47760
47772
47775
47782
47783
47786
47788
47791
47793
47794
47800
47802
47803
47804
47807
47819
47820
47823
47829
47831
47833
47839
47844
47845
47846
47849
47859
47860
47863
47864
47866
47869
47870
47873
47878
47880
47881
47888
47890
47892
47893
47894
47897
47898
47899
47904
47905
47906
47912
47913
47917
47920
47921
47928
47929
47937
47950
47951
47954
47958
47962
47967
47971
47974
47975
47978
47981
47984
47993
47996
47997
48000
48001
48002
48003
48004
48011
48012
48015
48018
48021
48024
48026
48027
48032
48035
48037
48038
48042
48044
48046
48047
48051
48053
48055
48063
48066
48068
48070
48073
48075
48079
48083
48084
48088
48093
48096
48103
48105
48107
48109
48112
48116
48118
48121
48123
48127
48130
48136
48139
48140
48142
48146
48148
48149
48152
48156
48157
48158
48159
48160
48168
48169
48170
48171
48172
48173
48174
48175
48176
48180
48183
48186
48187
48188
48192
48198
48200
48202
48208
48210
48214
48220
48228
48231
48234
48244
48245
48254
48257
48258
48259
48261
48265
48269
48279
48280
48282
48283
48289
48291
48296
48301
48302
48304
48305
48311
48312
48313
48318
48319
48325
48333
48335
48341
48342
48347
48348
48352
48353
48356
48358
48365
48367
48373
48379
48382
48384
48387
48392
48394
48402
48410
48411
48412
48414
48417
48419
48421
48426
48436
48437
48439
48440
48452
48455
48458
48462
48463
48465
48466
48468
48473
48474
48475
48479
48483
48489
48490
48491
48493
48500
48504
48505
48510
48512
48514
48516
48517
48520
48523
48528
48531
48535
48538
48539
48541
48546
48548
48553
48557
48559
48560
48563
48565
48569
48570
48576
48579
48581
48582
48585
48588
48589
48590
48594
48596
48600
48601
48602
48607
48610
48613
48615
48618
48620
48621
48633
48635
48637
48641
48642
48646
48647
48648
48653
48664
48665
48667
48670
48675
48676
48678
48680
48683
48684
48686
48687
48688
48690
48692
48695
48702
48708
48710
48714
48716
48717
48721
48724
48728
48730
48740
48742
48746
48750
48752
48754
48756
48757
48764
48767
48770
48773
48774
48777
48778
48780
48783
48784
48788
48790
48796
48798
48799
48802
48805
48808
48810
48813
48814
48820
48821
48828
48840
48844
48851
48852
48857
48860
48868
48875
48876
48877
48881
48886
48887
48892
48893
48896
48901
48903
48904
48907
48909
48910
48912
48916
48917
48919
48920
48922
48923
48925
48926
48928
48932
48933
48938
48939
48940
48941
48946
48948
48951
48956
48958
48960
48963
48968
48970
48972
48973
48977
48979
48981
48983
48984
48985
48989
48993
48994
48998
49000
49001
49004
49006
49007
49012
49013
49014
49017
49018
49024
49025
49026
49027
49028
49032
49033
49035
49037
49039
49040
49042
49049
49053
49056
49057
49060
49063
49066
49073
49079
49080
49082
49086
49088
49089
49091
49092
49094
49095
49097
49098
49107
49110
49112
49114
49119
49120
49126
49128
49129
49131
49133
49141
49143
49144
49147
49150
49151
49152
49162
49165
49178
49184
49185
49187
49188
49194
49196
49200
49201
49207
49210
49215
49216
49219
49220
49223
49228
49229
49230
49232
49241
49247
49253
49256
49259
49260
49261
49264
49270
49275
49278
49283
49284
49288
49290
49291
49294
49297
49302
49303
49306
49309
49311
49313
49314
49318
49325
49326
49327
49333
49336
49339
49346
49347
49361
49364
49369
49372
49380
49382
49385
49391
49394
49396
49399
49401
49403
49404
49410
49413
49416
49417
49420
49428
49429
49430
49434
49435
49438
49443
49444
49447
49448
49449
49454
49455
49461
49462
49466
49468
49469
49471
49474
49476
49478
49479
49482
49483
49485
49488
49489
49492
49494
49498
49500
49504
49505
49515
49518
49519
49522
49523
49526
49531
49532
49533
49536
49537
49539
49541
49542
49544
49546
49550
49551
49552
49553
49559
49561
49562
49565
49568
49570
49572
49573
49575
49584
49585
49586
49587
49588
49589
49590
49593
49596
49598
49603
49605
49607
49608
49609
49622
49623
49625
49634
49636
49638
49640
49641
49642
49645
49648
49650
49651
49652
49654
49655
49656
49660
49661
49671
49676
49678
49681
49691
49696
49699
49700
49702
49707
49711
49714
49719
49721
49722
49726
49727
49733
49736
49738
49746
49752
49753
49757
49766
49769
49770
49771
49775
49779
49781
49782
49785
49790
49791
49792
49805
49808
49811
49817
49820
49821
49823
49824
49825
49834
49837
49838
49843
49844
49847
49848
49865
49867
49871
49876
49877
49879
49883
49887
49892
49897
49898
49900
49909
49911
49915
49916
49917
49921
49922
49924
49927
49931
49934
49938
49939
49941
49944
49945
49948
49950
49952
49954
49957
49958
49959
49961
49965
49972
49973
49977
49979
49982
49984
49986
49988
49989
49991
49999
