4
6
8
22
38
49
55
56
58
69
76
104
105
106
121
123
130
137
148
151
155
159
161
164
169
175
180
186
199
203
210
212
217
225
254
256
290
312
317
320
322
334
345
348
350
355
363
364
376
382
387
401
405
408
414
428
431
437
441
448
455
460
466
473
481
482
488
490
518
520
523
537
564
565
604
608
612
617
630
642
644
645
649
654
656
657
660
666
680
683
688
699
700
702
705
715
717
721
732
747
751
755
759
772
773
775
780
782
793
799
803
809
815
816
819
827
831
835
844
861
862
863
885
887
889
912
914
916
935
967
968
973
977
982
986
1001
1019
1028
1059
1061
1099
1111
1115
1119
1133
1156
1172
1177
1180
1189
1192
1220
1230
1239
1248
1253
1255
1260
1265
1267
1302
1303
1313
1334
1344
1353
1357
1375
1385
1387
1392
1394
1405
1407
1416
1423
1424
1456
1475
1488
1501
1511
1513
1521
1537
1542
1552
1555
1568
1578
1583
1586
1588
1589
1594
1599
1616
1635
1638
1641
1659
1675
1684
1732
1752
1763
1774
1778
1793
1794
1848
1849
1869
1872
1879
1903
1904
1919
1932
1938
1943
1948
1973
1974
1989
1996
2007
2009
2026
2056
2068
2070
2071
2079
2084
2097
2104
2155
2157
2167
2187
2190
2209
2212
2257
2264
2265
2268
2274
2276
2277
2303
2306
2312
2313
2315
2319
2330
2331
2342
2344
2360
2363
2364
2370
2372
2376
2381
2398
2418
2431
2442
2447
2448
2459
2463
2464
2474
2477
2485
2508
2509
2510
2519
2523
2525
2534
2542
2543
2555
2559
2560
2587
2588
2590
2594
2617
2619
2623
2625
2629
2632
2633
2634
2637
2643
2644
2683
2684
2696
2709
2720
2729
2734
2745
2747
2757
2760
2774
2775
2783
2791
2794
2795
2797
2798
2801
2804
2818
2829
2836
2845
2850
2851
2871
2875
2876
2878
2894
2899
2903
2915
2919
2921
2926
2929
2933
2942
2951
2957
2958
2975
2977
2981
2983
2989
2990
2994
2997
3012
3013
3030
3033
3039
3043
3055
3058
3062
3079
3083
3084
3094
3106
3117
3119
3124
3131
3138
3140
3150
3160
3171
3225
3227
3232
3235
3241
3252
3259
3273
3283
3284
3314
3324
3326
3337
3353
3380
3381
3400
3407
3412
3434
3475
3489
3497
3507
3512
3514
3525
3543
3561
3562
3580
3583
3586
3638
3659
3662
3675
3681
3683
3688
3708
3730
3734
3749
3756
3770
3777
3781
3782
3783
3789
3795
3806
3827
3832
3852
3857
3866
3895
3917
3921
3923
3929
3937
3948
3951
3952
3956
3958
3994
3997
3998
4004
4015
4036
4045
4058
4065
4073
4074
4082
4090
4094
4111
4115
4137
4142
4167
4171
4175
4176
4177
4184
4198
4200
4203
4205
4208
4211
4216
4224
4252
4294
4345
4352
4360
4364
4382
4393
4394
4398
4406
4409
4415
4437
4439
4441
4449
4454
4456
4481
4493
4514
4518
4528
4550
4551
4570
4578
4581
4588
4590
4596
4607
4613
4626
4629
4642
4652
4658
4670
4698
4707
4723
4751
4763
4769
4773
4784
4792
4804
4815
4820
4821
4840
4853
4869
4885
4916
4937
4940
4951
4955
4957
4982
4998
4999
5007
5013
5014
5018
5021
5022
5024
5037
5039
5040
5047
5049
5050
5051
5056
5057
5059
5064
5073
5075
5077
5079
5080
5082
5091
5092
5093
5095
5098
5102
5105
5110
5118
5119
5120
5127
5128
5131
5133
5134
5135
5137
5140
5142
5143
5144
5149
5155
5156
5158
5161
5183
5184
5185
5186
5192
5197
5206
5207
5212
5218
5227
5228
5234
5235
5238
5239
5242
5243
5245
5247
5253
5255
5256
5257
5258
5261
5262
5264
5265
5267
5268
5271
5274
5275
5277
5278
5282
5283
5286
5289
5295
5297
5298
5301
5302
5304
5305
5310
5311
5312
5313
5314
5317
5321
5322
5326
5332
5334
5335
5343
5344
5346
5349
5358
5367
5369
5376
5381
5382
5386
5390
5391
5392
5395
5396
5398
5399
5400
5410
5414
5419
5420
5423
5428
5432
5433
5434
5440
5444
5447
5455
5456
5457
5459
5460
5463
5468
5471
5472
5479
5487
5489
5493
5494
5501
5502
5508
5509
5510
5513
5516
5517
5518
5519
5520
5523
5525
5526
5527
5530
5535
5536
5538
5542
5546
5550
5552
5555
5557
5558
5559
5561
5563
5565
5567
5568
5571
5572
5574
5575
5576
5586
5606
5611
5612
5613
5614
5617
5627
5628
5630
5634
5636
5637
5644
5652
5653
5654
5655
5658
5660
5661
5662
5665
5668
5671
5673
5676
5678
5679
5682
5686
5688
5691
5695
5697
5700
5710
5714
5721
5723
5725
5727
5729
5731
5732
5734
5739
5741
5743
5748
5751
5755
5759
5765
5771
5772
5773
5777
5781
5784
5786
5787
5788
5789
5795
5799
5800
5801
5804
5806
5808
5812
5815
5816
5820
5821
5828
5829
5831
5832
5835
5837
5838
5840
5841
5845
5850
5851
5852
5853
5855
5856
5858
5859
5861
5863
5867
5869
5874
5875
5876
5884
5888
5889
5894
5895
5896
5899
5901
5905
5907
5908
5911
5921
5928
5931
5935
5936
5939
5943
5944
5945
5949
5953
5955
5963
5968
5972
5974
5976
5979
5980
5992
5993
5994
5999
6001
6006
6009
6010
6012
6015
6017
6022
6027
6031
6034
6035
6036
6039
6046
6049
6051
6052
6053
6057
6061
6063
6068
6078
6079
6080
6084
6086
6087
6093
6095
6099
6100
6102
6106
6108
6109
6115
6120
6121
6123
6127
6128
6129
6130
6134
6137
6138
6140
6148
6150
6152
6161
6164
6167
6171
6173
6174
6176
6177
6182
6189
6190
6194
6195
6196
6200
6205
6207
6208
6217
6219
6226
6229
6230
6231
6232
6235
6238
6241
6249
6252
6255
6258
6260
6261
6266
6270
6281
6286
6287
6290
6291
6293
6294
6295
6296
6300
6301
6302
6303
6304
6311
6315
6318
6322
6324
6329
6330
6332
6339
6343
6349
6350
6357
6360
6361
6363
6368
6370
6372
6373
6377
6378
6379
6381
6384
6385
6389
6390
6392
6403
6407
6409
6413
6419
6421
6426
6428
6431
6441
6442
6447
6448
6452
6454
6458
6463
6467
6471
6474
6484
6486
6487
6489
6490
6491
6494
6498
6500
6501
6503
6506
6507
6508
6510
6511
6512
6516
6519
6520
6522
6524
6525
6529
6532
6535
6537
6540
6544
6548
6549
6551
6554
6559
6563
6566
6567
6572
6575
6577
6579
6580
6587
6592
6593
6600
6603
6609
6615
6616
6624
6626
6628
6635
6637
6639
6642
6644
6645
6649
6651
6655
6658
6659
6660
6661
6663
6665
6668
6669
6670
6672
6674
6680
6685
6687
6689
6692
6694
6696
6700
6701
6702
6704
6709
6710
6712
6716
6720
6724
6729
6736
6737
6738
6742
6743
6748
6749
6751
6754
6758
6762
6768
6770
6773
6776
6778
6783
6786
6787
6791
6796
6806
6809
6812
6815
6818
6820
6821
6826
6829
6832
6834
6837
6840
6843
6844
6849
6852
6857
6859
6860
6861
6866
6876
6878
6879
6880
6882
6885
6886
6887
6888
6890
6891
6895
6897
6901
6904
6907
6909
6910
6912
6913
6916
6918
6919
6921
6923
6925
6926
6929
6930
6931
6933
6936
6939
6941
6944
6951
6952
6954
6956
6957
6962
6966
6967
6968
6969
6970
6973
6981
6987
6989
6991
6994
6996
6997
6999
7000
7001
7003
7005
7006
7011
7012
7017
7022
7028
7029
7033
7039
7041
7049
7050
7051
7053
7060
7063
7064
7067
7071
7074
7076
7080
7083
7085
7089
7090
7091
7092
7099
7100
7101
7103
7104
7107
7111
7114
7115
7116
7119
7131
7136
7139
7145
7146
7148
7149
7156
7157
7158
7160
7169
7178
7180
7183
7191
7193
7194
7195
7196
7197
7199
7212
7214
7216
7218
7219
7220
7222
7223
7227
7228
7233
7235
7240
7246
7250
7251
7252
7254
7258
7260
7262
7264
7274
7278
7282
7283
7284
7286
7287
7290
7291
7294
7296
7301
7304
7305
7314
7317
7319
7322
7327
7333
7338
7341
7345
7351
7353
7358
7359
7361
7362
7364
7366
7373
7375
7384
7388
7390
7397
7398
7406
7411
7417
7419
7421
7426
7428
7429
7430
7436
7439
7449
7451
7452
7453
7454
7459
7463
7465
7467
7468
7469
7470
7479
7482
7485
7486
7488
7492
7494
7497
7498
7502
7504
7506
7508
7510
7511
7516
7520
7525
7531
7535
7536
7537
7538
7542
7544
7547
7548
7551
7556
7559
7560
7569
7574
7575
7589
7591
7592
7599
7600
7612
7613
7620
7625
7626
7627
7629
7632
7636
7637
7639
7640
7642
7643
7656
7661
7663
7667
7671
7674
7678
7679
7682
7685
7687
7688
7690
7697
7698
7700
7701
7704
7706
7710
7711
7716
7719
7729
7735
7737
7741
7742
7743
7744
7746
7750
7752
7755
7757
7762
7763
7765
7770
7773
7778
7783
7790
7797
7800
7809
7812
7815
7817
7819
7826
7827
7830
7834
7836
7839
7840
7845
7847
7850
7852
7853
7856
7857
7858
7863
7865
7867
7869
7871
7872
7875
7876
7877
7878
7880
7881
7884
7885
7886
7888
7893
7894
7895
7902
7906
7916
7918
7919
7921
7922
7923
7926
7928
7929
7932
7933
7934
7944
7945
7951
7953
7954
7955
7957
7962
7963
7966
7967
7968
7969
7972
7977
7980
7989
7992
7996
7997
7998
8005
8008
8009
8010
8014
8017
8018
8019
8021
8023
8030
8031
8034
8035
8038
8040
8046
8048
8051
8052
8053
8075
8079
8080
8088
8089
8092
8099
8100
8104
8108
8116
8118
8122
8125
8128
8130
8134
8136
8137
8140
8143
8145
8146
8147
8149
8154
8157
8161
8168
8169
8171
8173
8177
8178
8179
8180
8187
8188
8190
8196
8199
8205
8208
8217
8224
8225
8231
8233
8236
8237
8238
8239
8240
8243
8245
8253
8256
8257
8258
8261
8264
8266
8268
8269
8272
8278
8280
8281
8285
8288
8292
8297
8304
8305
8308
8311
8313
8315
8319
8322
8327
8330
8336
8354
8356
8359
8362
8363
8370
8374
8375
8380
8382
8384
8386
8388
8393
8402
8404
8406
8411
8420
8426
8427
8430
8431
8434
8436
8439
8441
8443
8446
8456
8460
8464
8471
8472
8473
8476
8482
8484
8485
8487
8493
8496
8497
8504
8505
8515
8525
8527
8531
8533
8538
8539
8543
8548
8549
8550
8551
8565
8566
8567
8573
8577
8580
8589
8592
8593
8597
8598
8600
8601
8602
8604
8605
8606
8607
8608
8610
8613
8616
8622
8625
8627
8628
8632
8635
8638
8640
8643
8644
8647
8650
8654
8658
8661
8664
8666
8667
8669
8671
8673
8674
8677
8679
8682
8686
8690
8691
8696
8703
8706
8709
8714
8715
8716
8717
8718
8720
8725
8729
8731
8732
8735
8738
8740
8742
8746
8750
8752
8763
8765
8770
8772
8776
8778
8781
8783
8784
8789
8790
8795
8800
8802
8806
8808
8810
8811
8814
8815
8816
8818
8819
8826
8827
8828
8829
8831
8833
8836
8840
8841
8843
8844
8845
8846
8847
8850
8855
8861
8864
8865
8867
8868
8873
8874
8876
8878
8884
8887
8888
8889
8890
8892
8896
8897
8900
8901
8904
8905
8907
8908
8918
8921
8923
8928
8938
8939
8940
8941
8943
8946
8947
8948
8949
8951
8957
8958
8967
8968
8970
8971
8980
8988
8990
8992
8994
8996
8997
8998
8999
9003
9004
9005
9011
9012
9016
9024
9029
9032
9036
9040
9045
9047
9051
9052
9060
9068
9069
9070
9072
9075
9078
9081
9086
9087
9088
9089
9091
9093
9094
9096
9098
9102
9104
9105
9107
9113
9117
9120
9121
9127
9129
9134
9139
9142
9145
9150
9159
9161
9164
9169
9170
9174
9178
9187
9189
9190
9192
9194
9196
9199
9202
9203
9209
9214
9216
9218
9221
9222
9227
9229
9234
9235
9238
9244
9246
9248
9251
9252
9257
9258
9260
9261
9263
9269
9271
9276
9277
9278
9280
9281
9282
9284
9287
9288
9290
9294
9297
9300
9302
9305
9306
9315
9316
9320
9324
9330
9334
9335
9336
9337
9339
9342
9345
9356
9365
9366
9369
9374
9382
9383
9386
9391
9393
9394
9396
9397
9403
9404
9407
9409
9410
9416
9419
9420
9426
9428
9430
9434
9441
9444
9446
9447
9451
9453
9454
9455
9459
9460
9461
9465
9466
9467
9469
9470
9471
9472
9476
9479
9486
9489
9493
9494
9499
9502
9505
9509
9511
9512
9513
9521
9523
9524
9529
9532
9533
9534
9539
9541
9543
9545
9548
9551
9554
9557
9561
9562
9563
9565
9567
9568
9572
9573
9576
9578
9581
9583
9588
9598
9600
9601
9604
9606
9610
9612
9620
9622
9628
9631
9633
9643
9644
9645
9649
9653
9659
9665
9666
9667
9668
9671
9678
9680
9684
9688
9689
9692
9696
9699
9703
9707
9710
9712
9714
9716
9724
9726
9729
9730
9734
9736
9739
9746
9748
9750
9753
9754
9757
9758
9760
9762
9763
9764
9765
9768
9773
9781
9785
9786
9788
9789
9791
9794
9796
9801
9805
9811
9813
9814
9817
9819
9822
9825
9826
9829
9834
9835
9836
9841
9842
9844
9848
9852
9853
9857
9859
9861
9867
9869
9870
9872
9875
9880
9881
9883
9884
9885
9886
9891
9895
9896
9897
9899
9902
9909
9913
9914
9915
9916
9919
9924
9926
9930
9932
9939
9940
9946
9953
9955
9956
9962
9964
9979
9980
9983
9984
9985
9990
9993
9994
9995
9997
9999
10000
10003
10004
10006
10007
10008
10009
10010
10013
10015
10017
10023
10026
10030
10031
10032
10034
10035
10038
10039
10040
10044
10048
10050
10051
10054
10056
10058
10059
10063
10068
10069
10071
10075
10076
10080
10081
10083
10084
10087
10092
10093
10095
10098
10101
10103
10109
10110
10112
10114
10118
10119
10121
10123
10127
10128
10131
10133
10134
10137
10147
10148
10152
10153
10154
10157
10166
10167
10171
10173
10174
10175
10180
10181
10182
10185
10187
10189
10190
10191
10196
10199
10203
10204
10205
10206
10207
10208
10209
10211
10213
10214
10215
10217
10224
10230
10233
10236
10237
10240
10241
10244
10246
10247
10251
10252
10256
10261
10263
10265
10269
10270
10272
10273
10279
10280
10282
10291
10293
10295
10296
10297
10300
10302
10304
10307
10310
10311
10312
10313
10314
10316
10318
10322
10324
10325
10327
10328
10332
10333
10337
10347
10348
10353
10354
10356
10361
10362
10363
10364
10365
10367
10371
10373
10375
10377
10382
10383
10385
10391
10394
10399
10400
10401
10403
10404
10406
10409
10413
10416
10417
10420
10422
10424
10425
10434
10435
10439
10440
10443
10445
10446
10447
10449
10450
10451
10452
10453
10455
10457
10458
10460
10462
10465
10466
10467
10469
10472
10475
10478
10480
10481
10482
10484
10494
10495
10496
10499
10502
10504
10505
10506
10507
10513
10514
10515
10516
10523
10528
10533
10536
10537
10538
10545
10547
10549
10552
10553
10554
10562
10565
10567
10573
10574
10576
10577
10578
10585
10587
10592
10595
10596
10598
10602
10605
10606
10607
10608
10610
10612
10613
10616
10619
10620
10622
10625
10627
10629
10631
10632
10635
10637
10638
10643
10646
10649
10650
10654
10655
10657
10658
10660
10665
10666
10668
10674
10678
10679
10681
10682
10684
10686
10689
10690
10692
10695
10698
10700
10701
10706
10707
10711
10712
10714
10715
10716
10721
10724
10725
10726
10728
10731
10733
10737
10739
10740
10743
10745
10746
10749
10753
10755
10757
10758
10760
10762
10765
10772
10775
10779
10780
10781
10783
10785
10788
10790
10793
10796
10797
10800
10801
10803
10804
10805
10807
10810
10811
10815
10816
10818
10820
10823
10824
10826
10831
10835
10836
10837
10845
10849
10850
10853
10854
10855
10856
10857
10860
10862
10865
10874
10876
10880
10881
10884
10889
10890
10894
10897
10900
10902
10906
10908
10912
10918
10922
10925
10926
10927
10929
10932
10945
10950
10952
10953
10959
10960
10963
10969
10972
10973
10975
10976
10980
10982
10983
10984
10986
10987
10990
10991
10995
11000
11001
11004
11006
11007
11011
11013
11016
11018
11019
11020
11022
11023
11024
11025
11028
11031
11032
11033
11034
11037
11039
11041
11042
11044
11045
11048
11049
11052
11053
11054
11061
11063
11064
11065
11066
11067
11068
11069
11070
11073
11074
11075
11079
11081
11085
11087
11094
11097
11099
11101
11103
11105
11106
11108
11113
11114
11117
11120
11122
11128
11129
11130
11133
11134
11135
11136
11137
11138
11140
11141
11143
11144
11146
11153
11156
11157
11158
11166
11171
11174
11176
11178
11180
11181
11189
11190
11192
11193
11194
11195
11197
11199
11200
11201
11203
11205
11208
11209
11213
11215
11217
11222
11223
11226
11227
11230
11232
11235
11237
11238
11247
11249
11251
11252
11253
11256
11259
11261
11262
11266
11268
11272
11275
11279
11280
11284
11287
11288
11289
11291
11292
11295
11298
11300
11302
11308
11309
11313
11315
11316
11317
11323
11324
11326
11328
11330
11331
11332
11336
11338
11339
11342
11343
11346
11348
11355
11356
11357
11359
11361
11363
11364
11367
11370
11372
11378
11381
11382
11383
11386
11387
11390
11393
11394
11398
11401
11404
11406
11407
11409
11410
11411
11412
11419
11422
11424
11425
11426
11432
11439
11440
11443
11444
11446
11447
11451
11453
11456
11458
11462
11463
11464
11466
11467
11469
11473
11476
11479
11484
11487
11491
11493
11494
11497
11499
11505
11506
11507
11509
11510
11513
11517
11521
11522
11525
11526
11533
11534
11542
11545
11547
11548
11549
11553
11554
11555
11558
11560
11561
11563
11573
11576
11577
11579
11580
11582
11583
11585
11588
11589
11593
11594
11595
11596
11598
11601
11602
11603
11605
11608
11610
11612
11615
11617
11619
11621
11622
11630
11631
11633
11634
11640
11641
11645
11650
11652
11653
11657
11658
11661
11664
11665
11666
11667
11668
11670
11673
11676
11677
11680
11683
11686
11694
11696
11697
11698
11700
11701
11705
11707
11708
11713
11717
11718
11720
11723
11724
11725
11726
11730
11739
11740
11741
11742
11743
11744
11747
11748
11750
11751
11754
11758
11764
11765
11769
11770
11771
11772
11773
11776
11779
11781
11783
11786
11790
11791
11795
11796
11799
11802
11803
11805
11807
11809
11811
11812
11814
11820
11824
11826
11832
11834
11836
11837
11842
11848
11849
11852
11853
11856
11860
11863
11865
11866
11868
11870
11872
11873
11875
11887
11889
11890
11892
11893
11895
11897
11901
11911
11913
11916
11918
11919
11920
11921
11927
11929
11930
11931
11933
11935
11940
11941
11942
11945
11946
11948
11949
11950
11954
11955
11956
11960
11963
11964
11966
11967
11968
11971
11972
11978
11980
11981
11982
11983
11985
11988
11989
11991
11992
11993
11994
11998
12000
12001
12003
12005
12006
12008
12011
12012
12014
12016
12018
12019
12021
12025
12026
12027
12032
12036
12039
12040
12043
12044
12045
12050
12051
12052
12053
12054
12055
12058
12062
12063
12065
12068
12069
12070
12076
12077
12078
12082
12083
12084
12086
12087
12088
12092
12095
12097
12098
12100
12101
12102
12103
12105
12108
12110
12113
12114
12116
12119
12120
12121
12123
12124
12128
12131
12132
12138
12139
12140
12144
12146
12148
12154
12159
12162
12164
12169
12171
12172
12174
12175
12177
12181
12182
12183
12184
12185
12187
12188
12191
12193
12197
12200
12201
12202
12204
12205
12209
12210
12211
12212
12213
12214
12216
12217
12218
12225
12226
12228
12230
12238
12239
12241
12242
12243
12244
12250
12252
12253
12256
12259
12261
12262
12266
12270
12276
12277
12279
12280
12281
12282
12284
12289
12291
12300
12301
12303
12308
12309
12314
12315
12317
12318
12319
12320
12322
12325
12328
12329
12339
12340
12344
12345
12349
12352
12358
12362
12363
12366
12368
12370
12371
12372
12373
12374
12375
12379
12380
12382
12383
12386
12389
12391
12393
12394
12397
12398
12405
12406
12409
12411
12412
12413
12415
12416
12417
12425
12426
12431
12432
12434
12437
12438
12439
12441
12443
12446
12448
12453
12454
12456
12457
12458
12461
12462
12469
12470
12471
12472
12473
12474
12475
12476
12478
12479
12480
12482
12486
12487
12490
12492
12493
12496
12502
12505
12508
12509
12510
12511
12513
12514
12515
12518
12519
12523
12526
12529
12530
12536
12538
12548
12549
12552
12556
12557
12558
12561
12571
12572
12573
12576
12579
12581
12582
12584
12585
12586
12587
12588
12590
12592
12593
12595
12600
12604
12605
12607
12608
12609
12610
12613
12618
12626
12628
12630
12634
12637
12638
12640
12646
12647
12650
12651
12653
12654
12655
12656
12657
12658
12660
12661
12663
12664
12672
12673
12674
12678
12682
12688
12693
12695
12698
12699
12701
12702
12703
12704
12706
12709
12713
12715
12717
12720
12722
12729
12732
12733
12737
12742
12743
12747
12750
12757
12760
12762
12764
12766
12767
12769
12772
12773
12774
12775
12777
12780
12781
12784
12785
12786
12789
12795
12796
12801
12803
12807
12808
12809
12813
12814
12819
12820
12822
12823
12826
12828
12832
12834
12835
12837
12839
12841
12842
12843
12844
12847
12848
12849
12850
12854
12856
12857
12858
12859
12860
12862
12867
12868
12871
12875
12877
12878
12883
12886
12887
12894
12897
12901
12904
12908
12910
12911
12913
12914
12920
12923
12924
12928
12929
12931
12932
12935
12938
12939
12940
12941
12942
12944
12947
12948
12952
12955
12956
12958
12959
12960
12963
12966
12969
12970
12973
12976
12977
12978
12981
12982
12983
12984
12985
12987
12990
12993
12994
12999
13001
13007
13009
13015
13017
13018
13019
13020
13024
13029
13030
13033
13035
13037
13040
13041
13042
13047
13050
13053
13055
13060
13061
13062
13063
13064
13068
13070
13072
13076
13077
13078
13084
13092
13094
13096
13097
13098
13100
13104
13105
13114
13115
13117
13121
13122
13125
13126
13130
13131
13134
13140
13147
13149
13155
13156
13157
13159
13161
13162
13170
13176
13178
13179
13181
13184
13189
13191
13192
13193
13197
13198
13200
13205
13208
13209
13211
13212
13213
13216
13224
13225
13228
13229
13231
13235
13236
13239
13242
13245
13248
13251
13254
13256
13258
13259
13265
13266
13267
13271
13272
13275
13276
13278
13281
13282
13291
13293
13297
13298
13300
13302
13305
13306
13314
13315
13318
13319
13321
13323
13325
13327
13328
13331
13332
13333
13335
13337
13341
13342
13345
13349
13350
13351
13353
13355
13356
13359
13360
13362
13363
13366
13369
13370
13371
13374
13382
13384
13386
13387
13388
13389
13390
13392
13393
13395
13399
13400
13402
13404
13406
13407
13408
13409
13411
13415
13417
13418
13420
13421
13423
13425
13426
13427
13428
13430
13431
13434
13435
13436
13437
13442
13444
13445
13449
13450
13451
13452
13453
13454
13458
13464
13465
13466
13471
13473
13475
13478
13480
13484
13485
13486
13490
13495
13499
13501
13504
13505
13506
13508
13510
13511
13515
13517
13519
13520
13521
13523
13525
13529
13530
13536
13537
13538
13539
13540
13542
13544
13546
13548
13549
13553
13555
13556
13557
13558
13559
13561
13566
13568
13569
13572
13574
13577
13579
13580
13586
13592
13594
13598
13602
13612
13616
13618
13619
13620
13621
13622
13623
13629
13630
13631
13633
13634
13637
13638
13639
13643
13644
13646
13650
13656
13658
13659
13660
13662
13663
13664
13668
13671
13672
13673
13684
13685
13687
13688
13694
13695
13696
13699
13700
13704
13705
13706
13709
13711
13714
13715
13717
13718
13721
13722
13723
13734
13735
13736
13737
13740
13741
13743
13744
13745
13746
13747
13750
13751
13752
13758
13760
13766
13768
13769
13770
13773
13777
13779
13781
13784
13786
13787
13788
13790
13791
13792
13794
13796
13801
13802
13804
13805
13817
13818
13821
13823
13824
13825
13826
13829
13830
13833
13836
13838
13840
13843
13845
13846
13849
13853
13855
13858
13863
13864
13866
13872
13881
13883
13884
13888
13889
13896
13901
13916
13917
13919
13920
13921
13926
13931
13932
13933
13935
13936
13938
13941
13942
13943
13945
13948
13952
13954
13959
13963
13964
13970
13974
13975
13979
13980
13981
13982
13984
13988
13989
13990
13991
13992
13996
13997
13998
14006
14007
14010
14011
14012
14013
14015
14019
14021
14022
14023
14028
14031
14033
14036
14037
14038
14042
14043
14044
14047
14056
14059
14062
14066
14069
14072
14073
14074
14075
14081
14083
14090
14093
14094
14096
14097
14099
14101
14103
14104
14108
14109
14112
14114
14115
14117
14118
14119
14122
14125
14126
14127
14128
14130
14131
14133
14134
14135
14136
14138
14141
14146
14156
14159
14162
14164
14169
14171
14172
14176
14177
14178
14181
14183
14188
14189
14191
14192
14194
14195
14197
14200
14201
14202
14203
14205
14213
14214
14215
14217
14221
14222
14223
14228
14229
14234
14235
14238
14239
14242
14249
14251
14253
14257
14259
14260
14264
14265
14277
14283
14284
14288
14290
14292
14294
14295
14298
14301
14302
14304
14305
14307
14310
14311
14313
14316
14317
14319
14321
14323
14325
14326
14328
14330
14331
14332
14333
14338
14342
14344
14348
14350
14351
14352
14355
14356
14357
14358
14359
14361
14362
14365
14367
14368
14370
14372
14373
14379
14380
14381
14384
14385
14386
14387
14389
14391
14395
14396
14398
14399
14400
14401
14404
14406
14407
14409
14412
14414
14415
14416
14417
14418
14421
14422
14424
14428
14429
14433
14435
14440
14442
14446
14449
14450
14451
14453
14458
14459
14460
14461
14462
14466
14468
14469
14473
14476
14479
14480
14482
14488
14491
14492
14493
14495
14497
14499
14503
14505
14509
14510
14513
14514
14529
14532
14533
14534
14548
14550
14551
14553
14559
14562
14563
14564
14565
14567
14570
14571
14572
14575
14576
14578
14579
14581
14582
14584
14586
14587
14590
14591
14593
14594
14596
14599
14600
14601
14602
14603
14606
14608
14609
14610
14611
14614
14615
14616
14618
14619
14621
14622
14624
14625
14627
14629
14630
14633
14634
14637
14645
14646
14648
14649
14650
14651
14652
14654
14656
14657
14659
14660
14661
14663
14669
14671
14673
14675
14677
14678
14680
14683
14684
14685
14690
14691
14693
14698
14702
14704
14708
14709
14710
14711
14713
14715
14716
14717
14718
14719
14720
14722
14723
14726
14730
14735
14739
14740
14741
14742
14746
14751
14752
14753
14754
14760
14764
14765
14766
14768
14769
14773
14779
14780
14781
14782
14784
14785
14786
14789
14792
14793
14795
14796
14799
14800
14801
14803
14805
14808
14809
14810
14813
14815
14817
14818
14820
14822
14825
14826
14827
14831
14836
14837
14838
14839
14840
14841
14842
14843
14845
14846
14853
14854
14855
14856
14857
14859
14862
14874
14878
14879
14885
14887
14888
14889
14892
14896
14903
14906
14909
14910
14914
14916
14918
14921
14924
14926
14933
14934
14937
14938
14939
14940
14941
14942
14943
14945
14948
14951
14954
14959
14962
14963
14965
14967
14968
14969
14976
14978
14983
14984
14987
14989
14990
14991
14992
14994
14995
14999
15007
15014
15023
15029
15031
15032
15035
15042
15062
15085
15086
15092
15115
15119
15120
15123
15126
15138
15146
15156
15158
15178
15187
15189
15200
15249
15276
15278
15338
15346
15348
15353
15354
15355
15356
15366
15381
15384
15394
15408
15418
15425
15429
15433
15458
15468
15478
15484
15486
15494
15504
15511
15515
15524
15532
15538
15545
15551
15556
15563
15568
15584
15619
15636
15638
15640
15642
15645
15652
15655
15676
15680
15702
15743
15745
15765
15767
15772
15780
15781
15788
15793
15799
15805
15825
15840
15865
15870
15876
15886
15890
15892
15908
15918
15923
15949
15959
15980
15981
16003
16004
16015
16023
16037
16053
16055
16057
16061
16070
16071
16075
16090
16097
16101
16105
16121
16124
16143
16155
16161
16163
16166
16167
16178
16188
16198
16199
16200
16211
16213
16231
16232
16234
16237
16238
16244
16250
16270
16290
16291
16299
16317
16332
16333
16339
16340
16344
16349
16353
16363
16366
16394
16401
16405
16409
16418
16432
16436
16470
16490
16495
16498
16499
16507
16509
16522
16523
16530
16533
16543
16544
16556
16559
16572
16582
16608
16617
16618
16627
16635
16645
16647
16648
16654
16660
16669
16680
16684
16687
16688
16692
16701
16707
16708
16713
16714
16718
16725
16737
16740
16745
16770
16786
16791
16799
16816
16828
16829
16836
16858
16864
16882
16889
16919
16946
16949
16955
16959
16967
16969
16974
16980
16986
16988
16992
17002
17013
17015
17025
17028
17031
17034
17037
17038
17040
17046
17066
17067
17084
17088
17091
17105
17111
17119
17136
17140
17142
17155
17156
17186
17187
17194
17197
17204
17207
17212
17216
17231
17247
17249
17261
17262
17265
17273
17318
17330
17335
17344
17355
17365
17373
17376
17379
17386
17396
17411
17413
17414
17424
17437
17448
17455
17470
17473
17480
17488
17495
17503
17507
17508
17510
17517
17518
17529
17547
17564
17581
17589
17598
17652
17655
17663
17678
17685
17704
17712
17715
17721
17725
17734
17737
17739
17747
17757
17770
17774
17778
17780
17814
17816
17821
17830
17846
17850
17857
17869
17870
17875
17882
17900
17908
17915
17947
17957
17976
17991
17993
18008
18021
18026
18052
18058
18060
18063
18069
18070
18074
18094
18106
18110
18116
18122
18124
18125
18136
18142
18148
18192
18198
18200
18223
18224
18230
18239
18251
18285
18290
18300
18309
18327
18333
18336
18339
18360
18362
18377
18382
18386
18388
18391
18392
18394
18401
18416
18417
18440
18441
18442
18447
18459
18468
18472
18475
18501
18502
18503
18507
18511
18513
18528
18536
18555
18557
18569
18578
18599
18603
18616
18620
18622
18628
18631
18639
18643
18644
18645
18679
18685
18697
18700
18712
18715
18718
18732
18737
18744
18752
18759
18760
18767
18770
18777
18783
18784
18787
18788
18791
18794
18813
18824
18829
18835
18844
18849
18851
18860
18871
18879
18884
18889
18894
18910
18912
18923
18928
18943
18944
18955
18959
18963
18967
18968
18969
18972
18975
18983
19000
19001
19017
19024
19039
19041
19042
19046
19065
19068
19072
19078
19098
19105
19106
19109
19119
19122
19136
19138
19153
19163
19167
19174
19180
19183
19188
19190
19192
19204
19209
19214
19237
19265
19267
19269
19272
19277
19286
19287
19338
19345
19351
19353
19361
19373
19376
19380
19384
19394
19395
19411
19412
19415
19420
19421
19426
19440
19461
19464
19472
19478
19488
19499
19500
19505
19519
19522
19532
19542
19549
19551
19557
19611
19619
19627
19642
19646
19651
19667
19669
19698
19702
19708
19709
19713
19721
19727
19731
19733
19735
19755
19763
19773
19775
19776
19777
19792
19794
19819
19822
19829
19830
19837
19848
19850
19855
19861
19862
19874
19879
19894
19899
19900
19902
19912
19913
19916
19920
19927
19943
19948
19974
19980
19989
19999
20000
20003
20007
20012
20016
20017
20019
20021
20027
20032
20033
20034
20035
20036
20039
20040
20041
20044
20047
20049
20050
20052
20053
20054
20055
20058
20061
20070
20072
20073
20076
20077
20080
20082
20083
20085
20086
20087
20089
20092
20093
20095
20096
20097
20098
20100
20102
20109
20112
20116
20120
20121
20123
20124
20125
20129
20130
20132
20134
20136
20137
20140
20142
20143
20145
20150
20157
20160
20161
20162
20165
20167
20168
20169
20170
20171
20172
20173
20174
20175
20179
20181
20182
20184
20191
20193
20195
20199
20200
20205
20208
20209
20210
20211
20212
20216
20217
20218
20219
20220
20221
20222
20223
20224
20227
20228
20230
20232
20236
20237
20242
20246
20248
20249
20250
20251
20258
20262
20265
20267
20276
20278
20279
20283
20284
20286
20293
20294
20299
20300
20301
20303
20306
20308
20309
20310
20311
20312
20313
20314
20317
20319
20320
20321
20322
20324
20327
20329
20331
20335
20336
20339
20341
20342
20348
20349
20350
20353
20355
20356
20357
20359
20360
20362
20363
20364
20366
20367
20369
20372
20374
20377
20378
20380
20381
20382
20383
20384
20385
20387
20388
20390
20391
20392
20393
20394
20396
20404
20405
20407
20408
20412
20417
20422
20427
20434
20435
20436
20438
20439
20441
20443
20444
20447
20448
20449
20451
20455
20456
20457
20458
20459
20461
20462
20465
20468
20471
20475
20476
20478
20481
20482
20485
20486
20487
20488
20490
20492
20493
20495
20496
20498
20499
20500
20501
20504
20506
20508
20509
20511
20512
20514
20516
20518
20519
20525
20526
20527
20531
20534
20536
20539
20540
20542
20545
20546
20547
20548
20551
20552
20553
20554
20557
20558
20559
20561
20565
20566
20567
20568
20570
20572
20574
20576
20577
20579
20581
20583
20589
20591
20593
20595
20597
20599
20603
20604
20605
20608
20610
20612
20614
20615
20618
20622
20623
20625
20626
20628
20631
20632
20636
20637
20641
20645
20648
20649
20650
20651
20652
20653
20659
20660
20661
20662
20664
20665
20668
20671
20674
20676
20678
20682
20683
20684
20686
20689
20690
20691
20693
20697
20701
20702
20704
20705
20706
20710
20711
20712
20713
20714
20717
20719
20720
20721
20724
20725
20726
20729
20730
20732
20733
20738
20739
20741
20746
20748
20751
20754
20756
20759
20761
20763
20765
20766
20772
20774
20777
20778
20779
20782
20783
20784
20787
20788
20789
20790
20793
20794
20796
20798
20800
20801
20802
20803
20804
20808
20809
20812
20814
20817
20818
20823
20824
20825
20830
20831
20832
20839
20840
20842
20843
20844
20849
20853
20854
20865
20867
20869
20870
20873
20875
20878
20881
20882
20883
20884
20885
20886
20892
20893
20894
20896
20897
20899
20902
20910
20911
20912
20914
20916
20917
20922
20926
20927
20930
20932
20933
20936
20937
20939
20940
20945
20946
20947
20948
20949
20951
20956
20959
20961
20962
20964
20966
20970
20972
20973
20979
20980
20981
20982
20986
20988
20990
20991
20993
20994
20996
20999
21001
21002
21006
21009
21010
21011
21013
21016
21019
21021
21022
21023
21024
21025
21033
21034
21035
21036
21041
21044
21047
21049
21051
21052
21053
21056
21057
21058
21061
21064
21065
21067
21072
21073
21077
21079
21080
21083
21085
21086
21087
21092
21093
21096
21099
21100
21101
21102
21105
21106
21107
21109
21112
21116
21117
21119
21120
21122
21139
21141
21142
21143
21145
21146
21148
21149
21151
21154
21155
21156
21158
21161
21162
21163
21164
21168
21170
21172
21173
21174
21176
21179
21181
21183
21185
21186
21188
21194
21196
21197
21199
21202
21203
21204
21210
21214
21217
21219
21225
21228
21229
21232
21236
21239
21241
21242
21243
21246
21247
21251
21256
21260
21261
21262
21265
21268
21269
21270
21272
21279
21281
21286
21292
21293
21294
21300
21301
21305
21308
21313
21314
21315
21316
21318
21321
21322
21323
21324
21326
21328
21334
21335
21337
21338
21345
21348
21351
21353
21354
21355
21356
21357
21363
21366
21367
21369
21373
21374
21377
21378
21379
21380
21382
21384
21386
21387
21388
21390
21391
21392
21393
21395
21397
21398
21399
21400
21401
21407
21410
21411
21414
21417
21418
21421
21422
21425
21426
21429
21431
21433
21434
21435
21436
21437
21438
21440
21445
21446
21447
21449
21453
21456
21457
21459
21460
21462
21463
21465
21470
21475
21476
21479
21483
21484
21486
21487
21488
21489
21491
21494
21497
21498
21499
21501
21503
21505
21507
21516
21519
21520
21524
21526
21527
21531
21536
21537
21539
21545
21546
21552
21553
21554
21555
21557
21558
21560
21562
21563
21567
21569
21571
21576
21577
21579
21580
21581
21584
21585
21589
21590
21591
21592
21593
21594
21598
21599
21600
21601
21602
21606
21607
21608
21611
21613
21615
21619
21621
21623
21624
21627
21628
21631
21634
21641
21643
21647
21649
21651
21652
21655
21657
21658
21659
21661
21666
21668
21672
21674
21682
21684
21688
21689
21690
21694
21696
21697
21699
21700
21701
21702
21703
21704
21708
21710
21711
21714
21715
21717
21720
21721
21726
21727
21732
21733
21737
21742
21743
21745
21751
21753
21755
21757
21758
21759
21760
21761
21762
21763
21768
21769
21771
21775
21778
21784
21785
21786
21788
21790
21792
21793
21794
21795
21796
21797
21798
21800
21804
21805
21806
21816
21817
21818
21819
21820
21821
21822
21824
21828
21830
21831
21834
21835
21836
21837
21838
21839
21841
21842
21843
21846
21853
21856
21857
21860
21861
21863
21867
21868
21872
21873
21874
21877
21878
21881
21882
21885
21886
21887
21890
21892
21894
21897
21900
21902
21903
21906
21907
21910
21911
21913
21915
21916
21917
21918
21919
21921
21924
21925
21933
21937
21940
21944
21945
21950
21956
21959
21960
21961
21962
21963
21965
21966
21967
21970
21972
21978
21982
21983
21988
21990
21992
21993
21995
21996
22002
22003
22004
22009
22010
22014
22017
22019
22020
22021
22023
22028
22029
22030
22031
22036
22037
22040
22041
22042
22046
22048
22049
22051
22052
22055
22059
22060
22061
22063
22064
22065
22066
22070
22071
22073
22076
22077
22078
22079
22080
22081
22082
22085
22088
22090
22097
22099
22101
22102
22103
22105
22107
22108
22112
22113
22114
22116
22118
22119
22124
22125
22126
22127
22128
22129
22130
22131
22132
22135
22136
22137
22138
22139
22140
22142
22144
22146
22149
22151
22158
22159
22160
22161
22163
22164
22165
22169
22172
22174
22176
22177
22178
22179
22180
22182
22184
22185
22186
22188
22192
22193
22194
22195
22196
22198
22205
22208
22209
22210
22211
22214
22216
22223
22224
22226
22229
22231
22232
22233
22235
22238
22240
22241
22243
22244
22247
22249
22251
22254
22255
22256
22258
22260
22261
22262
22264
22266
22268
22272
22274
22275
22277
22281
22282
22283
22286
22291
22294
22295
22296
22297
22300
22301
22302
22303
22304
22308
22309
22313
22314
22319
22320
22321
22322
22324
22326
22327
22337
22338
22340
22343
22345
22347
22349
22350
22351
22352
22353
22354
22355
22357
22358
22360
22361
22367
22368
22373
22376
22378
22381
22382
22383
22385
22386
22387
22391
22392
22393
22394
22396
22398
22403
22404
22406
22410
22411
22412
22414
22415
22416
22417
22418
22420
22421
22422
22425
22426
22427
22429
22431
22432
22444
22446
22448
22449
22450
22452
22456
22460
22461
22462
22463
22464
22465
22466
22468
22469
22471
22477
22478
22481
22483
22487
22488
22489
22490
22493
22496
22499
22500
22501
22507
22508
22509
22511
22512
22515
22517
22520
22524
22525
22530
22531
22534
22535
22536
22538
22540
22541
22543
22546
22548
22549
22551
22553
22554
22555
22556
22557
22558
22559
22560
22563
22564
22568
22570
22572
22573
22574
22575
22577
22578
22579
22582
22583
22584
22586
22587
22588
22590
22591
22593
22595
22596
22597
22601
22604
22605
22607
22609
22610
22612
22613
22615
22619
22621
22622
22625
22630
22632
22634
22637
22638
22639
22640
22641
22642
22643
22644
22645
22646
22648
22651
22652
22653
22654
22657
22660
22666
22668
22669
22671
22675
22678
22679
22681
22682
22684
22685
22686
22691
22697
22698
22702
22704
22708
22714
22715
22719
22721
22725
22726
22728
22729
22733
22740
22743
22744
22747
22754
22756
22757
22759
22763
22765
22766
22768
22769
22776
22777
22779
22780
22781
22782
22784
22788
22789
22790
22792
22798
22802
22804
22805
22807
22808
22810
22814
22815
22816
22817
22818
22819
22830
22831
22839
22840
22843
22844
22845
22849
22850
22851
22853
22859
22860
22861
22865
22866
22867
22868
22869
22870
22872
22873
22879
22881
22883
22884
22885
22886
22889
22893
22894
22896
22897
22900
22902
22903
22904
22906
22908
22909
22912
22914
22915
22916
22917
22925
22928
22932
22934
22935
22937
22938
22940
22941
22942
22945
22948
22951
22952
22953
22954
22957
22959
22963
22968
22973
22974
22975
22976
22981
22982
22983
22984
22985
22986
22988
22989
22991
22993
22997
22998
22999
23000
23003
23006
23007
23009
23010
23011
23013
23016
23019
23020
23021
23022
23026
23027
23028
23030
23032
23033
23034
23035
23039
23041
23044
23046
23049
23054
23056
23061
23064
23065
23068
23069
23071
23072
23073
23074
23077
23079
23087
23088
23089
23090
23091
23096
23097
23099
23100
23102
23105
23108
23109
23110
23111
23113
23114
23115
23117
23118
23126
23128
23134
23135
23136
23137
23138
23140
23142
23144
23147
23150
23153
23157
23159
23161
23167
23168
23170
23171
23172
23174
23178
23179
23182
23183
23184
23188
23190
23196
23197
23198
23200
23202
23203
23206
23210
23215
23217
23218
23220
23223
23224
23226
23237
23238
23239
23242
23243
23247
23248
23249
23251
23252
23253
23254
23255
23256
23260
23261
23262
23264
23265
23266
23267
23268
23274
23275
23276
23279
23280
23282
23287
23290
23292
23294
23297
23298
23305
23306
23307
23311
23314
23316
23317
23319
23321
23322
23323
23326
23330
23334
23335
23337
23340
23341
23342
23346
23348
23349
23352
23353
23354
23357
23360
23361
23363
23364
23366
23367
23371
23372
23374
23377
23378
23381
23385
23389
23390
23392
23393
23394
23396
23398
23401
23402
23404
23406
23411
23415
23417
23424
23425
23427
23428
23429
23431
23434
23435
23436
23437
23438
23445
23447
23448
23450
23451
23452
23453
23455
23457
23458
23459
23460
23462
23463
23465
23466
23467
23469
23470
23471
23473
23474
23477
23479
23480
23482
23483
23484
23486
23487
23488
23490
23491
23492
23493
23496
23497
23501
23502
23505
23507
23511
23512
23516
23517
23519
23520
23521
23526
23528
23531
23532
23533
23536
23537
23539
23541
23545
23546
23547
23548
23549
23550
23551
23554
23556
23558
23559
23563
23564
23565
23566
23567
23568
23572
23574
23575
23578
23582
23584
23592
23593
23594
23595
23598
23601
23604
23607
23609
23612
23613
23614
23616
23618
23619
23621
23623
23624
23627
23628
23630
23632
23633
23635
23638
23642
23651
23654
23657
23658
23660
23662
23663
23668
23671
23672
23674
23682
23683
23684
23686
23689
23690
23691
23696
23697
23699
23700
23702
23704
23706
23707
23709
23710
23713
23715
23719
23720
23721
23722
23723
23724
23726
23728
23729
23730
23734
23738
23739
23740
23741
23742
23743
23744
23748
23751
23753
23754
23755
23760
23763
23766
23768
23771
23773
23774
23778
23780
23783
23784
23785
23786
23788
23791
23793
23794
23795
23797
23800
23804
23807
23810
23811
23812
23813
23814
23815
23817
23819
23822
23823
23824
23826
23827
23828
23829
23832
23836
23839
23842
23844
23845
23846
23850
23851
23852
23853
23855
23857
23859
23860
23866
23867
23869
23871
23872
23875
23877
23884
23886
23888
23890
23897
23899
23900
23901
23904
23908
23909
23912
23915
23917
23921
23922
23924
23925
23929
23931
23934
23935
23936
23937
23940
23946
23948
23949
23951
23952
23955
23957
23960
23961
23962
23967
23968
23969
23971
23973
23975
23978
23979
23982
23984
23986
23988
23990
23991
23993
23997
24004
24005
24006
24008
24012
24014
24015
24017
24019
24021
24023
24025
24026
24028
24030
24031
24032
24033
24034
24036
24041
24043
24044
24045
24050
24052
24054
24057
24058
24062
24064
24066
24068
24069
24070
24071
24074
24079
24080
24081
24084
24087
24092
24093
24095
24100
24102
24104
24106
24107
24110
24111
24112
24114
24117
24118
24121
24122
24123
24124
24125
24127
24128
24131
24132
24135
24136
24139
24140
24141
24143
24146
24148
24150
24157
24159
24160
24163
24164
24165
24166
24167
24171
24173
24175
24185
24186
24187
24188
24192
24193
24195
24196
24197
24198
24199
24200
24201
24202
24204
24205
24209
24212
24213
24216
24218
24223
24224
24228
24229
24230
24231
24232
24237
24238
24242
24244
24245
24248
24249
24256
24260
24262
24264
24266
24267
24269
24271
24273
24274
24276
24279
24280
24281
24283
24285
24286
24288
24290
24291
24292
24294
24295
24296
24305
24307
24308
24311
24313
24314
24318
24320
24321
24323
24324
24329
24331
24335
24337
24338
24339
24340
24341
24346
24348
24351
24352
24353
24356
24359
24360
24361
24362
24364
24365
24366
24367
24368
24372
24376
24378
24382
24384
24385
24388
24391
24393
24396
24397
24399
24400
24401
24408
24409
24417
24420
24422
24424
24426
24427
24430
24435
24437
24439
24441
24445
24447
24448
24450
24452
24453
24454
24456
24458
24459
24460
24461
24462
24469
24471
24473
24475
24478
24479
24481
24486
24488
24491
24496
24497
24500
24502
24505
24508
24509
24511
24514
24515
24518
24519
24522
24523
24525
24528
24529
24530
24532
24534
24537
24538
24539
24540
24541
24542
24546
24553
24554
24555
24562
24564
24566
24567
24568
24570
24572
24574
24575
24577
24578
24581
24582
24585
24587
24589
24591
24592
24594
24596
24601
24605
24609
24613
24614
24615
24616
24622
24623
24624
24625
24627
24629
24633
24634
24637
24638
24641
24649
24652
24654
24656
24658
24659
24660
24664
24666
24670
24671
24672
24674
24675
24676
24677
24678
24680
24681
24683
24686
24688
24691
24692
24693
24695
24696
24697
24704
24705
24707
24711
24713
24714
24717
24718
24720
24724
24725
24726
24731
24734
24735
24737
24740
24744
24748
24752
24753
24754
24755
24756
24757
24759
24760
24761
24762
24765
24766
24767
24768
24771
24773
24774
24775
24780
24784
24785
24786
24787
24788
24791
24792
24794
24795
24802
24806
24811
24812
24814
24816
24819
24820
24822
24825
24831
24833
24834
24835
24837
24838
24842
24843
24846
24848
24851
24852
24853
24864
24865
24866
24867
24868
24869
24872
24873
24874
24877
24879
24882
24883
24891
24892
24895
24896
24899
24900
24901
24902
24906
24909
24910
24912
24913
24914
24915
24920
24921
24923
24924
24927
24929
24930
24931
24932
24934
24936
24937
24941
24942
24943
24945
24946
24947
24950
24951
24952
24954
24955
24957
24958
24959
24960
24961
24963
24964
24966
24967
24968
24970
24972
24973
24975
24981
24983
24984
24986
24987
24989
24991
24992
24993
24995
24996
24998
24999
25005
25013
25020
25021
25022
25032
25033
25034
25036
25038
25045
25048
25054
25055
25067
25068
25070
25073
25086
25090
25091
25106
25107
25108
25115
25118
25141
25146
25166
25179
25187
25189
25199
25203
25207
25217
25219
25223
25226
25231
25240
25256
25262
25264
25267
25272
25286
25292
25309
25312
25316
25324
25326
25335
25336
25341
25346
25350
25351
25355
25359
25366
25370
25400
25413
25417
25421
25423
25440
25458
25461
25462
25467
25470
25478
25487
25488
25489
25496
25497
25502
25511
25519
25520
25530
25531
25537
25540
25544
25552
25558
25559
25561
25563
25571
25590
25604
25606
25607
25609
25612
25617
25620
25621
25623
25645
25666
25672
25678
25688
25694
25703
25704
25710
25721
25725
25727
25736
25738
25743
25744
25753
25759
25762
25764
25766
25786
25793
25795
25821
25833
25834
25856
25860
25863
25864
25870
25883
25886
25901
25914
25936
25946
25967
25978
25989
25994
25997
26002
26004
26012
26013
26016
26029
26037
26044
26049
26055
26069
26073
26077
26083
26091
26098
26100
26105
26107
26113
26117
26119
26128
26136
26145
26149
26156
26157
26162
26167
26188
26189
26194
26202
26219
26220
26224
26227
26235
26256
26260
26267
26268
26269
26270
26271
26272
26275
26281
26282
26284
26288
26298
26299
26300
26301
26302
26307
26308
26318
26319
26324
26333
26335
26342
26349
26356
26381
26385
26393
26401
26411
26413
26415
26416
26430
26434
26438
26439
26440
26441
26445
26451
26456
26466
26468
26508
26511
26535
26539
26541
26548
26556
26563
26567
26570
26577
26582
26602
26619
26624
26627
26628
26638
26647
26652
26656
26658
26665
26669
26672
26678
26682
26683
26686
26687
26690
26695
26702
26706
26707
26714
26721
26724
26731
26733
26735
26737
26741
26752
26758
26769
26770
26776
26789
26791
26798
26803
26808
26814
26816
26817
26822
26837
26844
26859
26871
26882
26883
26893
26894
26896
26904
26906
26911
26920
26948
26952
26954
26961
26962
26968
26969
26972
26978
26990
26991
26993
26994
26997
27011
27021
27032
27045
27054
27055
27070
27071
27072
27078
27082
27084
27087
27093
27094
27100
27101
27103
27111
27123
27127
27132
27150
27155
27156
27157
27172
27178
27180
27189
27195
27197
27203
27208
27210
27229
27245
27264
27271
27273
27274
27289
27293
27299
27302
27306
27308
27319
27321
27328
27331
27339
27343
27345
27356
27366
27374
27382
27389
27392
27396
27397
27404
27410
27411
27414
27415
27416
27421
27449
27457
27465
27470
27471
27493
27498
27504
27507
27508
27519
27522
27537
27544
27551
27558
27561
27562
27570
27574
27576
27579
27587
27590
27603
27606
27610
27622
27629
27631
27632
27635
27637
27641
27645
27647
27659
27662
27667
27672
27673
27682
27693
27702
27716
27717
27725
27733
27743
27744
27752
27763
27768
27772
27777
27790
27791
27792
27800
27803
27808
27814
27815
27821
27824
27827
27833
27839
27844
27850
27857
27862
27877
27882
27907
27916
27926
27927
27931
27936
27939
27945
27951
27957
27966
27994
27995
27996
28012
28014
28031
28047
28065
28068
28075
28077
28078
28088
28093
28116
28128
28132
28137
28148
28151
28153
28157
28162
28165
28169
28170
28178
28188
28206
28209
28214
28219
28229
28237
28239
28241
28248
28264
28277
28294
28300
28312
28322
28327
28330
28338
28356
28361
28386
28398
28400
28411
28412
28414
28415
28447
28454
28459
28476
28480
28492
28529
28533
28534
28549
28550
28551
28556
28561
28566
28574
28584
28585
28587
28589
28601
28603
28604
28605
28606
28607
28626
28629
28642
28650
28653
28665
28670
28671
28672
28682
28683
28695
28698
28704
28706
28714
28716
28724
28735
28738
28749
28764
28768
28769
28771
28774
28776
28779
28782
28784
28787
28793
28800
28804
28819
28825
28830
28839
28851
28853
28864
28882
28887
28889
28892
28903
28910
28915
28916
28936
28937
28940
28971
28985
28996
29001
29006
29015
29016
29026
29037
29047
29048
29050
29058
29064
29065
29074
29076
29077
29081
29082
29085
29089
29094
29095
29120
29128
29135
29137
29145
29152
29155
29157
29163
29168
29171
29172
29174
29176
29180
29182
29183
29189
29192
29210
29244
29258
29261
29267
29273
29274
29276
29280
29284
29286
29289
29304
29315
29320
29323
29327
29333
29340
29344
29363
29366
29370
29375
29376
29382
29384
29390
29393
29394
29401
29410
29413
29414
29416
29425
29432
29445
29446
29451
29465
29476
29484
29485
29486
29490
29497
29504
29514
29519
29537
29540
29547
29550
29555
29556
29562
29577
29579
29582
29597
29598
29603
29606
29620
29622
29627
29630
29645
29650
29664
29680
29686
29697
29703
29706
29710
29715
29722
29731
29736
29741
29752
29756
29766
29778
29794
29802
29812
29819
29825
29828
29833
29834
29836
29838
29849
29860
29863
29869
29879
29881
29885
29890
29896
29901
29902
29903
29905
29909
29929
29936
29939
29959
29962
29969
29974
29977
30000
30004
30007
30009
30010
30014
30016
30020
30022
30028
30029
30035
30037
30048
30050
30051
30053
30059
30062
30065
30068
30072
30082
30084
30090
30093
30098
30100
30101
30105
30106
30108
30109
30112
30114
30116
30119
30121
30122
30123
30124
30129
30130
30138
30139
30142
30143
30148
30149
30162
30173
30177
30178
30195
30197
30203
30206
30209
30213
30220
30224
30225
30226
30227
30228
30235
30240
30241
30243
30244
30245
30247
30249
30250
30259
30261
30271
30276
30277
30283
30284
30285
30291
30296
30299
30300
30301
30315
30316
30318
30320
30324
30327
30330
30334
30336
30341
30342
30358
30368
30370
30371
30372
30373
30374
30375
30378
30379
30387
30388
30391
30394
30400
30402
30412
30418
30437
30438
30440
30444
30448
30457
30460
30461
30462
30464
30466
30467
30472
30475
30477
30478
30483
30485
30491
30494
30496
30499
30501
30508
30512
30513
30514
30515
30518
30527
30529
30532
30539
30541
30543
30557
30558
30559
30560
30561
30564
30567
30575
30577
30578
30581
30583
30593
30594
30595
30598
30611
30612
30613
30615
30616
30632
30638
30641
30646
30649
30650
30652
30653
30654
30660
30661
30663
30665
30668
30672
30673
30676
30677
30678
30681
30684
30685
30689
30693
30697
30704
30713
30714
30715
30716
30718
30719
30720
30721
30727
30728
30730
30732
30735
30736
30739
30742
30743
30745
30750
30754
30755
30758
30761
30765
30767
30768
30773
30776
30782
30783
30784
30787
30789
30791
30793
30794
30796
30798
30803
30808
30809
30812
30814
30816
30820
30829
30830
30839
30852
30853
30859
30863
30864
30865
30868
30869
30873
30875
30876
30885
30890
30893
30902
30905
30906
30910
30919
30921
30929
30931
30932
30933
30937
30950
30951
30955
30957
30960
30964
30967
30970
30972
30974
30977
30982
30985
30987
30991
30995
30997
30998
31001
31004
31005
31007
31011
31013
31014
31019
31020
31022
31024
31030
31037
31039
31041
31042
31043
31048
31053
31054
31062
31065
31066
31070
31072
31080
31081
31082
31084
31085
31093
31096
31101
31102
31103
31104
31107
31108
31109
31111
31112
31114
31120
31121
31124
31125
31130
31131
31133
31135
31138
31142
31143
31145
31146
31148
31159
31162
31164
31165
31168
31170
31171
31175
31180
31184
31186
31188
31191
31198
31201
31202
31204
31208
31217
31218
31219
31222
31223
31225
31228
31233
31235
31236
31237
31241
31246
31247
31248
31249
31254
31256
31262
31265
31274
31278
31280
31281
31284
31286
31287
31291
31292
31294
31295
31296
31297
31298
31303
31308
31314
31315
31320
31323
31329
31332
31338
31342
31344
31345
31347
31350
31360
31362
31375
31377
31381
31386
31387
31390
31391
31393
31395
31396
31397
31401
31406
31414
31418
31428
31429
31437
31442
31456
31457
31459
31460
31465
31471
31473
31476
31477
31479
31482
31486
31487
31490
31494
31501
31505
31507
31508
31509
31511
31512
31514
31518
31521
31528
31529
31530
31533
31535
31538
31539
31547
31551
31562
31563
31570
31571
31572
31575
31576
31577
31579
31580
31588
31589
31590
31596
31598
31599
31604
31608
31609
31610
31615
31618
31620
31626
31627
31628
31631
31632
31633
31640
31641
31642
31645
31649
31653
31654
31658
31660
31664
31666
31669
31670
31673
31677
31678
31696
31697
31699
31704
31705
31707
31708
31718
31720
31725
31729
31739
31740
31744
31745
31747
31749
31750
31754
31755
31756
31761
31763
31766
31770
31772
31775
31776
31777
31780
31781
31784
31788
31790
31791
31803
31804
31805
31809
31813
31816
31821
31823
31826
31827
31828
31831
31834
31836
31837
31839
31842
31844
31848
31855
31867
31870
31871
31873
31877
31879
31880
31883
31884
31885
31887
31892
31896
31898
31900
31905
31907
31909
31911
31912
31913
31915
31919
31921
31923
31926
31931
31933
31935
31937
31941
31942
31944
31945
31948
31950
31951
31952
31953
31954
31956
31957
31961
31965
31966
31973
31979
31981
31983
31985
31986
31988
31990
31991
31993
31994
31998
32001
32004
32018
32019
32021
32023
32024
32028
32030
32031
32033
32034
32036
32041
32044
32045
32046
32054
32058
32060
32061
32066
32067
32072
32073
32074
32075
32080
32081
32086
32091
32092
32099
32100
32102
32104
32105
32111
32112
32120
32122
32123
32126
32127
32130
32131
32133
32134
32136
32143
32148
32152
32167
32169
32175
32176
32182
32183
32185
32186
32187
32188
32190
32194
32200
32205
32215
32219
32222
32228
32233
32235
32241
32242
32244
32245
32246
32257
32258
32260
32262
32264
32273
32278
32280
32281
32282
32284
32285
32287
32291
32293
32302
32303
32304
32305
32307
32308
32310
32312
32315
32320
32325
32326
32331
32337
32342
32344
32354
32356
32362
32367
32368
32373
32383
32385
32389
32390
32393
32394
32395
32396
32397
32403
32404
32412
32414
32423
32429
32431
32432
32434
32435
32439
32449
32453
32454
32455
32456
32458
32459
32461
32462
32465
32468
32473
32474
32475
32477
32479
32483
32485
32488
32493
32494
32495
32496
32501
32504
32506
32507
32510
32517
32522
32530
32532
32541
32544
32550
32551
32559
32562
32563
32564
32565
32568
32569
32579
32585
32586
32587
32588
32589
32592
32594
32595
32598
32602
32603
32604
32609
32610
32612
32616
32619
32627
32636
32638
32643
32650
32652
32653
32659
32660
32668
32669
32675
32677
32680
32682
32683
32684
32689
32690
32693
32696
32700
32701
32703
32705
32713
32714
32725
32727
32728
32733
32736
32737
32743
32746
32749
32753
32755
32757
32758
32759
32764
32769
32770
32771
32773
32774
32775
32778
32779
32780
32784
32785
32787
32789
32799
32813
32816
32821
32823
32827
32828
32833
32834
32836
32838
32842
32846
32847
32849
32850
32853
32854
32862
32863
32864
32869
32880
32883
32890
32894
32902
32903
32911
32912
32915
32916
32921
32922
32923
32926
32927
32932
32937
32939
32941
32944
32948
32949
32950
32951
32954
32957
32960
32963
32968
32970
32971
32972
32973
32975
32977
32982
32983
32984
32985
32989
32993
32996
32997
32998
33004
33005
33006
33012
33018
33023
33027
33028
33029
33030
33035
33036
33038
33039
33040
33041
33044
33050
33051
33055
33058
33059
33062
33063
33064
33065
33067
33071
33072
33073
33079
33081
33083
33084
33087
33095
33097
33102
33105
33114
33120
33126
33127
33128
33129
33131
33133
33137
33139
33142
33146
33148
33149
33150
33154
33156
33163
33164
33168
33176
33177
33184
33186
33188
33195
33196
33197
33198
33201
33205
33207
33208
33210
33211
33212
33213
33215
33216
33218
33222
33226
33229
33235
33242
33243
33249
33250
33252
33253
33260
33268
33272
33277
33286
33288
33289
33291
33292
33296
33301
33302
33303
33310
33323
33328
33334
33337
33341
33347
33352
33357
33358
33363
33365
33366
33368
33370
33375
33378
33381
33384
33385
33386
33388
33391
33395
33397
33398
33401
33406
33407
33408
33410
33411
33412
33413
33421
33426
33428
33433
33434
33437
33438
33439
33440
33445
33452
33453
33455
33461
33464
33468
33470
33473
33477
33481
33490
33493
33498
33500
33503
33504
33506
33513
33515
33518
33519
33523
33528
33529
33531
33532
33538
33548
33553
33554
33555
33557
33560
33565
33567
33572
33577
33585
33590
33592
33598
33603
33605
33607
33608
33611
33616
33617
33619
33622
33624
33625
33626
33630
33645
33647
33650
33656
33659
33660
33661
33662
33663
33665
33667
33669
33672
33679
33682
33685
33690
33692
33693
33694
33696
33699
33700
33703
33704
33705
33710
33711
33712
33716
33717
33718
33720
33726
33730
33731
33732
33736
33738
33741
33743
33744
33747
33748
33752
33768
33770
33772
33773
33777
33780
33781
33789
33790
33795
33797
33802
33804
33805
33806
33809
33810
33815
33819
33821
33822
33824
33829
33831
33832
33833
33843
33844
33846
33847
33859
33860
33862
33875
33877
33878
33879
33883
33885
33886
33888
33892
33895
33896
33897
33904
33907
33915
33926
33927
33929
33931
33933
33934
33936
33941
33942
33946
33951
33954
33955
33962
33963
33964
33967
33969
33972
33985
33988
33989
33990
33991
33992
33993
33994
33997
33999
34000
34001
34003
34004
34005
34007
34013
34015
34017
34018
34022
34027
34031
34039
34040
34042
34043
34044
34045
34052
34056
34057
34058
34059
34063
34065
34068
34069
34071
34076
34077
34081
34084
34087
34090
34094
34097
34098
34104
34105
34114
34115
34123
34125
34127
34132
34134
34136
34138
34140
34145
34160
34161
34162
34167
34171
34172
34179
34185
34186
34192
34195
34197
34200
34203
34205
34206
34208
34210
34213
34216
34217
34224
34225
34226
34228
34229
34236
34238
34239
34240
34248
34249
34251
34252
34254
34255
34260
34261
34264
34265
34269
34272
34280
34283
34286
34290
34291
34298
34299
34302
34304
34306
34314
34316
34319
34321
34324
34326
34327
34328
34331
34334
34339
34345
34347
34350
34352
34353
34362
34364
34373
34378
34379
34380
34383
34385
34386
34394
34401
34406
34408
34409
34413
34415
34417
34419
34420
34421
34424
34425
34430
34432
34433
34434
34439
34441
34450
34453
34454
34459
34461
34463
34467
34469
34472
34475
34483
34486
34488
34492
34493
34494
34499
34501
34502
34505
34506
34512
34513
34516
34521
34526
34535
34548
34551
34552
34554
34557
34562
34565
34571
34572
34574
34577
34578
34582
34591
34593
34595
34597
34602
34606
34611
34612
34616
34617
34621
34622
34627
34628
34645
34647
34648
34650
34655
34658
34662
34663
34674
34675
34676
34677
34678
34681
34682
34683
34684
34689
34691
34692
34693
34694
34699
34702
34710
34711
34716
34718
34719
34720
34724
34726
34727
34729
34731
34733
34735
34741
34742
34743
34748
34752
34757
34760
34768
34770
34772
34774
34776
34779
34781
34782
34785
34787
34793
34797
34812
34815
34818
34826
34827
34831
34833
34838
34839
34847
34849
34852
34860
34864
34865
34871
34873
34876
34883
34888
34891
34895
34898
34903
34910
34911
34913
34919
34923
34927
34928
34929
34932
34936
34939
34952
34956
34960
34965
34966
34967
34970
34974
34978
34979
34980
34984
34987
34993
34995
34997
34998
35000
35001
35002
35004
35005
35006
35009
35010
35013
35014
35015
35017
35020
35025
35027
35030
35034
35037
35039
35040
35042
35043
35045
35046
35050
35052
35054
35057
35058
35060
35061
35063
35064
35066
35067
35068
35069
35070
35072
35074
35075
35077
35078
35080
35081
35083
35084
35085
35087
35092
35093
35097
35101
35103
35109
35114
35119
35123
35126
35128
35133
35137
35139
35142
35143
35145
35152
35153
35155
35160
35162
35164
35165
35166
35167
35170
35171
35172
35175
35179
35180
35181
35183
35184
35187
35192
35194
35195
35197
35204
35210
35212
35215
35216
35220
35228
35230
35233
35239
35245
35247
35249
35252
35253
35254
35257
35258
35262
35263
35265
35269
35274
35275
35278
35279
35281
35290
35291
35298
35301
35302
35305
35307
35309
35311
35312
35313
35316
35319
35320
35321
35327
35328
35333
35335
35336
35337
35340
35341
35345
35346
35347
35352
35354
35363
35365
35366
35367
35372
35373
35374
35378
35380
35386
35388
35392
35394
35395
35396
35397
35399
35400
35404
35406
35408
35409
35412
35416
35419
35427
35428
35429
35430
35432
35434
35449
35452
35453
35454
35456
35464
35466
35471
35472
35476
35484
35486
35492
35498
35504
35505
35508
35509
35510
35511
35514
35515
35517
35518
35519
35520
35524
35525
35526
35528
35531
35533
35534
35535
35539
35541
35543
35544
35546
35551
35552
35553
35554
35555
35556
35560
35561
35563
35566
35568
35569
35570
35572
35573
35574
35576
35577
35579
35580
35581
35586
35591
35592
35595
35596
35597
35600
35605
35606
35613
35618
35621
35624
35625
35628
35630
35635
35638
35640
35647
35648
35653
35654
35655
35656
35657
35666
35671
35673
35675
35676
35677
35678
35679
35680
35681
35682
35687
35697
35701
35705
35707
35708
35710
35711
35715
35719
35723
35724
35725
35729
35730
35731
35733
35740
35741
35743
35744
35746
35757
35758
35759
35762
35768
35769
35776
35780
35781
35787
35791
35796
35801
35805
35807
35809
35811
35813
35814
35819
35820
35821
35822
35830
35831
35832
35833
35835
35837
35838
35841
35845
35847
35848
35851
35852
35856
35859
35860
35873
35877
35879
35883
35886
35887
35889
35890
35895
35896
35899
35901
35902
35903
35909
35912
35920
35926
35930
35933
35934
35937
35938
35939
35940
35942
35943
35947
35950
35953
35954
35957
35958
35961
35963
35969
35973
35974
35975
35980
35986
35989
35990
35991
35997
35999
36000
36002
36003
36006
36008
36011
36013
36014
36021
36022
36025
36026
36030
36033
36034
36037
36040
36042
36044
36046
36047
36048
36049
36050
36051
36053
36058
36061
36063
36064
36065
36068
36071
36072
36074
36075
36083
36087
36088
36090
36091
36092
36093
36095
36099
36107
36110
36112
36114
36115
36116
36117
36119
36122
36128
36129
36130
36131
36132
36134
36136
36137
36140
36144
36146
36149
36150
36156
36159
36162
36163
36165
36166
36168
36172
36177
36178
36190
36195
36196
36197
36200
36201
36202
36208
36211
36214
36215
36216
36219
36227
36228
36233
36234
36235
36242
36247
36250
36251
36252
36255
36259
36260
36262
36265
36267
36271
36273
36274
36280
36283
36284
36291
36292
36293
36294
36295
36296
36303
36305
36307
36312
36314
36316
36318
36322
36324
36325
36327
36328
36329
36331
36332
36334
36335
36336
36337
36339
36341
36342
36343
36344
36345
36347
36349
36351
36353
36354
36355
36356
36360
36363
36364
36366
36367
36368
36370
36371
36373
36374
36376
36377
36383
36388
36394
36399
36403
36405
36406
36408
36413
36414
36415
36416
36419
36420
36421
36423
36425
36426
36427
36429
36431
36433
36434
36435
36438
36442
36443
36447
36449
36450
36453
36458
36460
36462
36466
36470
36471
36477
36480
36481
36487
36489
36491
36493
36497
36500
36504
36511
36512
36515
36525
36531
36533
36536
36539
36540
36543
36546
36548
36550
36551
36552
36553
36557
36566
36568
36570
36572
36575
36576
36577
36578
36580
36581
36583
36585
36587
36593
36599
36601
36605
36606
36607
36610
36611
36615
36620
36623
36624
36631
36633
36634
36636
36639
36640
36641
36642
36643
36644
36645
36651
36653
36654
36655
36657
36659
36662
36663
36667
36670
36671
36675
36685
36687
36689
36691
36696
36697
36703
36704
36706
36707
36708
36710
36712
36715
36716
36720
36721
36722
36725
36727
36733
36739
36740
36742
36743
36745
36750
36752
36754
36756
36757
36759
36767
36768
36770
36771
36774
36779
36780
36781
36782
36783
36784
36786
36787
36789
36790
36791
36793
36796
36797
36803
36805
36807
36811
36815
36817
36819
36821
36825
36826
36828
36829
36831
36832
36833
36834
36840
36846
36849
36852
36854
36856
36858
36860
36862
36863
36866
36869
36873
36875
36876
36877
36885
36887
36889
36890
36891
36893
36895
36897
36898
36899
36900
36902
36903
36905
36906
36907
36910
36912
36917
36918
36919
36921
36923
36925
36926
36927
36930
36934
36936
36939
36942
36943
36946
36947
36952
36957
36958
36960
36961
36963
36964
36965
36967
36969
36971
36972
36977
36979
36980
36982
36984
36986
36992
36993
36996
36999
37000
37004
37007
37010
37011
37014
37015
37019
37021
37027
37032
37036
37038
37045
37047
37048
37049
37050
37052
37054
37056
37057
37058
37059
37060
37062
37069
37073
37074
37075
37076
37077
37078
37080
37082
37085
37088
37089
37090
37091
37092
37093
37098
37099
37101
37104
37108
37114
37115
37116
37117
37125
37130
37131
37132
37137
37142
37145
37146
37148
37149
37150
37153
37154
37155
37156
37157
37160
37162
37166
37170
37172
37174
37175
37176
37177
37178
37179
37180
37184
37185
37187
37188
37189
37192
37195
37196
37197
37198
37200
37202
37204
37205
37207
37211
37213
37215
37216
37218
37219
37220
37223
37224
37228
37229
37230
37233
37234
37239
37244
37248
37249
37251
37258
37259
37263
37265
37266
37269
37270
37285
37286
37289
37291
37293
37294
37296
37301
37308
37309
37310
37311
37313
37315
37316
37317
37326
37327
37329
37330
37331
37335
37336
37337
37339
37340
37341
37346
37349
37350
37353
37354
37357
37360
37361
37362
37366
37367
37369
37370
37373
37376
37377
37378
37380
37381
37382
37385
37386
37390
37393
37395
37396
37399
37400
37403
37404
37405
37408
37409
37412
37414
37415
37420
37421
37422
37424
37429
37434
37435
37437
37439
37440
37441
37443
37446
37448
37449
37451
37453
37462
37465
37466
37467
37473
37474
37475
37476
37477
37478
37481
37482
37487
37488
37489
37492
37493
37494
37501
37504
37505
37506
37507
37508
37510
37512
37513
37518
37523
37524
37525
37528
37529
37531
37532
37533
37537
37543
37545
37546
37548
37551
37553
37555
37556
37557
37558
37560
37562
37563
37564
37565
37566
37567
37568
37572
37574
37578
37579
37581
37588
37590
37591
37592
37595
37600
37602
37604
37610
37611
37613
37615
37616
37617
37620
37623
37624
37625
37626
37627
37628
37630
37632
37637
37638
37641
37642
37650
37652
37653
37655
37658
37660
37662
37663
37664
37665
37667
37669
37671
37672
37679
37680
37683
37684
37690
37691
37695
37700
37704
37709
37715
37716
37718
37719
37721
37723
37725
37728
37736
37739
37744
37746
37747
37752
37756
37758
37760
37768
37772
37774
37776
37777
37779
37780
37781
37782
37784
37787
37790
37794
37797
37798
37799
37808
37810
37813
37820
37824
37825
37828
37835
37836
37838
37839
37841
37842
37843
37844
37846
37847
37852
37854
37859
37862
37871
37873
37876
37879
37880
37883
37884
37885
37886
37892
37894
37896
37897
37900
37901
37904
37905
37907
37908
37910
37911
37912
37914
37916
37917
37919
37920
37921
37923
37926
37927
37928
37930
37934
37940
37942
37944
37946
37948
37952
37953
37954
37955
37957
37959
37962
37968
37975
37977
37978
37982
37983
37985
37988
37989
37996
38002
38003
38004
38005
38006
38010
38012
38016
38017
38018
38020
38022
38023
38024
38026
38031
38034
38037
38039
38040
38041
38042
38044
38048
38050
38053
38059
38060
38061
38062
38063
38065
38066
38067
38072
38073
38077
38079
38082
38088
38090
38092
38096
38101
38103
38107
38110
38111
38121
38123
38124
38125
38126
38130
38133
38137
38138
38141
38143
38147
38148
38155
38156
38157
38158
38160
38161
38166
38170
38171
38178
38180
38184
38188
38191
38193
38202
38205
38207
38210
38211
38212
38215
38217
38221
38223
38224
38226
38227
38229
38230
38232
38233
38238
38241
38243
38246
38254
38255
38257
38260
38263
38265
38267
38269
38271
38272
38274
38275
38279
38286
38287
38288
38289
38290
38296
38297
38301
38306
38307
38310
38314
38317
38318
38322
38327
38330
38331
38334
38336
38337
38341
38345
38347
38349
38351
38353
38354
38359
38362
38364
38369
38370
38372
38373
38375
38377
38378
38379
38380
38388
38392
38394
38396
38398
38399
38400
38401
38403
38404
38406
38408
38409
38414
38419
38422
38425
38430
38431
38432
38434
38435
38437
38438
38440
38443
38445
38449
38450
38452
38453
38454
38456
38458
38462
38465
38467
38469
38471
38473
38474
38475
38479
38482
38485
38488
38491
38492
38493
38494
38496
38506
38507
38511
38513
38514
38515
38520
38523
38524
38532
38534
38536
38541
38546
38551
38555
38556
38560
38562
38563
38565
38567
38568
38573
38578
38579
38580
38581
38584
38585
38588
38593
38594
38595
38598
38600
38601
38603
38604
38605
38609
38613
38617
38620
38623
38625
38627
38631
38635
38636
38641
38642
38645
38647
38648
38651
38653
38657
38663
38666
38669
38671
38672
38674
38678
38682
38683
38685
38686
38688
38689
38694
38697
38702
38703
38705
38710
38714
38716
38718
38723
38724
38725
38731
38734
38736
38737
38740
38741
38742
38747
38748
38752
38754
38761
38764
38765
38768
38769
38785
38786
38789
38793
38795
38797
38804
38805
38808
38816
38817
38819
38820
38821
38823
38827
38828
38829
38831
38832
38835
38836
38840
38841
38842
38844
38846
38847
38848
38850
38852
38854
38858
38860
38864
38869
38870
38871
38873
38874
38875
38878
38880
38882
38883
38884
38886
38887
38889
38890
38891
38892
38893
38899
38901
38903
38905
38906
38907
38910
38911
38914
38915
38916
38917
38919
38920
38924
38927
38931
38933
38935
38936
38937
38938
38939
38942
38944
38946
38950
38951
38953
38956
38957
38958
38960
38962
38963
38973
38974
38975
38981
38987
38988
38990
38991
38994
38995
38996
38999
39001
39002
39003
39005
39007
39010
39014
39017
39019
39020
39023
39025
39030
39032
39033
39036
39039
39044
39045
39046
39047
39051
39053
39054
39055
39058
39061
39062
39063
39068
39069
39072
39073
39078
39079
39080
39084
39086
39089
39090
39092
39093
39096
39098
39099
39101
39105
39111
39113
39120
39121
39125
39131
39137
39139
39141
39142
39144
39145
39152
39155
39158
39159
39161
39166
39167
39168
39169
39170
39174
39178
39179
39180
39181
39182
39183
39185
39186
39188
39193
39195
39197
39201
39202
39206
39208
39211
39213
39215
39216
39217
39219
39222
39223
39224
39228
39232
39237
39238
39239
39240
39241
39242
39245
39246
39247
39251
39256
39259
39260
39262
39264
39267
39272
39275
39277
39280
39282
39283
39284
39286
39291
39297
39303
39304
39305
39311
39313
39316
39321
39322
39323
39325
39326
39330
39332
39334
39336
39339
39341
39349
39350
39352
39353
39354
39355
39357
39358
39359
39361
39362
39363
39365
39372
39373
39376
39377
39380
39381
39383
39386
39387
39389
39390
39391
39395
39398
39399
39402
39403
39404
39406
39408
39411
39413
39414
39416
39419
39420
39424
39427
39433
39436
39439
39441
39446
39447
39448
39455
39464
39474
39475
39478
39480
39482
39483
39486
39487
39488
39490
39491
39494
39495
39497
39498
39500
39503
39504
39510
39513
39515
39517
39522
39525
39529
39531
39532
39534
39535
39539
39541
39543
39545
39547
39548
39549
39551
39555
39556
39560
39561
39562
39564
39565
39572
39575
39576
39579
39582
39584
39585
39586
39587
39588
39589
39590
39592
39594
39603
39608
39609
39614
39616
39617
39618
39619
39620
39624
39626
39628
39633
39634
39636
39639
39641
39642
39643
39645
39647
39648
39653
39656
39657
39659
39660
39661
39665
39666
39668
39669
39674
39676
39677
39683
39686
39693
39696
39699
39700
39702
39703
39704
39707
39711
39712
39713
39714
39715
39716
39718
39720
39721
39723
39726
39727
39729
39730
39732
39733
39736
39737
39739
39744
39745
39748
39750
39751
39758
39761
39762
39763
39765
39766
39770
39775
39776
39782
39785
39787
39788
39789
39791
39797
39801
39806
39816
39817
39818
39819
39821
39827
39830
39837
39840
39841
39843
39846
39848
39851
39857
39858
39861
39862
39864
39869
39871
39873
39875
39876
39880
39881
39882
39884
39885
39888
39890
39891
39892
39894
39895
39897
39899
39902
39903
39904
39906
39910
39913
39914
39915
39916
39917
39920
39923
39931
39933
39934
39937
39940
39942
39944
39946
39947
39948
39950
39952
39955
39957
39959
39964
39965
39967
39968
39976
39983
39984
39989
39991
39995
39998
39999
40010
40013
40024
40028
40032
40043
40044
40048
40055
40056
40064
40065
40066
40071
40080
40082
40087
40089
40093
40095
40107
40112
40117
40118
40123
40131
40132
40133
40135
40137
40141
40151
40163
40164
40167
40169
40178
40184
40185
40186
40187
40190
40195
40203
40208
40212
40214
40216
40218
40224
40225
40226
40228
40233
40236
40237
40245
40247
40249
40255
40257
40260
40264
40269
40273
40294
40298
40299
40302
40309
40312
40315
40327
40331
40336
40339
40352
40353
40355
40357
40363
40364
40368
40378
40379
40382
40383
40387
40390
40394
40401
40407
40408
40410
40414
40417
40425
40428
40430
40433
40443
40450
40454
40455
40460
40468
40477
40491
40492
40498
40501
40503
40511
40512
40516
40523
40527
40528
40534
40536
40538
40539
40548
40549
40551
40564
40566
40568
40581
40586
40589
40593
40597
40604
40605
40608
40609
40612
40618
40628
40635
40642
40648
40650
40655
40657
40659
40662
40667
40678
40683
40689
40692
40695
40697
40729
40744
40745
40746
40748
40761
40768
40770
40776
40782
40791
40798
40800
40802
40803
40806
40813
40823
40824
40831
40837
40839
40840
40845
40848
40850
40851
40853
40855
40858
40859
40864
40876
40877
40879
40880
40881
40883
40884
40885
40888
40902
40906
40908
40909
40910
40911
40915
40922
40923
40925
40929
40931
40932
40937
40943
40947
40950
40954
40958
40959
40963
40965
40980
40981
40984
40989
40991
40998
41000
41003
41005
41006
41015
41017
41023
41038
41039
41042
41046
41047
41057
41058
41063
41075
41077
41078
41095
41098
41099
41100
41107
41114
41124
41130
41140
41143
41144
41150
41151
41153
41156
41160
41162
41167
41168
41169
41176
41177
41181
41183
41192
41195
41207
41209
41212
41214
41218
41222
41224
41227
41232
41235
41247
41254
41260
41261
41265
41266
41272
41273
41276
41278
41282
41286
41289
41292
41293
41297
41299
41313
41314
41315
41318
41331
41335
41352
41359
41365
41367
41370
41374
41375
41377
41379
41386
41387
41392
41394
41396
41400
41403
41405
41406
41415
41422
41426
41431
41436
41438
41443
41444
41452
41454
41458
41463
41474
41476
41479
41482
41483
41486
41490
41494
41497
41498
41504
41505
41506
41508
41509
41511
41512
41514
41517
41525
41528
41537
41550
41554
41562
41563
41574
41586
41589
41594
41598
41601
41610
41614
41618
41629
41631
41634
41635
41636
41643
41654
41657
41659
41666
41681
41682
41684
41691
41698
41710
41724
41725
41727
41730
41731
41746
41751
41757
41762
41766
41769
41773
41776
41778
41780
41785
41786
41787
41790
41791
41794
41795
41800
41814
41818
41819
41824
41826
41829
41831
41832
41835
41840
41846
41850
41851
41865
41871
41874
41889
41901
41909
41917
41922
41926
41935
41937
41940
41944
41945
41948
41957
41960
41963
41973
41978
41995
41998
41999
42002
42003
42010
42018
42025
42029
42030
42032
42034
42036
42038
42044
42046
42051
42056
42061
42075
42078
42079
42081
42082
42089
42101
42103
42106
42110
42113
42125
42133
42135
42141
42145
42153
42156
42161
42162
42167
42171
42172
42173
42180
42182
42187
42188
42192
42229
42230
42235
42236
42241
42242
42243
42246
42247
42250
42252
42262
42264
42267
42268
42272
42274
42276
42279
42282
42309
42312
42316
42317
42329
42338
42342
42355
42356
42360
42369
42370
42376
42379
42381
42390
42391
42401
42402
42406
42408
42411
42413
42424
42429
42436
42440
42441
42443
42446
42447
42451
42453
42465
42467
42486
42490
42496
42501
42502
42511
42520
42525
42531
42550
42554
42555
42562
42566
42570
42574
42575
42579
42583
42584
42594
42597
42613
42615
42617
42625
42629
42632
42636
42642
42643
42646
42647
42656
42658
42663
42664
42668
42671
42678
42679
42681
42690
42696
42699
42712
42716
42720
42721
42727
42736
42742
42745
42748
42762
42764
42766
42767
42771
42776
42781
42787
42790
42798
42800
42804
42806
42808
42817
42827
42848
42849
42861
42863
42866
42872
42876
42877
42886
42887
42888
42896
42899
42901
42907
42913
42915
42917
42924
42929
42930
42940
42942
42945
42950
42951
42952
42953
42961
42964
42975
42978
42988
42992
42998
43002
43009
43013
43014
43016
43022
43026
43033
43034
43037
43038
43042
43046
43047
43048
43049
43056
43057
43065
43075
43091
43092
43094
43106
43107
43122
43128
43131
43136
43138
43140
43141
43142
43150
43153
43161
43164
43165
43169
43173
43184
43187
43189
43190
43194
43203
43222
43224
43228
43237
43242
43246
43250
43252
43255
43261
43268
43272
43278
43279
43286
43290
43292
43296
43300
43301
43305
43307
43308
43309
43313
43316
43320
43323
43327
43331
43333
43337
43340
43345
43349
43359
43360
43370
43372
43376
43380
43385
43391
43396
43412
43414
43416
43419
43420
43421
43422
43423
43428
43430
43431
43438
43442
43443
43447
43452
43456
43460
43464
43470
43473
43478
43479
43483
43491
43494
43501
43505
43512
43514
43516
43520
43521
43524
43526
43528
43548
43559
43560
43567
43568
43585
43587
43594
43595
43600
43602
43617
43618
43624
43625
43626
43627
43634
43635
43640
43645
43647
43652
43654
43655
43670
43672
43674
43677
43681
43687
43692
43693
43695
43698
43699
43701
43718
43719
43720
43733
43743
43751
43752
43759
43764
43766
43768
43774
43775
43776
43777
43790
43792
43798
43800
43804
43810
43811
43814
43821
43823
43828
43841
43842
43845
43854
43855
43856
43857
43859
43864
43865
43867
43868
43873
43876
43879
43881
43882
43894
43908
43909
43919
43920
43922
43923
43925
43928
43934
43944
43950
43953
43961
43963
43965
43967
43968
43971
43974
43977
43980
43984
43989
43993
44004
44006
44010
44013
44021
44026
44035
44037
44038
44039
44041
44068
44073
44077
44079
44080
44081
44083
44084
44085
44086
44088
44089
44093
44097
44100
44105
44106
44107
44110
44117
44120
44127
44132
44137
44148
44151
44171
44173
44178
44182
44186
44188
44189
44191
44192
44194
44201
44204
44206
44209
44218
44223
44227
44228
44234
44235
44237
44242
44244
44249
44250
44264
44267
44269
44270
44271
44279
44285
44289
44293
44295
44301
44303
44314
44318
44322
44326
44331
44340
44351
44355
44356
44365
44368
44369
44374
44375
44377
44381
44389
44396
44403
44405
44408
44410
44413
44418
44423
44429
44430
44435
44443
44450
44451
44455
44460
44465
44471
44472
44478
44483
44489
44492
44503
44506
44510
44522
44523
44525
44528
44532
44533
44535
44537
44545
44563
44564
44569
44571
44573
44574
44582
44587
44591
44596
44597
44603
44612
44616
44622
44628
44631
44642
44653
44656
44657
44662
44669
44673
44676
44677
44678
44681
44683
44684
44685
44686
44696
44698
44700
44708
44715
44721
44726
44731
44734
44735
44742
44754
44761
44762
44763
44769
44770
44771
44775
44786
44788
44797
44801
44810
44812
44813
44817
44818
44824
44833
44841
44853
44854
44859
44866
44870
44872
44886
44894
44900
44902
44904
44905
44910
44914
44915
44921
44927
44928
44929
44933
44937
44944
44946
44947
44952
44954
44958
44971
44976
44986
44989
44990
44998
45000
45001
45003
45004
45005
45006
45007
45013
45014
45016
45017
45019
45020
45022
45024
45027
45029
45031
45032
45036
45039
45040
45041
45044
45045
45047
45048
45051
45055
45056
45062
45063
45065
45066
45067
45073
45075
45079
45080
45081
45085
45089
45090
45092
45093
45097
45100
45101
45102
45103
45104
45105
45108
45109
45112
45117
45118
45119
45121
45123
45127
45128
45131
45132
45133
45134
45135
45136
45138
45142
45144
45145
45149
45150
45154
45159
45160
45161
45162
45165
45166
45167
45173
45175
45176
45178
45179
45183
45186
45187
45188
45189
45190
45191
45194
45195
45196
45198
45199
45202
45204
45207
45209
45211
45212
45213
45219
45220
45221
45222
45223
45224
45225
45227
45228
45231
45232
45234
45238
45241
45242
45243
45244
45245
45248
45249
45251
45252
45253
45254
45256
45259
45260
45261
45262
45263
45265
45266
45268
45269
45272
45273
45276
45277
45281
45282
45283
45286
45287
45288
45289
45290
45292
45296
45297
45299
45300
45301
45302
45305
45307
45309
45316
45322
45330
45331
45333
45336
45340
45341
45342
45344
45349
45351
45352
45353
45358
45360
45362
45363
45373
45374
45377
45386
45388
45389
45390
45391
45393
45394
45399
45401
45402
45403
45408
45413
45415
45416
45418
45420
45421
45423
45426
45427
45428
45430
45431
45436
45438
45439
45440
45442
45444
45446
45447
45450
45451
45454
45455
45458
45462
45463
45464
45465
45466
45467
45474
45478
45479
45482
45483
45485
45486
45488
45489
45490
45492
45496
45499
45500
45503
45505
45508
45510
45513
45515
45523
45525
45526
45527
45537
45539
45540
45545
45546
45549
45553
45554
45555
45558
45560
45561
45565
45567
45568
45572
45573
45576
45577
45581
45584
45586
45587
45588
45590
45591
45593
45603
45609
45611
45613
45616
45618
45619
45622
45623
45624
45627
45628
45631
45632
45634
45635
45636
45638
45639
45644
45646
45650
45651
45652
45654
45658
45659
45660
45664
45665
45666
45667
45670
45671
45672
45673
45674
45677
45679
45682
45684
45685
45688
45690
45691
45692
45693
45694
45695
45698
45700
45701
45703
45705
45707
45708
45715
45717
45719
45720
45721
45722
45727
45731
45733
45738
45743
45746
45747
45754
45755
45758
45760
45761
45766
45768
45769
45770
45772
45773
45774
45777
45778
45779
45780
45784
45786
45789
45792
45794
45795
45798
45802
45803
45805
45809
45810
45816
45817
45818
45819
45821
45823
45825
45827
45828
45829
45832
45833
45840
45844
45845
45849
45851
45860
45861
45862
45866
45869
45872
45875
45879
45880
45881
45883
45884
45886
45888
45889
45890
45891
45892
45894
45895
45896
45899
45900
45902
45907
45908
45910
45911
45913
45916
45917
45918
45919
45924
45927
45929
45936
45937
45940
45942
45944
45945
45955
45956
45957
45958
45960
45962
45964
45965
45967
45971
45972
45973
45974
45975
45977
45979
45980
45984
45986
45987
45988
45991
45992
45994
45996
46000
46002
46006
46009
46013
46014
46018
46022
46024
46027
46028
46029
46030
46031
46033
46034
46036
46037
46038
46042
46043
46049
46050
46054
46055
46057
46058
46060
46064
46070
46071
46072
46074
46075
46080
46082
46084
46085
46088
46090
46091
46094
46096
46097
46098
46101
46102
46103
46105
46108
46109
46110
46112
46118
46121
46122
46123
46124
46125
46127
46132
46135
46138
46140
46143
46144
46149
46153
46154
46155
46158
46161
46162
46164
46165
46170
46172
46174
46175
46176
46177
46178
46180
46183
46189
46192
46195
46199
46201
46203
46205
46207
46210
46212
46213
46215
46217
46219
46221
46224
46225
46227
46228
46231
46235
46238
46240
46243
46244
46245
46246
46247
46248
46250
46252
46253
46254
46255
46257
46258
46261
46262
46267
46269
46270
46271
46274
46276
46277
46279
46280
46281
46283
46297
46298
46299
46300
46304
46305
46307
46310
46311
46313
46315
46316
46317
46318
46320
46322
46325
46327
46328
46334
46335
46337
46338
46339
46341
46342
46345
46346
46351
46353
46355
46357
46361
46362
46363
46364
46365
46368
46369
46370
46372
46374
46378
46379
46381
46382
46384
46386
46388
46393
46394
46395
46396
46398
46400
46401
46402
46403
46406
46409
46412
46413
46414
46416
46417
46419
46420
46423
46424
46425
46426
46427
46429
46431
46435
46436
46437
46438
46439
46440
46443
46446
46447
46453
46454
46457
46461
46465
46467
46469
46470
46474
46478
46479
46480
46482
46483
46484
46487
46489
46490
46491
46495
46496
46497
46503
46505
46506
46508
46509
46512
46517
46520
46521
46522
46525
46526
46527
46528
46529
46532
46534
46539
46540
46541
46543
46544
46546
46548
46549
46550
46553
46554
46557
46559
46560
46562
46566
46567
46568
46569
46570
46572
46574
46579
46580
46582
46584
46585
46590
46592
46594
46595
46597
46598
46599
46600
46603
46606
46608
46610
46611
46612
46613
46614
46615
46617
46619
46620
46621
46625
46627
46630
46631
46632
46634
46635
46639
46640
46641
46645
46647
46648
46649
46650
46653
46655
46656
46657
46661
46666
46668
46669
46670
46672
46676
46680
46681
46685
46690
46694
46696
46697
46698
46699
46701
46703
46704
46707
46710
46714
46717
46719
46720
46721
46722
46726
46727
46728
46730
46731
46732
46733
46734
46735
46736
46737
46738
46743
46745
46748
46749
46750
46751
46754
46755
46756
46758
46759
46767
46769
46774
46775
46777
46779
46780
46781
46783
46786
46787
46792
46796
46801
46802
46805
46806
46809
46811
46812
46813
46814
46815
46816
46823
46824
46826
46828
46830
46832
46836
46837
46840
46841
46842
46843
46848
46852
46853
46854
46855
46856
46857
46858
46860
46866
46869
46870
46875
46876
46878
46880
46887
46890
46892
46893
46895
46896
46897
46902
46904
46907
46909
46917
46920
46922
46923
46926
46927
46929
46930
46932
46936
46937
46938
46939
46941
46942
46943
46947
46950
46952
46953
46954
46955
46958
46960
46962
46964
46965
46969
46971
46972
46973
46977
46981
46983
46985
46986
46987
46988
46991
46994
46995
47000
47003
47008
47010
47013
47014
47015
47016
47029
47030
47033
47035
47040
47042
47044
47045
47048
47049
47050
47052
47054
47055
47056
47058
47059
47060
47061
47062
47063
47066
47068
47071
47072
47074
47075
47076
47079
47080
47083
47084
47085
47086
47088
47089
47092
47095
47096
47097
47101
47103
47105
47106
47107
47110
47115
47116
47118
47119
47120
47121
47125
47129
47130
47132
47134
47136
47137
47138
47142
47144
47146
47147
47149
47151
47154
47156
47157
47160
47165
47166
47167
47169
47170
47172
47173
47176
47177
47178
47181
47183
47185
47187
47190
47193
47194
47197
47198
47199
47201
47203
47206
47208
47210
47215
47216
47217
47218
47219
47220
47221
47225
47226
47227
47228
47229
47230
47234
47238
47242
47244
47246
47247
47248
47255
47257
47259
47261
47264
47265
47266
47267
47275
47278
47280
47282
47286
47287
47289
47292
47297
47298
47300
47304
47305
47306
47307
47308
47309
47310
47316
47317
47319
47320
47321
47324
47325
47330
47331
47334
47336
47342
47343
47356
47357
47360
47361
47363
47365
47366
47369
47370
47372
47374
47377
47378
47383
47384
47385
47386
47387
47389
47392
47395
47397
47399
47400
47401
47402
47403
47404
47412
47417
47418
47419
47420
47422
47423
47425
47426
47428
47429
47430
47431
47432
47437
47439
47440
47446
47448
47452
47453
47455
47458
47461
47462
47463
47465
47471
47476
47479
47480
47485
47487
47489
47491
47493
47495
47497
47500
47501
47502
47503
47505
47506
47508
47510
47513
47514
47517
47518
47519
47521
47523
47526
47528
47535
47539
47543
47544
47546
47547
47548
47550
47551
47554
47555
47557
47558
47559
47560
47562
47565
47566
47567
47574
47577
47579
47580
47581
47582
47583
47584
47585
47586
47587
47592
47593
47597
47598
47599
47601
47602
47603
47604
47607
47608
47609
47610
47611
47614
47615
47616
47617
47619
47621
47623
47625
47627
47630
47633
47636
47637
47638
47639
47640
47643
47644
47647
47648
47650
47652
47655
47658
47659
47660
47662
47667
47669
47670
47671
47673
47675
47676
47678
47679
47683
47685
47687
47691
47693
47695
47697
47700
47703
47704
47713
47715
47716
47719
47720
47723
47724
47725
47726
47729
47732
47733
47736
47739
47741
47742
47746
47747
47748
47750
47756
47757
47758
47760
47772
47775
47778
47779
47780
47782
47783
47786
47788
47789
47791
47793
47794
47796
47800
47802
47803
47804
47807
47812
47816
47817
47819
47820
47821
47823
47824
47825
47829
47831
47833
47839
47842
47844
47845
47846
47849
47856
47857
47859
47860
47863
47864
47866
47869
47870
47871
47873
47874
47877
47878
47880
47881
47886
47888
47890
47892
47893
47894
47897
47898
47899
47901
47904
47905
47906
47909
47912
47913
47917
47920
47921
47928
47929
47930
47932
47937
47944
47946
47950
47951
47953
47954
47958
47959
47962
47967
47971
47974
47975
47976
47978
47981
47983
47984
47990
47993
47996
47997
48000
48001
48002
48003
48004
48011
48012
48015
48018
48021
48022
48023
48024
48026
48027
48030
48031
48032
48035
48037
48038
48042
48044
48045
48046
48047
48050
48051
48053
48055
48056
48057
48063
48064
48065
48066
48068
48070
48073
48074
48075
48076
48079
48083
48084
48087
48088
48090
48093
48096
48102
48103
48105
48107
48108
48109
48110
48112
48113
48116
48118
48121
48123
48127
48130
48136
48139
48140
48141
48142
48146
48148
48149
48150
48152
48156
48157
48158
48159
48160
48162
48167
48168
48169
48170
48171
48172
48173
48174
48175
48176
48180
48183
48186
48187
48188
48191
48192
48197
48198
48200
48202
48203
48206
48208
48210
48214
48219
48220
48224
48228
48231
48232
48234
48241
48244
48245
48250
48252
48254
48257
48258
48259
48261
48265
48269
48271
48274
48279
48280
48282
48283
48286
48289
48291
48296
48301
48302
48303
48304
48305
48311
48312
48313
48318
48319
48320
48323
48325
48332
48333
48334
48335
48341
48342
48344
48347
48348
48352
48353
48356
48357
48358
48362
48364
48365
48367
48373
48375
48376
48378
48379
48382
48384
48387
48390
48391
48392
48394
48396
48397
48402
48408
48410
48411
48412
48414
48416
48417
48418
48419
48421
48424
48426
48430
48436
48437
48439
48440
48442
48443
48444
48448
48452
48455
48458
48461
48462
48463
48465
48466
48468
48473
48474
48475
48477
48479
48480
48483
48489
48490
48491
48493
48494
48497
48500
48504
48505
48509
48510
48511
48512
48514
48515
48516
48517
48518
48520
48523
48527
48528
48531
48535
48537
48538
48539
48541
48543
48546
48547
48548
48550
48553
48554
48557
48559
48560
48563
48565
48566
48569
48570
48571
48574
48576
48577
48579
48580
48581
48582
48584
48585
48588
48589
48590
48591
48594
48595
48596
48600
48601
48602
48607
48610
48613
48615
48618
48620
48621
48633
48634
48635
48636
48637
48638
48641
48642
48645
48646
48647
48648
48650
48653
48656
48658
48663
48664
48665
48667
48670
48672
48673
48675
48676
48678
48679
48680
48681
48682
48683
48684
48686
48687
48688
48690
48692
48695
48699
48702
48708
48710
48711
48714
48715
48716
48717
48720
48721
48724
48728
48730
48735
48736
48737
48738
48740
48742
48746
48750
48752
48754
48756
48757
48758
48764
48766
48767
48770
48772
48773
48774
48775
48776
48777
48778
48780
48782
48783
48784
48785
48788
48790
48796
48798
48799
48802
48805
48808
48810
48813
48814
48815
48820
48821
48828
48840
48842
48844
48845
48848
48851
48852
48853
48855
48857
48859
48860
48861
48867
48868
48869
48875
48876
48877
48881
48885
48886
48887
48889
48892
48893
48896
48898
48901
48903
48904
48906
48907
48909
48910
48912
48916
48917
48919
48920
48922
48923
48925
48926
48927
48928
48932
48933
48934
48938
48939
48940
48941
48946
48947
48948
48951
48952
48953
48956
48957
48958
48960
48963
48965
48968
48970
48972
48973
48977
48979
48980
48981
48982
48983
48984
48985
48989
48993
48994
48998
49000
49001
49004
49006
49007
49008
49012
49013
49014
49017
49018
49020
49024
49025
49026
49027
49028
49032
49033
49035
49037
49039
49040
49042
49045
49049
49053
49056
49057
49059
49060
49063
49066
49068
49073
49074
49077
49079
49080
49082
49083
49086
49088
49089
49090
49091
49092
49094
49095
49097
49098
49105
49107
49109
49110
49112
49114
49119
49120
49122
49124
49126
49127
49128
49129
49131
49133
49139
49141
49142
49143
49144
49145
49147
49149
49150
49151
49152
49153
49156
49159
49161
49162
49163
49165
49171
49174
49177
49178
49181
49184
49185
49187
49188
49192
49194
49196
49200
49201
49207
49209
49210
49215
49216
49217
49219
49220
49223
49224
49228
49229
49230
49232
49241
49247
49248
49253
49256
49259
49260
49261
49262
49264
49270
49272
49275
49278
49280
49283
49284
49286
49288
49290
49291
49294
49297
49300
49302
49303
49304
49306
49308
49309
49311
49313
49314
49318
49320
49325
49326
49327
49333
49336
49339
49343
49346
49347
49349
49352
49361
49363
49364
49369
49370
49371
49372
49376
49380
49382
49385
49388
49391
49394
49396
49399
49401
49402
49403
49404
49410
49413
49416
49417
49420
49421
49425
49428
49429
49430
49434
49435
49437
49438
49440
49443
49444
49447
49448
49449
49454
49455
49461
49462
49466
49468
49469
49471
49474
49476
49477
49478
49479
49482
49483
49485
49488
49489
49490
49492
49494
49498
49499
49500
49502
49504
49505
49508
49515
49516
49518
49519
49520
49521
49522
49523
49525
49526
49531
49532
49533
49535
49536
49537
49539
49540
49541
49542
49544
49546
49549
49550
49551
49552
49553
49559
49560
49561
49562
49565
49568
49570
49572
49573
49575
49577
49579
49581
49583
49584
49585
49586
49587
49588
49589
49590
49592
49593
49595
49596
49598
49603
49604
49605
49607
49608
49609
49621
49622
49623
49625
49629
49630
49631
49632
49634
49636
49638
49640
49641
49642
49643
49644
49645
49647
49648
49650
49651
49652
49654
49655
49656
49660
49661
49671
49674
49676
49678
49681
49682
49691
49696
49698
49699
49700
49702
49707
49711
49714
49717
49719
49721
49722
49723
49726
49727
49732
49733
49736
49738
49741
49746
49747
49752
49753
49757
49766
49769
49770
49771
49775
49779
49781
49782
49784
49785
49790
49791
49792
49800
49802
49805
49808
49811
49814
49817
49820
49821
49822
49823
49824
49825
49829
49834
49837
49838
49839
49843
49844
49847
49848
49860
49861
49862
49865
49866
49867
49869
49870
49871
49876
49877
49879
49882
49883
49887
49889
49891
49892
49895
49897
49898
49900
49905
49908
49909
49911
49915
49916
49917
49919
49921
49922
49924
49927
49930
49931
49934
49937
49938
49939
49941
49942
49944
49945
49948
49950
49952
49953
49954
49957
49958
49959
49960
49961
49965
49968
49970
49972
49973
49976
49977
49978
49979
49982
49984
49986
49987
49988
49989
49991
49994
49999
