6
22
55
56
58
74
76
104
112
123
159
160
161
166
180
187
197
205
210
212
216
219
230
248
256
265
269
272
305
320
322
326
330
334
335
340
345
353
356
357
364
376
382
387
405
414
448
450
460
462
465
481
482
488
489
493
518
523
528
537
538
561
583
593
611
612
614
620
630
632
645
649
654
656
657
660
669
677
680
688
691
700
708
732
759
779
780
788
793
803
808
809
819
820
831
835
843
858
861
871
876
889
904
907
912
916
918
934
939
958
965
967
982
1001
1009
1022
1028
1031
1059
1099
1110
1111
1114
1135
1151
1154
1157
1159
1172
1177
1180
1201
1210
1230
1233
1253
1260
1297
1301
1303
1308
1325
1327
1351
1357
1369
1373
1375
1392
1395
1405
1416
1423
1424
1428
1442
1489
1494
1501
1504
1513
1526
1530
1533
1542
1546
1552
1555
1558
1560
1583
1588
1589
1598
1606
1620
1666
1675
1732
1745
1752
1763
1765
1789
1794
1814
1815
1822
1823
1885
1903
1918
1943
1950
1994
2026
2053
2059
2079
2097
2104
2130
2134
2155
2190
2207
2209
2217
2219
2264
2265
2274
2301
2303
2306
2313
2315
2342
2344
2363
2364
2381
2392
2393
2398
2408
2442
2445
2462
2464
2478
2485
2488
2498
2509
2510
2523
2525
2541
2547
2555
2557
2570
2582
2584
2623
2629
2635
2644
2650
2655
2659
2696
2700
2715
2727
2731
2732
2736
2745
2754
2755
2760
2774
2775
2783
2795
2797
2804
2840
2844
2850
2851
2852
2875
2881
2887
2894
2899
2922
2926
2933
2952
2958
2979
2983
2989
2992
3001
3006
3013
3023
3030
3048
3058
3063
3073
3083
3094
3119
3123
3131
3133
3134
3153
3164
3171
3200
3206
3208
3218
3224
3235
3252
3266
3272
3309
3315
3319
3324
3326
3337
3373
3378
3380
3390
3393
3404
3411
3412
3417
3426
3452
3525
3532
3543
3564
3583
3586
3627
3644
3645
3678
3681
3683
3684
3704
3708
3727
3749
3751
3756
3774
3781
3783
3789
3791
3795
3807
3812
3821
3832
3836
3844
3856
3857
3883
3895
3909
3917
3921
3958
3965
4003
4020
4035
4051
4075
4094
4139
4141
4142
4151
4164
4169
4175
4184
4198
4224
4253
4271
4285
4290
4294
4318
4360
4382
4391
4394
4398
4405
4409
4413
4415
4419
4423
4436
4437
4439
4441
4443
4445
4450
4454
4456
4481
4497
4509
4514
4531
4533
4538
4540
4551
4570
4578
4580
4601
4610
4612
4613
4616
4624
4626
4630
4636
4642
4648
4681
4697
4718
4723
4751
4754
4760
4769
4773
4821
4824
4826
4840
4869
4886
4911
4916
4950
4951
5019
5021
5039
5051
5105
5127
5206
5234
5256
5258
5265
5282
5283
5304
5346
5399
5414
5430
5479
5513
5538
5542
5574
5586
5628
5676
5691
5695
5773
5788
5789
5799
5821
5837
5856
5899
5939
5970
5979
6012
6080
6086
6093
6100
6127
6134
6137
6138
6152
6161
6176
6182
6189
6190
6195
6261
6294
6300
6328
6332
6409
6419
6441
6448
6450
6452
6500
6503
6624
6663
6664
6669
6680
6700
6758
6768
6770
6829
6843
6852
6860
6861
6866
6878
6879
6885
6925
6936
6957
6996
7000
7022
7074
7082
7085
7115
7116
7125
7139
7223
7260
7283
7284
7301
7314
7327
7338
7358
7376
7429
7451
7459
7467
7486
7498
7502
7520
7534
7547
7559
7620
7626
7632
7661
7687
7697
7700
7711
7719
7750
7812
7819
7850
7857
7859
7867
7876
7881
7894
7898
7944
7966
8030
8031
8108
8122
8125
8136
8147
8154
8163
8190
8196
8205
8258
8264
8304
8316
8336
8460
8470
8539
8548
8549
8550
8604
8661
8664
8716
8738
8772
8776
8781
8818
8826
8855
8864
8867
8888
8890
8957
8990
9029
9032
9036
9159
9161
9166
9222
9244
9246
9251
9261
9324
9356
9418
9430
9453
9455
9465
9505
9513
9521
9525
9542
9557
9568
9576
9583
9588
9601
9648
9649
9653
9680
9712
9736
9748
9757
9763
9811
9813
9836
9875
9886
9897
9941
9990
9997
10000
10007
10009
10015
10023
10024
10030
10032
10039
10050
10054
10066
10075
10083
10099
10110
10112
10118
10122
10131
10146
10148
10173
10183
10184
10189
10208
10213
10214
10225
10237
10246
10250
10252
10254
10261
10273
10279
10296
10318
10324
10329
10331
10334
10348
10363
10368
10369
10371
10373
10394
10403
10404
10405
10412
10421
10422
10434
10439
10440
10449
10452
10458
10460
10462
10466
10469
10472
10475
10481
10482
10491
10499
10505
10511
10513
10520
10523
10527
10534
10542
10552
10553
10565
10595
10597
10598
10609
10610
10612
10613
10618
10619
10620
10621
10624
10646
10649
10650
10657
10658
10661
10665
10675
10679
10681
10682
10689
10692
10697
10707
10708
10712
10726
10732
10733
10739
10742
10743
10753
10757
10758
10762
10769
10773
10788
10789
10797
10798
10802
10803
10816
10820
10823
10824
10854
10856
10865
10884
10885
10894
10905
10906
10912
10958
10965
10972
10976
10982
10991
11000
11003
11007
11008
11011
11025
11028
11033
11035
11037
11039
11044
11045
11053
11065
11066
11069
11071
11080
11081
11085
11098
11103
11106
11113
11114
11117
11119
11120
11122
11123
11137
11140
11146
11158
11163
11164
11168
11181
11186
11203
11211
11215
11217
11235
11237
11255
11259
11261
11272
11279
11288
11292
11329
11333
11338
11339
11357
11364
11375
11380
11387
11390
11399
11401
11415
11416
11424
11425
11426
11431
11432
11445
11448
11458
11464
11484
11486
11487
11491
11494
11496
11500
11525
11535
11547
11548
11553
11583
11593
11603
11631
11634
11636
11637
11657
11668
11670
11679
11686
11693
11700
11702
11707
11708
11723
11725
11730
11737
11747
11748
11764
11776
11781
11782
11805
11811
11812
11817
11818
11823
11824
11834
11844
11865
11866
11873
11874
11886
11890
11891
11897
11902
11910
11918
11927
11930
11931
11940
11942
11950
11952
11955
11960
11967
11978
11983
11993
11994
12003
12012
12014
12016
12022
12025
12036
12054
12055
12070
12084
12087
12098
12100
12108
12109
12110
12114
12120
12138
12141
12146
12174
12181
12185
12188
12190
12193
12194
12200
12204
12209
12216
12219
12243
12244
12256
12259
12284
12289
12291
12305
12306
12309
12312
12314
12315
12316
12318
12320
12325
12352
12357
12370
12386
12397
12406
12409
12417
12419
12423
12426
12429
12438
12441
12443
12444
12448
12449
12453
12457
12462
12466
12487
12492
12512
12513
12530
12542
12552
12571
12574
12588
12592
12593
12601
12604
12605
12608
12613
12621
12626
12650
12651
12658
12660
12682
12687
12703
12706
12713
12715
12718
12720
12721
12733
12734
12739
12740
12741
12743
12750
12754
12762
12769
12772
12777
12780
12785
12786
12797
12801
12808
12811
12821
12822
12823
12843
12855
12858
12859
12867
12878
12887
12889
12890
12897
12901
12910
12912
12913
12923
12924
12926
12936
12937
12939
12940
12947
12955
12959
12963
12977
12983
12986
12989
12999
13010
13011
13012
13013
13020
13036
13041
13042
13047
13050
13054
13060
13062
13063
13067
13070
13110
13119
13130
13138
13140
13148
13149
13152
13155
13162
13178
13181
13182
13183
13184
13204
13208
13211
13221
13231
13235
13239
13243
13244
13246
13261
13265
13270
13282
13287
13288
13297
13301
13305
13316
13317
13321
13322
13323
13324
13337
13339
13342
13345
13349
13359
13363
13374
13383
13389
13390
13392
13393
13402
13407
13408
13418
13420
13425
13430
13434
13437
13439
13442
13449
13452
13455
13457
13458
13464
13465
13473
13480
13484
13485
13488
13506
13510
13521
13523
13530
13537
13551
13553
13556
13557
13569
13574
13577
13586
13594
13603
13613
13618
13621
13622
13624
13630
13643
13650
13652
13653
13662
13663
13664
13671
13673
13675
13681
13684
13685
13687
13688
13698
13700
13704
13705
13715
13718
13719
13723
13734
13741
13744
13746
13749
13758
13762
13768
13769
13778
13779
13781
13784
13790
13808
13823
13824
13826
13829
13830
13835
13846
13853
13858
13862
13873
13879
13884
13888
13904
13914
13917
13920
13921
13924
13928
13931
13938
13939
13941
13952
13962
13965
13974
13982
13985
13989
14005
14006
14009
14016
14020
14021
14033
14037
14038
14042
14047
14064
14070
14073
14074
14078
14085
14090
14112
14114
14115
14119
14120
14124
14125
14127
14128
14137
14143
14159
14165
14169
14171
14176
14181
14186
14187
14190
14192
14194
14195
14196
14197
14201
14222
14232
14238
14239
14249
14257
14260
14262
14264
14267
14270
14271
14277
14288
14290
14298
14310
14316
14321
14325
14327
14330
14338
14344
14348
14350
14351
14353
14358
14362
14366
14368
14387
14389
14391
14392
14401
14404
14406
14407
14409
14411
14415
14416
14417
14422
14446
14449
14450
14451
14458
14462
14465
14469
14476
14490
14491
14492
14510
14534
14548
14549
14562
14578
14581
14593
14594
14609
14611
14615
14616
14625
14630
14631
14632
14633
14642
14645
14649
14651
14654
14658
14660
14669
14671
14673
14679
14685
14688
14693
14694
14698
14699
14704
14705
14710
14714
14715
14716
14726
14730
14740
14741
14742
14751
14753
14754
14765
14772
14773
14784
14789
14792
14795
14796
14803
14805
14809
14822
14826
14827
14828
14829
14831
14835
14837
14842
14849
14853
14885
14890
14892
14896
14897
14907
14909
14910
14928
14940
14941
14954
14957
14976
14978
14979
14988
14990
14995
15000
15003
15004
15006
15007
15010
15011
15012
15016
15017
15019
15021
15023
15025
15026
15030
15031
15032
15035
15037
15039
15042
15044
15045
15047
15051
15052
15054
15056
15059
15061
15062
15063
15066
15068
15069
15070
15075
15076
15078
15080
15081
15082
15086
15087
15091
15092
15093
15095
15098
15099
15102
15103
15104
15106
15107
15110
15111
15112
15113
15114
15115
15116
15119
15120
15121
15123
15126
15128
15130
15131
15133
15136
15137
15138
15140
15141
15145
15147
15149
15151
15152
15154
15157
15158
15164
15165
15167
15170
15172
15173
15174
15175
15181
15182
15183
15187
15191
15192
15193
15195
15197
15198
15202
15209
15214
15215
15216
15217
15218
15219
15223
15236
15244
15247
15249
15251
15252
15257
15260
15262
15267
15268
15271
15277
15278
15281
15282
15288
15289
15297
15298
15299
15305
15310
15312
15317
15318
15319
15328
15333
15335
15338
15343
15347
15351
15352
15354
15355
15356
15363
15367
15370
15371
15372
15375
15378
15381
15384
15385
15387
15389
15390
15392
15394
15396
15399
15400
15402
15403
15404
15405
15408
15409
15410
15411
15415
15416
15418
15422
15426
15428
15429
15431
15432
15433
15436
15437
15438
15441
15444
15445
15446
15449
15450
15454
15455
15456
15460
15462
15465
15471
15474
15475
15478
15483
15489
15490
15491
15493
15494
15498
15502
15504
15505
15509
15510
15511
15515
15518
15520
15523
15527
15528
15529
15532
15534
15538
15541
15542
15543
15545
15547
15549
15551
15554
15557
15558
15559
15560
15561
15562
15563
15564
15566
15568
15569
15570
15571
15572
15573
15575
15587
15589
15590
15593
15595
15596
15601
15608
15609
15610
15614
15616
15621
15627
15628
15634
15635
15636
15638
15640
15642
15643
15648
15650
15652
15653
15655
15661
15664
15666
15672
15674
15676
15680
15682
15683
15684
15685
15693
15694
15695
15700
15701
15703
15704
15705
15706
15707
15708
15713
15714
15716
15717
15718
15723
15728
15729
15731
15732
15733
15737
15740
15741
15744
15745
15748
15749
15750
15751
15758
15760
15765
15766
15769
15770
15771
15772
15773
15775
15777
15781
15782
15783
15789
15790
15795
15800
15801
15803
15804
15813
15814
15817
15821
15823
15825
15839
15840
15841
15842
15843
15846
15853
15854
15856
15857
15858
15862
15865
15870
15876
15878
15880
15881
15886
15888
15889
15890
15891
15892
15893
15894
15898
15900
15901
15904
15906
15910
15912
15913
15915
15917
15918
15925
15927
15935
15936
15937
15938
15940
15942
15943
15946
15947
15949
15950
15951
15954
15955
15956
15958
15959
15966
15967
15970
15974
15980
15981
15984
15996
15997
15998
15999
16000
16001
16002
16003
16005
16011
16015
16017
16019
16020
16022
16023
16027
16030
16033
16045
16047
16048
16049
16051
16052
16057
16061
16062
16063
16065
16071
16072
16077
16078
16085
16088
16090
16097
16099
16100
16104
16105
16106
16110
16112
16113
16114
16120
16121
16124
16128
16133
16136
16140
16141
16143
16144
16145
16148
16149
16151
16155
16157
16160
16161
16163
16165
16166
16167
16169
16172
16173
16175
16180
16185
16186
16187
16188
16189
16190
16193
16195
16200
16201
16202
16205
16206
16207
16208
16211
16213
16214
16218
16220
16222
16226
16229
16230
16231
16233
16234
16237
16238
16242
16243
16244
16246
16247
16249
16251
16253
16254
16255
16256
16260
16263
16264
16265
16267
16268
16270
16273
16274
16275
16277
16278
16280
16281
16282
16287
16288
16289
16295
16297
16299
16304
16307
16309
16317
16320
16321
16322
16324
16326
16331
16336
16338
16339
16340
16341
16346
16348
16349
16353
16354
16359
16361
16362
16363
16364
16367
16368
16371
16379
16382
16383
16385
16390
16391
16392
16393
16394
16395
16396
16398
16399
16402
16405
16406
16410
16411
16412
16413
16414
16422
16425
16427
16429
16431
16435
16436
16437
16443
16455
16458
16459
16464
16470
16472
16475
16477
16479
16481
16482
16483
16484
16490
16491
16492
16493
16495
16498
16499
16501
16503
16504
16505
16506
16508
16509
16511
16514
16515
16517
16519
16521
16522
16523
16524
16526
16528
16530
16536
16541
16542
16544
16548
16549
16550
16551
16552
16554
16558
16559
16561
16562
16563
16564
16569
16570
16572
16574
16575
16581
16582
16583
16590
16594
16596
16597
16598
16604
16606
16608
16609
16610
16611
16613
16614
16615
16617
16618
16621
16622
16629
16630
16631
16633
16635
16638
16640
16644
16645
16647
16649
16651
16657
16660
16663
16665
16667
16672
16673
16675
16677
16678
16679
16682
16684
16686
16689
16696
16698
16699
16701
16707
16708
16710
16712
16713
16714
16715
16717
16720
16724
16725
16726
16727
16728
16731
16732
16733
16735
16736
16738
16740
16745
16746
16748
16749
16750
16753
16754
16755
16756
16761
16762
16764
16765
16766
16770
16780
16782
16786
16789
16790
16791
16792
16798
16799
16801
16802
16803
16804
16805
16808
16810
16816
16819
16821
16822
16824
16825
16828
16829
16831
16832
16836
16840
16841
16842
16843
16845
16850
16851
16861
16864
16866
16871
16877
16878
16880
16883
16885
16888
16889
16896
16904
16909
16910
16912
16914
16919
16923
16925
16927
16931
16933
16939
16940
16946
16949
16950
16952
16957
16960
16961
16962
16967
16969
16970
16977
16984
16992
16993
16995
16998
17002
17003
17004
17006
17008
17012
17015
17016
17021
17024
17025
17028
17032
17034
17035
17036
17038
17040
17044
17045
17046
17047
17048
17050
17051
17053
17055
17059
17061
17066
17072
17073
17075
17078
17086
17088
17089
17091
17094
17096
17100
17101
17103
17104
17105
17108
17110
17116
17117
17119
17121
17122
17126
17129
17132
17138
17140
17141
17143
17147
17149
17150
17151
17155
17157
17164
17165
17170
17176
17180
17184
17185
17186
17187
17189
17190
17191
17192
17194
17195
17203
17208
17209
17212
17215
17217
17227
17231
17232
17234
17237
17241
17244
17247
17248
17249
17250
17253
17261
17262
17263
17264
17265
17268
17271
17277
17278
17280
17282
17287
17292
17293
17294
17295
17297
17301
17302
17306
17308
17309
17310
17312
17316
17322
17323
17324
17328
17330
17335
17336
17341
17343
17346
17348
17354
17355
17358
17362
17366
17369
17370
17373
17376
17381
17383
17385
17386
17388
17393
17394
17402
17404
17405
17406
17411
17415
17417
17418
17428
17429
17432
17433
17437
17442
17448
17450
17452
17456
17463
17466
17467
17478
17481
17483
17484
17485
17494
17495
17499
17502
17504
17507
17508
17510
17511
17512
17513
17515
17517
17521
17522
17526
17529
17530
17532
17534
17540
17541
17545
17547
17548
17551
17553
17557
17561
17564
17566
17568
17570
17571
17573
17579
17580
17581
17582
17585
17587
17595
17598
17600
17623
17627
17630
17632
17634
17637
17638
17640
17641
17645
17648
17650
17652
17654
17655
17657
17660
17663
17666
17667
17668
17669
17672
17675
17676
17678
17679
17683
17685
17686
17687
17690
17691
17697
17700
17701
17702
17704
17707
17708
17709
17710
17712
17721
17722
17723
17724
17725
17726
17727
17729
17730
17732
17734
17735
17737
17738
17739
17752
17755
17756
17757
17759
17762
17763
17764
17767
17770
17771
17772
17774
17779
17786
17788
17793
17794
17795
17799
17801
17805
17806
17807
17809
17814
17817
17818
17821
17823
17825
17826
17827
17829
17830
17831
17834
17836
17838
17846
17848
17849
17852
17855
17856
17857
17859
17864
17867
17868
17869
17870
17871
17875
17879
17882
17886
17890
17895
17899
17900
17901
17904
17915
17917
17918
17919
17923
17927
17931
17933
17934
17937
17940
17942
17943
17946
17948
17950
17951
17953
17955
17956
17958
17959
17960
17963
17967
17968
17969
17972
17976
17978
17979
17980
17981
17985
17986
17988
17990
17996
17997
18000
18002
18003
18004
18007
18008
18010
18015
18016
18018
18022
18026
18028
18029
18030
18031
18032
18033
18037
18038
18041
18043
18044
18045
18047
18049
18050
18052
18054
18055
18057
18058
18066
18067
18068
18069
18070
18071
18074
18075
18076
18077
18080
18081
18082
18084
18085
18087
18088
18090
18091
18095
18096
18097
18100
18101
18103
18108
18110
18113
18114
18115
18116
18122
18123
18124
18125
18126
18131
18132
18134
18135
18136
18137
18138
18139
18142
18143
18145
18146
18147
18149
18150
18161
18171
18172
18174
18176
18177
18180
18182
18184
18186
18188
18190
18191
18193
18196
18198
18200
18202
18204
18206
18209
18218
18221
18222
18224
18225
18228
18229
18230
18232
18239
18240
18241
18243
18250
18253
18254
18256
18258
18259
18261
18264
18265
18267
18268
18270
18272
18274
18281
18283
18285
18289
18290
18292
18294
18298
18300
18302
18304
18307
18309
18310
18314
18321
18328
18330
18331
18333
18335
18337
18339
18341
18342
18347
18350
18351
18353
18356
18360
18366
18373
18378
18384
18387
18391
18392
18394
18395
18399
18400
18401
18402
18404
18405
18407
18411
18414
18416
18417
18418
18421
18422
18423
18427
18428
18430
18431
18433
18437
18441
18442
18443
18446
18447
18449
18450
18451
18452
18453
18456
18458
18463
18468
18469
18470
18472
18476
18477
18483
18484
18486
18487
18489
18494
18495
18496
18497
18498
18501
18507
18513
18517
18518
18519
18522
18525
18527
18528
18529
18530
18534
18536
18540
18541
18543
18545
18554
18561
18562
18567
18568
18569
18575
18578
18579
18580
18583
18584
18586
18588
18590
18594
18595
18596
18597
18600
18602
18603
18604
18609
18613
18614
18616
18621
18622
18624
18627
18631
18632
18634
18640
18642
18643
18644
18650
18653
18656
18658
18663
18665
18667
18672
18676
18678
18679
18680
18682
18684
18685
18686
18690
18692
18695
18697
18698
18699
18703
18708
18709
18714
18715
18719
18726
18729
18731
18732
18739
18745
18747
18749
18753
18757
18759
18760
18763
18767
18770
18774
18775
18777
18778
18782
18783
18784
18785
18786
18787
18788
18800
18801
18802
18803
18807
18808
18809
18813
18819
18821
18822
18826
18831
18832
18833
18834
18835
18839
18842
18844
18845
18848
18849
18850
18851
18858
18860
18862
18864
18865
18867
18871
18876
18878
18879
18883
18886
18887
18888
18889
18891
18892
18900
18904
18908
18910
18912
18913
18923
18924
18928
18933
18934
18937
18938
18942
18947
18949
18952
18955
18956
18957
18958
18964
18967
18969
18971
18972
18975
18976
18978
18981
18983
18984
18985
18986
18988
18991
18992
18994
18995
18998
19000
19001
19003
19008
19013
19016
19021
19023
19025
19027
19028
19029
19030
19032
19033
19037
19041
19043
19044
19046
19047
19048
19057
19058
19059
19062
19070
19074
19075
19079
19081
19089
19090
19094
19095
19100
19102
19103
19105
19106
19107
19109
19112
19115
19116
19117
19119
19121
19122
19125
19130
19132
19133
19136
19137
19138
19141
19146
19148
19154
19155
19156
19157
19161
19162
19163
19164
19166
19167
19169
19170
19175
19176
19177
19181
19182
19183
19192
19199
19207
19208
19211
19212
19215
19218
19219
19221
19226
19227
19230
19232
19233
19234
19237
19238
19241
19246
19254
19255
19256
19261
19262
19264
19265
19267
19269
19272
19273
19277
19278
19279
19282
19283
19287
19288
19290
19293
19297
19298
19299
19300
19303
19305
19306
19310
19311
19313
19317
19320
19322
19328
19329
19331
19336
19338
19339
19341
19347
19348
19350
19353
19354
19355
19356
19357
19361
19363
19365
19366
19367
19369
19371
19376
19380
19383
19384
19389
19390
19394
19397
19399
19402
19410
19411
19412
19415
19416
19418
19421
19424
19425
19430
19432
19434
19439
19440
19442
19443
19449
19451
19452
19457
19458
19459
19461
19464
19465
19466
19467
19468
19469
19471
19472
19477
19478
19481
19483
19486
19496
19499
19500
19503
19504
19509
19513
19515
19517
19518
19519
19524
19528
19529
19530
19532
19534
19535
19538
19539
19541
19542
19545
19546
19550
19554
19555
19556
19557
19565
19568
19576
19578
19579
19585
19586
19587
19588
19594
19595
19596
19597
19600
19603
19607
19609
19610
19611
19613
19617
19618
19619
19620
19621
19624
19627
19628
19633
19635
19636
19642
19646
19647
19652
19653
19654
19658
19659
19660
19661
19663
19664
19666
19668
19669
19679
19680
19683
19685
19687
19691
19693
19696
19698
19700
19703
19707
19709
19711
19713
19714
19715
19716
19721
19724
19726
19727
19729
19732
19734
19735
19737
19739
19740
19743
19744
19747
19749
19753
19755
19760
19761
19763
19764
19769
19775
19777
19779
19780
19781
19782
19783
19785
19786
19792
19794
19795
19796
19798
19799
19806
19807
19813
19817
19819
19820
19821
19822
19824
19827
19835
19836
19837
19838
19845
19850
19852
19856
19857
19859
19860
19862
19867
19868
19871
19873
19874
19876
19877
19878
19879
19881
19883
19885
19886
19887
19888
19891
19893
19894
19895
19897
19898
19899
19900
19902
19905
19908
19910
19911
19912
19915
19916
19919
19920
19921
19922
19923
19925
19927
19928
19929
19931
19936
19941
19943
19948
19951
19954
19955
19956
19958
19961
19963
19966
19967
19969
19972
19973
19974
19978
19979
19981
19982
19983
19994
19998
20002
20004
20007
20009
20010
20011
20016
20021
20023
20027
20031
20032
20033
20034
20035
20036
20042
20043
20047
20048
20049
20052
20055
20058
20059
20061
20068
20072
20074
20080
20086
20087
20089
20091
20093
20094
20095
20101
20102
20105
20109
20112
20116
20127
20134
20138
20140
20143
20145
20149
20150
20159
20160
20165
20166
20168
20171
20174
20179
20181
20182
20184
20200
20204
20205
20209
20212
20217
20222
20223
20224
20227
20228
20231
20232
20239
20245
20246
20250
20253
20255
20258
20260
20261
20265
20276
20283
20286
20288
20293
20299
20300
20301
20302
20304
20307
20308
20309
20313
20314
20321
20322
20330
20331
20332
20337
20342
20346
20349
20350
20356
20357
20360
20362
20363
20367
20369
20377
20380
20382
20383
20393
20394
20395
20396
20400
20402
20405
20409
20417
20423
20429
20431
20438
20439
20447
20449
20453
20455
20456
20457
20459
20463
20465
20468
20471
20475
20478
20481
20482
20485
20487
20492
20495
20496
20498
20514
20518
20519
20520
20521
20526
20527
20536
20539
20541
20542
20543
20546
20553
20554
20556
20557
20559
20566
20568
20570
20575
20576
20581
20583
20588
20593
20594
20599
20600
20603
20604
20605
20608
20612
20616
20618
20625
20628
20633
20634
20646
20647
20651
20652
20662
20664
20668
20669
20674
20678
20686
20690
20691
20692
20693
20697
20698
20702
20705
20710
20711
20712
20716
20719
20721
20722
20724
20726
20729
20730
20732
20733
20740
20741
20743
20746
20747
20748
20751
20754
20759
20761
20772
20774
20779
20783
20784
20785
20787
20789
20793
20800
20804
20805
20812
20814
20815
20818
20830
20832
20833
20837
20839
20840
20842
20843
20844
20848
20849
20853
20854
20855
20856
20857
20858
20861
20862
20864
20865
20867
20869
20871
20875
20876
20878
20882
20883
20884
20885
20888
20889
20892
20897
20903
20905
20909
20910
20911
20914
20921
20926
20927
20933
20937
20940
20945
20946
20955
20956
20958
20959
20961
20962
20964
20967
20969
20978
20979
20980
20987
20994
20995
20999
21009
21012
21013
21016
21022
21023
21024
21025
21028
21031
21033
21035
21042
21046
21047
21048
21049
21053
21055
21059
21060
21062
21064
21065
21066
21073
21075
21076
21079
21082
21086
21087
21088
21092
21097
21098
21099
21105
21106
21112
21117
21119
21121
21122
21123
21125
21126
21129
21133
21134
21136
21137
21139
21142
21144
21145
21148
21158
21162
21163
21168
21170
21180
21181
21183
21185
21186
21191
21202
21208
21209
21210
21217
21219
21224
21225
21227
21230
21232
21234
21235
21236
21237
21239
21243
21246
21260
21262
21267
21268
21272
21275
21276
21281
21282
21286
21291
21293
21296
21299
21301
21304
21306
21312
21313
21314
21315
21316
21321
21322
21323
21326
21328
21330
21335
21342
21345
21347
21350
21353
21354
21355
21356
21359
21361
21366
21373
21376
21377
21381
21382
21383
21384
21389
21390
21392
21394
21398
21400
21410
21412
21413
21414
21415
21417
21421
21422
21425
21426
21429
21432
21433
21435
21440
21446
21449
21450
21451
21454
21455
21456
21459
21473
21478
21486
21488
21489
21491
21493
21494
21497
21498
21499
21502
21503
21513
21514
21515
21524
21526
21535
21539
21546
21551
21553
21558
21562
21565
21566
21576
21579
21581
21584
21585
21591
21594
21600
21602
21604
21608
21611
21612
21619
21621
21627
21634
21638
21641
21642
21644
21647
21649
21661
21663
21665
21668
21672
21676
21685
21687
21694
21696
21697
21703
21708
21710
21711
21720
21723
21726
21731
21732
21740
21742
21744
21745
21750
21757
21761
21766
21779
21785
21788
21790
21792
21793
21795
21796
21805
21807
21808
21813
21818
21820
21821
21824
21826
21827
21828
21829
21834
21835
21836
21837
21839
21841
21842
21846
21851
21853
21857
21859
21861
21863
21868
21870
21877
21879
21881
21883
21885
21887
21888
21890
21891
21892
21897
21900
21901
21903
21904
21905
21907
21910
21913
21915
21921
21922
21923
21924
21925
21928
21931
21932
21934
21941
21942
21944
21945
21946
21950
21956
21958
21960
21961
21963
21964
21966
21978
21979
21982
21985
21987
21988
21990
21992
21993
21995
22002
22004
22009
22012
22019
22021
22027
22028
22029
22030
22033
22039
22040
22042
22043
22044
22048
22056
22057
22058
22059
22060
22061
22063
22065
22066
22070
22076
22078
22079
22080
22082
22083
22093
22097
22099
22101
22102
22103
22105
22117
22118
22120
22124
22127
22128
22129
22135
22138
22140
22142
22144
22148
22157
22161
22162
22164
22165
22166
22174
22176
22177
22181
22182
22183
22184
22185
22188
22192
22193
22195
22196
22198
22199
22207
22208
22209
22214
22217
22221
22223
22224
22227
22237
22244
22251
22252
22254
22255
22260
22261
22262
22266
22268
22269
22273
22278
22282
22286
22289
22291
22296
22299
22302
22303
22304
22305
22308
22309
22312
22314
22315
22319
22320
22322
22324
22332
22337
22340
22345
22346
22347
22349
22351
22352
22353
22354
22355
22358
22360
22361
22362
22365
22376
22378
22380
22382
22383
22384
22385
22387
22393
22396
22398
22406
22407
22412
22414
22417
22420
22422
22423
22424
22425
22426
22427
22433
22446
22449
22453
22458
22459
22462
22464
22465
22473
22475
22478
22481
22490
22493
22498
22499
22500
22501
22505
22507
22508
22509
22514
22517
22522
22524
22525
22526
22527
22528
22529
22530
22531
22535
22536
22540
22541
22549
22553
22554
22555
22556
22557
22558
22563
22567
22569
22570
22571
22573
22574
22575
22577
22578
22581
22582
22587
22590
22591
22596
22597
22601
22602
22609
22610
22611
22613
22615
22627
22633
22636
22637
22639
22640
22648
22651
22652
22653
22654
22655
22666
22674
22675
22681
22683
22685
22686
22687
22688
22689
22692
22697
22700
22702
22707
22708
22714
22721
22728
22743
22744
22747
22749
22754
22757
22759
22765
22767
22779
22780
22781
22795
22796
22801
22802
22804
22810
22815
22816
22820
22825
22830
22834
22844
22845
22853
22860
22863
22865
22867
22868
22869
22870
22872
22876
22878
22879
22881
22887
22896
22897
22900
22901
22902
22904
22905
22912
22917
22925
22928
22930
22934
22940
22948
22951
22952
22954
22959
22964
22968
22969
22971
22974
22981
22982
22983
22984
22986
22987
22988
22989
22991
22993
22998
23003
23006
23011
23013
23019
23022
23026
23033
23034
23035
23037
23052
23053
23054
23055
23056
23065
23069
23072
23073
23075
23079
23081
23082
23091
23093
23096
23097
23099
23102
23105
23109
23110
23113
23114
23115
23116
23119
23121
23124
23126
23128
23134
23137
23138
23139
23140
23144
23145
23147
23150
23155
23159
23161
23165
23166
23170
23171
23172
23174
23179
23181
23183
23185
23186
23188
23190
23191
23196
23197
23198
23200
23202
23203
23207
23210
23217
23218
23220
23224
23231
23233
23236
23238
23242
23243
23253
23254
23255
23258
23265
23276
23280
23284
23286
23288
23290
23292
23293
23297
23298
23302
23304
23305
23309
23310
23312
23316
23320
23330
23334
23336
23337
23341
23342
23344
23352
23353
23354
23356
23361
23363
23364
23367
23374
23376
23381
23385
23389
23391
23392
23394
23396
23397
23399
23401
23402
23404
23415
23417
23418
23420
23422
23424
23428
23429
23434
23435
23437
23450
23453
23455
23459
23463
23464
23465
23466
23467
23469
23480
23483
23484
23488
23491
23492
23493
23494
23497
23499
23501
23502
23507
23509
23511
23515
23516
23518
23522
23527
23531
23533
23534
23536
23541
23545
23552
23554
23556
23558
23559
23564
23565
23567
23573
23574
23578
23587
23592
23593
23594
23602
23604
23609
23612
23625
23628
23629
23632
23643
23650
23657
23660
23663
23670
23672
23676
23684
23687
23689
23691
23693
23695
23697
23698
23702
23704
23710
23715
23720
23723
23726
23741
23744
23746
23748
23749
23751
23752
23754
23755
23763
23766
23768
23773
23778
23780
23783
23786
23791
23793
23795
23798
23805
23807
23810
23811
23813
23814
23815
23816
23819
23822
23844
23852
23853
23855
23862
23866
23867
23869
23873
23877
23884
23886
23887
23888
23892
23897
23908
23911
23915
23919
23921
23925
23929
23931
23934
23935
23937
23941
23946
23948
23949
23951
23952
23956
23957
23959
23960
23968
23969
23975
23978
23979
23980
23987
23990
23993
23994
23997
23998
24000
24006
24008
24015
24021
24023
24032
24040
24043
24045
24046
24051
24062
24064
24067
24071
24076
24081
24083
24084
24093
24095
24115
24118
24119
24121
24122
24124
24127
24128
24131
24135
24139
24143
24145
24146
24148
24149
24150
24160
24165
24166
24171
24172
24173
24181
24188
24196
24198
24199
24208
24209
24210
24222
24223
24231
24238
24240
24245
24249
24250
24256
24264
24266
24267
24273
24274
24275
24279
24283
24285
24287
24288
24294
24295
24303
24311
24314
24320
24323
24324
24331
24332
24333
24335
24337
24348
24349
24351
24356
24358
24361
24364
24366
24377
24382
24384
24386
24388
24391
24396
24397
24407
24413
24420
24423
24424
24426
24430
24432
24434
24440
24441
24447
24450
24454
24457
24462
24467
24468
24471
24478
24479
24481
24483
24484
24486
24488
24490
24491
24500
24502
24503
24505
24509
24518
24521
24522
24528
24530
24536
24538
24539
24540
24541
24545
24549
24554
24555
24557
24562
24563
24566
24567
24572
24577
24582
24587
24589
24591
24596
24597
24601
24611
24614
24615
24616
24617
24622
24624
24625
24626
24627
24628
24629
24634
24638
24646
24647
24649
24650
24654
24656
24659
24660
24661
24676
24680
24681
24683
24688
24690
24691
24693
24696
24697
24701
24704
24705
24707
24710
24714
24717
24718
24719
24720
24725
24731
24735
24737
24739
24740
24744
24748
24750
24753
24757
24759
24765
24766
24767
24768
24771
24774
24777
24779
24781
24788
24793
24796
24800
24802
24803
24807
24808
24811
24812
24813
24814
24816
24820
24825
24834
24837
24838
24844
24852
24855
24856
24860
24861
24865
24866
24873
24874
24875
24878
24879
24880
24881
24882
24883
24890
24891
24892
24895
24898
24900
24901
24904
24905
24906
24913
24914
24915
24919
24920
24921
24923
24931
24933
24942
24955
24956
24961
24963
24964
24966
24971
24972
24978
24979
24982
24983
24984
24986
24987
24996
24998
24999
25000
25001
25004
25007
25008
25019
25020
25023
25024
25026
25032
25036
25038
25039
25044
25045
25050
25051
25052
25054
25055
25068
25069
25073
25075
25077
25091
25094
25099
25108
25112
25114
25116
25118
25124
25125
25126
25141
25143
25144
25149
25151
25153
25154
25156
25157
25161
25164
25165
25167
25169
25176
25177
25180
25181
25184
25185
25187
25189
25203
25205
25206
25217
25221
25231
25235
25242
25243
25258
25259
25260
25262
25263
25264
25265
25268
25272
25277
25278
25285
25286
25290
25296
25300
25303
25309
25314
25315
25316
25321
25323
25326
25329
25334
25335
25337
25339
25341
25342
25347
25351
25353
25355
25356
25358
25359
25363
25365
25368
25374
25375
25379
25383
25386
25387
25394
25395
25396
25398
25400
25412
25413
25414
25417
25421
25422
25423
25431
25435
25437
25449
25455
25456
25458
25461
25463
25464
25467
25470
25471
25472
25475
25477
25478
25481
25483
25485
25487
25489
25494
25496
25497
25498
25502
25504
25511
25512
25514
25516
25517
25520
25528
25530
25533
25534
25537
25543
25544
25546
25547
25551
25552
25553
25556
25558
25561
25563
25565
25569
25570
25571
25572
25574
25575
25576
25577
25581
25582
25584
25589
25591
25600
25604
25612
25615
25617
25619
25620
25621
25623
25624
25625
25629
25631
25633
25640
25641
25644
25647
25649
25653
25666
25667
25669
25671
25674
25675
25678
25681
25682
25688
25694
25700
25705
25712
25715
25717
25721
25722
25732
25733
25735
25736
25738
25743
25746
25751
25757
25759
25763
25766
25767
25781
25785
25787
25788
25799
25805
25806
25808
25816
25817
25818
25819
25820
25821
25826
25827
25829
25831
25833
25834
25838
25851
25852
25856
25860
25861
25863
25864
25869
25870
25874
25880
25884
25885
25886
25900
25901
25903
25904
25913
25914
25915
25920
25921
25925
25933
25936
25937
25943
25946
25953
25955
25956
25965
25966
25969
25975
25977
25979
25980
25981
25983
25985
25986
25991
25994
25996
25997
25999
26000
26004
26012
26016
26030
26036
26039
26040
26044
26048
26049
26053
26054
26055
26057
26058
26060
26061
26063
26064
26069
26070
26071
26072
26076
26079
26080
26081
26083
26091
26092
26095
26100
26101
26103
26107
26109
26113
26122
26124
26131
26132
26133
26135
26137
26138
26142
26144
26149
26150
26151
26154
26157
26162
26163
26167
26171
26172
26175
26182
26189
26191
26199
26202
26214
26217
26220
26223
26224
26232
26234
26237
26239
26244
26247
26248
26252
26255
26260
26264
26265
26267
26269
26271
26275
26277
26286
26288
26299
26300
26302
26307
26312
26319
26320
26322
26324
26329
26330
26335
26337
26338
26342
26347
26348
26351
26352
26353
26356
26358
26360
26367
26368
26373
26375
26381
26383
26385
26391
26396
26400
26404
26407
26417
26419
26428
26430
26435
26437
26438
26440
26447
26448
26450
26452
26453
26454
26456
26464
26465
26467
26468
26474
26479
26481
26485
26487
26496
26499
26505
26506
26508
26509
26510
26513
26516
26523
26527
26528
26530
26532
26533
26543
26548
26555
26563
26575
26577
26581
26582
26591
26592
26593
26599
26602
26605
26608
26610
26612
26616
26617
26620
26621
26622
26623
26633
26635
26636
26638
26641
26642
26645
26646
26652
26654
26658
26665
26668
26669
26670
26672
26675
26677
26679
26688
26692
26695
26700
26702
26706
26707
26710
26711
26713
26714
26721
26724
26728
26730
26731
26733
26740
26741
26747
26752
26753
26757
26761
26762
26769
26770
26776
26779
26780
26781
26783
26787
26790
26791
26793
26797
26798
26801
26806
26813
26817
26822
26828
26830
26834
26839
26844
26847
26853
26858
26864
26865
26868
26870
26871
26873
26875
26877
26878
26879
26880
26881
26882
26883
26884
26885
26887
26888
26898
26900
26902
26906
26907
26911
26912
26917
26919
26922
26923
26930
26933
26934
26936
26939
26941
26943
26944
26947
26951
26952
26954
26955
26960
26964
26969
26972
26977
26978
26979
26993
26994
26998
27005
27008
27011
27012
27014
27017
27018
27020
27022
27023
27024
27025
27028
27030
27031
27032
27034
27035
27037
27038
27039
27045
27046
27047
27054
27055
27058
27059
27061
27062
27064
27065
27070
27071
27072
27076
27082
27091
27095
27096
27100
27104
27107
27110
27113
27115
27116
27120
27122
27127
27133
27138
27139
27146
27148
27154
27155
27156
27160
27178
27181
27183
27192
27202
27203
27206
27208
27210
27212
27217
27221
27226
27228
27232
27233
27237
27243
27244
27246
27252
27262
27267
27271
27274
27277
27278
27284
27289
27290
27301
27302
27305
27307
27312
27313
27315
27317
27321
27322
27323
27325
27328
27330
27331
27334
27335
27339
27340
27342
27345
27346
27353
27356
27358
27360
27361
27377
27382
27384
27392
27394
27396
27397
27400
27404
27405
27414
27415
27416
27420
27421
27422
27425
27430
27431
27434
27437
27442
27444
27445
27446
27447
27450
27451
27453
27456
27457
27463
27465
27467
27468
27475
27481
27492
27493
27495
27496
27497
27505
27506
27516
27519
27527
27528
27529
27533
27537
27544
27546
27547
27552
27555
27565
27567
27568
27570
27574
27576
27579
27584
27585
27587
27590
27593
27596
27598
27600
27602
27607
27610
27613
27614
27621
27622
27624
27625
27626
27628
27629
27631
27632
27637
27639
27640
27642
27643
27644
27645
27646
27664
27665
27673
27674
27677
27679
27681
27686
27687
27688
27690
27691
27705
27716
27717
27718
27719
27720
27733
27735
27738
27741
27743
27747
27748
27749
27752
27755
27762
27766
27767
27775
27777
27782
27798
27800
27802
27803
27814
27815
27817
27820
27821
27824
27827
27828
27829
27831
27834
27836
27843
27844
27845
27846
27847
27848
27850
27851
27854
27857
27888
27896
27899
27903
27907
27911
27912
27916
27918
27919
27925
27930
27935
27941
27943
27952
27953
27955
27957
27962
27964
27966
27967
27971
27975
27976
27977
27980
27985
27989
27993
27995
27996
28000
28002
28003
28005
28006
28008
28009
28014
28017
28018
28020
28026
28031
28032
28034
28035
28038
28040
28043
28046
28049
28051
28052
28054
28056
28062
28063
28065
28068
28070
28072
28077
28078
28085
28086
28088
28100
28102
28104
28106
28107
28114
28115
28116
28119
28121
28126
28128
28133
28140
28144
28145
28146
28147
28151
28153
28167
28169
28171
28174
28177
28182
28183
28187
28193
28195
28200
28202
28205
28207
28208
28209
28211
28213
28216
28221
28229
28232
28233
28238
28244
28247
28251
28253
28255
28257
28259
28262
28264
28266
28271
28277
28278
28282
28284
28291
28300
28304
28306
28307
28309
28312
28316
28323
28330
28334
28340
28341
28347
28349
28354
28355
28356
28357
28361
28363
28375
28384
28385
28386
28388
28390
28395
28396
28398
28399
28403
28406
28411
28412
28425
28428
28431
28432
28434
28435
28448
28452
28454
28455
28456
28459
28466
28467
28470
28471
28476
28477
28479
28481
28484
28485
28492
28504
28506
28509
28511
28512
28513
28515
28522
28523
28525
28526
28528
28530
28533
28534
28540
28544
28547
28550
28561
28563
28564
28568
28570
28572
28573
28583
28586
28587
28589
28591
28601
28604
28606
28612
28615
28618
28628
28631
28636
28640
28645
28648
28651
28653
28659
28662
28665
28668
28670
28674
28676
28680
28682
28683
28686
28687
28688
28701
28706
28708
28710
28711
28712
28714
28725
28734
28735
28740
28743
28747
28750
28752
28753
28754
28755
28757
28758
28763
28768
28769
28772
28778
28786
28787
28793
28801
28802
28803
28813
28819
28822
28823
28824
28825
28827
28829
28830
28832
28841
28845
28847
28853
28854
28856
28866
28870
28871
28875
28879
28883
28886
28887
28892
28894
28896
28901
28903
28909
28910
28914
28915
28916
28920
28924
28931
28932
28935
28937
28938
28941
28942
28948
28950
28951
28952
28954
28958
28963
28966
28967
28969
28972
28978
28981
28984
28987
28988
28990
28993
28996
29003
29006
29010
29015
29017
29031
29035
29036
29038
29043
29044
29045
29048
29054
29061
29063
29071
29074
29082
29083
29086
29088
29090
29093
29097
29098
29100
29104
29108
29111
29116
29117
29118
29120
29124
29127
29131
29137
29139
29142
29152
29154
29157
29163
29166
29168
29172
29176
29179
29182
29183
29189
29192
29197
29198
29200
29201
29204
29208
29211
29215
29217
29219
29220
29226
29232
29234
29238
29240
29245
29250
29252
29255
29259
29262
29263
29270
29271
29273
29277
29279
29284
29285
29289
29292
29295
29317
29319
29321
29323
29327
29332
29333
29339
29342
29344
29358
29359
29364
29365
29366
29374
29376
29378
29379
29380
29382
29384
29385
29386
29387
29389
29393
29397
29398
29401
29408
29411
29413
29414
29417
29419
29421
29423
29425
29430
29432
29433
29435
29438
29442
29446
29448
29449
29452
29455
29456
29457
29461
29462
29467
29468
29471
29472
29473
29480
29485
29487
29489
29490
29497
29498
29502
29504
29506
29507
29511
29513
29514
29519
29520
29523
29536
29537
29539
29540
29542
29543
29545
29546
29547
29548
29550
29552
29557
29559
29560
29561
29562
29563
29565
29566
29571
29576
29582
29586
29588
29589
29590
29598
29603
29605
29606
29609
29612
29616
29618
29627
29628
29635
29636
29640
29644
29648
29650
29651
29653
29654
29655
29656
29657
29666
29667
29668
29670
29672
29675
29680
29688
29690
29694
29695
29696
29697
29705
29706
29707
29709
29710
29711
29718
29721
29743
29745
29752
29753
29756
29762
29766
29772
29776
29781
29783
29794
29795
29799
29801
29804
29807
29810
29820
29829
29833
29837
29840
29842
29843
29849
29854
29858
29860
29865
29873
29874
29879
29881
29885
29889
29905
29920
29922
29924
29930
29935
29940
29941
29950
29957
29958
29964
29970
29974
29975
29977
29979
29983
29984
29988
29990
29994
29996
29998
30004
30035
30048
30050
30072
30087
30098
30111
30130
30145
30213
30247
30250
30261
30291
30320
30352
30370
30382
30425
30437
30448
30457
30465
30472
30485
30508
30512
30539
30543
30577
30581
30646
30650
30653
30656
30665
30676
30678
30689
30697
30714
30761
30784
30809
30863
30905
30906
30931
30937
30947
30977
30982
30998
31002
31004
31021
31040
31048
31081
31093
31111
31112
31114
31138
31165
31168
31175
31191
31201
31209
31217
31228
31237
31249
31254
31291
31296
31308
31314
31315
31332
31345
31347
31375
31399
31401
31459
31486
31507
31509
31529
31530
31533
31571
31575
31618
31620
31632
31636
31658
31676
31677
31696
31708
31718
31739
31740
31776
31785
31805
31807
31813
31863
31870
31887
31896
31971
31981
31983
31997
32018
32036
32048
32058
32069
32074
32075
32080
32086
32099
32127
32154
32184
32186
32253
32264
32273
32306
32307
32337
32355
32367
32390
32396
32403
32432
32449
32456
32465
32478
32483
32522
32550
32561
32565
32588
32603
32605
32609
32610
32612
32636
32642
32675
32686
32689
32696
32735
32764
32778
32816
32827
32910
32915
32948
32954
32958
32960
32970
32972
32973
32983
32997
33006
33023
33033
33059
33061
33065
33072
33115
33126
33128
33133
33141
33146
33148
33156
33168
33208
33212
33287
33301
33352
33357
33363
33366
33381
33385
33386
33404
33438
33440
33468
33473
33481
33503
33513
33518
33526
33557
33585
33605
33607
33640
33645
33682
33699
33743
33752
33767
33806
33822
33834
33847
33860
33888
33892
33894
33896
33904
33915
33929
33941
33955
33967
34039
34059
34089
34097
34136
34140
34192
34203
34208
34216
34217
34226
34263
34265
34280
34286
34299
34306
34326
34334
34350
34362
34420
34421
34424
34434
34505
34512
34525
34557
34565
34574
34577
34592
34628
34648
34663
34668
34726
34727
34729
34741
34776
34787
34839
34885
34895
34930
34960
34970
34978
35010
35014
35020
35042
35043
35050
35067
35069
35070
35078
35080
35084
35085
35096
35100
35101
35116
35126
35133
35142
35151
35167
35170
35174
35181
35184
35190
35194
35210
35237
35239
35249
35257
35258
35265
35274
35275
35281
35290
35302
35327
35328
35336
35346
35350
35352
35366
35388
35392
35405
35408
35416
35424
35430
35434
35443
35448
35449
35456
35486
35492
35498
35506
35514
35517
35518
35519
35520
35534
35535
35546
35569
35574
35576
35577
35579
35580
35597
35601
35606
35619
35621
35657
35678
35681
35685
35705
35708
35709
35711
35724
35746
35773
35783
35786
35809
35827
35837
35841
35850
35855
35863
35877
35881
35889
35890
35899
35902
35908
35933
35940
35957
35961
35964
35969
35981
35990
35991
35999
36002
36006
36033
36037
36047
36048
36049
36052
36053
36068
36075
36112
36114
36132
36137
36140
36146
36149
36156
36159
36178
36187
36189
36190
36195
36228
36235
36236
36257
36281
36292
36293
36294
36314
36327
36329
36334
36342
36363
36374
36377
36406
36413
36415
36423
36425
36433
36447
36449
36450
36466
36476
36481
36493
36513
36515
36518
36519
36521
36531
36535
36540
36548
36577
36581
36587
36594
36606
36634
36636
36638
36639
36643
36644
36651
36653
36663
36665
36667
36687
36696
36697
36703
36707
36708
36712
36722
36725
36740
36745
36759
36782
36787
36791
36803
36805
36807
36834
36852
36866
36873
36885
36891
36893
36899
36900
36905
36909
36912
36916
36921
36926
36932
36951
36961
36980
36992
36993
37011
37027
37050
37054
37060
37069
37075
37076
37101
37106
37125
37130
37138
37156
37157
37174
37175
37176
37180
37184
37192
37204
37207
37220
37223
37224
37234
37239
37252
37263
37269
37288
37289
37292
37293
37296
37309
37316
37331
37332
37335
37369
37373
37380
37395
37400
37415
37437
37439
37470
37481
37482
37498
37501
37504
37506
37508
37524
37527
37537
37548
37551
37555
37564
37565
37570
37579
37600
37604
37609
37611
37622
37626
37630
37639
37652
37653
37655
37664
37671
37672
37679
37695
37704
37719
37723
37729
37733
37736
37752
37757
37760
37777
37779
37781
37782
37797
37798
37808
37838
37844
37847
37851
37859
37867
37871
37873
37879
37883
37884
37896
37900
37901
37910
37930
37951
37959
37977
37978
37987
38009
38010
38026
38030
38031
38042
38050
38060
38061
38062
38092
38096
38101
38107
38113
38117
38137
38138
38143
38144
38146
38161
38166
38183
38211
38227
38229
38230
38231
38236
38267
38268
38272
38279
38288
38289
38301
38317
38322
38331
38334
38341
38345
38352
38379
38383
38400
38417
38418
38419
38448
38458
38465
38471
38473
38474
38491
38492
38507
38511
38514
38524
38537
38538
38562
38593
38598
38605
38608
38634
38636
38639
38653
38663
38669
38671
38672
38673
38688
38703
38710
38725
38748
38750
38777
38781
38789
38797
38804
38811
38812
38823
38829
38842
38846
38848
38858
38864
38869
38873
38874
38886
38889
38914
38935
38939
38952
38958
38963
38991
39001
39011
39023
39058
39061
39068
39079
39098
39104
39112
39125
39130
39131
39152
39166
39168
39170
39172
39213
39224
39241
39256
39260
39283
39286
39297
39304
39316
39322
39339
39344
39348
39358
39376
39380
39389
39398
39416
39419
39424
39433
39439
39441
39446
39448
39460
39465
39477
39480
39483
39504
39513
39521
39525
39541
39543
39545
39555
39582
39585
39609
39616
39619
39624
39632
39633
39634
39636
39638
39649
39676
39699
39700
39712
39718
39719
39721
39733
39737
39751
39758
39760
39761
39774
39776
39788
39806
39817
39821
39841
39848
39863
39864
39869
39880
39885
39890
39903
39910
39917
39931
39934
39948
39965
39968
39982
39983
40043
40045
40048
40050
40055
40061
40062
40064
40068
40071
40084
40087
40088
40121
40131
40133
40135
40151
40156
40157
40159
40160
40163
40164
40166
40167
40169
40170
40187
40203
40205
40208
40211
40213
40214
40218
40219
40223
40225
40227
40234
40236
40237
40246
40247
40249
40255
40260
40263
40273
40283
40298
40309
40312
40328
40329
40340
40347
40352
40356
40357
40359
40360
40379
40383
40401
40407
40410
40430
40436
40443
40444
40457
40468
40477
40491
40496
40498
40511
40516
40523
40527
40528
40544
40548
40556
40566
40574
40578
40581
40588
40594
40607
40618
40620
40627
40628
40630
40638
40653
40660
40666
40674
40676
40678
40682
40683
40685
40692
40697
40702
40735
40739
40744
40748
40763
40775
40782
40787
40790
40797
40803
40806
40811
40824
40831
40839
40841
40845
40847
40855
40858
40859
40864
40878
40881
40883
40885
40902
40905
40908
40909
40911
40918
40920
40923
40933
40942
40945
40947
40948
40954
40958
40961
40963
40965
40980
40983
40988
40989
41002
41006
41009
41015
41016
41022
41037
41038
41039
41044
41057
41058
41070
41094
41096
41107
41114
41131
41135
41140
41141
41154
41156
41168
41172
41174
41176
41202
41209
41214
41215
41218
41234
41235
41247
41249
41254
41258
41260
41261
41262
41282
41286
41288
41301
41315
41321
41329
41334
41352
41360
41365
41374
41377
41386
41392
41394
41396
41403
41414
41415
41419
41421
41434
41436
41438
41440
41444
41459
41466
41474
41479
41486
41490
41492
41494
41495
41498
41502
41513
41522
41525
41527
41535
41537
41541
41563
41565
41582
41586
41589
41601
41610
41611
41613
41616
41617
41620
41622
41624
41629
41652
41655
41657
41659
41666
41682
41684
41688
41691
41694
41695
41698
41703
41722
41737
41738
41746
41751
41757
41765
41767
41784
41793
41799
41800
41809
41812
41825
41826
41831
41832
41833
41835
41838
41839
41851
41864
41865
41866
41867
41873
41874
41884
41901
41904
41908
41918
41926
41935
41937
41942
41944
41952
41956
41963
41973
42002
42003
42006
42011
42017
42031
42032
42036
42038
42045
42046
42058
42064
42067
42082
42096
42106
42111
42122
42125
42134
42146
42156
42157
42158
42171
42172
42173
42185
42197
42202
42203
42223
42229
42230
42234
42236
42241
42247
42250
42263
42267
42269
42270
42272
42273
42274
42281
42282
42284
42293
42306
42316
42318
42323
42329
42346
42348
42363
42369
42371
42376
42388
42389
42403
42408
42409
42411
42413
42433
42436
42437
42446
42450
42465
42478
42486
42488
42491
42500
42502
42505
42506
42508
42519
42522
42525
42527
42528
42533
42537
42541
42559
42567
42570
42582
42583
42587
42588
42594
42598
42601
42625
42640
42642
42649
42652
42656
42663
42667
42671
42679
42699
42711
42722
42727
42751
42754
42758
42760
42767
42779
42787
42804
42813
42816
42817
42826
42827
42830
42835
42843
42852
42863
42868
42871
42886
42890
42899
42901
42905
42907
42908
42909
42915
42917
42924
42939
42940
42941
42951
42952
42973
42976
42977
42980
42983
42992
42998
43009
43014
43026
43035
43037
43038
43044
43047
43057
43060
43068
43091
43094
43109
43113
43127
43131
43135
43136
43142
43146
43148
43151
43159
43168
43169
43172
43183
43187
43190
43202
43203
43205
43218
43220
43224
43242
43250
43251
43255
43257
43296
43301
43308
43317
43321
43333
43344
43352
43353
43358
43380
43384
43385
43391
43404
43408
43412
43413
43419
43428
43431
43436
43447
43456
43459
43460
43462
43470
43475
43478
43479
43483
43501
43512
43516
43524
43525
43537
43545
43555
43559
43563
43568
43571
43580
43587
43594
43597
43598
43606
43614
43617
43625
43627
43628
43634
43647
43652
43655
43665
43666
43669
43672
43681
43693
43699
43701
43717
43725
43726
43733
43741
43745
43759
43766
43768
43773
43776
43787
43790
43791
43796
43810
43814
43821
43827
43842
43854
43858
43859
43865
43874
43882
43890
43894
43903
43908
43911
43927
43930
43932
43944
43950
43954
43961
43963
43967
43968
43985
43991
43998
44012
44014
44018
44022
44037
44038
44041
44077
44079
44081
44082
44088
44106
44110
44115
44117
44120
44133
44137
44141
44148
44163
44171
44176
44191
44192
44217
44227
44228
44234
44235
44244
44248
44249
44258
44259
44269
44270
44276
44279
44285
44293
44303
44306
44314
44317
44318
44324
44332
44342
44344
44365
44370
44371
44387
44389
44390
44410
44413
44417
44420
44433
44435
44437
44447
44451
44455
44456
44457
44476
44478
44489
44496
44499
44518
44526
44535
44547
44559
44567
44569
44571
44590
44596
44603
44605
44610
44612
44628
44631
44634
44645
44652
44653
44662
44668
44669
44681
44683
44684
44685
44686
44696
44705
44721
44722
44730
44735
44741
44751
44760
44761
44769
44771
44781
44785
44788
44790
44801
44802
44809
44817
44818
44822
44824
44833
44838
44840
44853
44854
44864
44868
44870
44872
44884
44887
44892
44898
44900
44905
44909
44910
44921
44927
44937
44947
44954
44958
44959
44960
44962
44964
44970
44987
44991
44998
45000
45001
45005
45007
45011
45013
45014
45015
45016
45019
45020
45021
45024
45031
45032
45040
45041
45047
45048
45051
45056
45058
45062
45063
45066
45067
45078
45081
45082
45089
45093
45094
45095
45099
45104
45105
45112
45116
45117
45118
45119
45121
45124
45127
45128
45131
45136
45138
45141
45143
45144
45145
45149
45150
45151
45154
45155
45160
45161
45162
45164
45166
45167
45169
45171
45173
45178
45182
45187
45189
45193
45195
45196
45198
45200
45202
45205
45207
45208
45212
45213
45219
45221
45222
45223
45225
45228
45231
45232
45233
45234
45238
45241
45242
45244
45245
45249
45254
45255
45259
45260
45262
45263
45265
45266
45271
45273
45276
45277
45281
45282
45283
45287
45290
45297
45299
45300
45301
45302
45305
45307
45309
45316
45322
45330
45335
45336
45340
45341
45347
45349
45350
45352
45353
45356
45358
45359
45360
45362
45363
45365
45366
45369
45373
45376
45377
45386
45388
45390
45391
45396
45399
45402
45403
45410
45412
45413
45415
45416
45420
45421
45423
45426
45427
45430
45431
45433
45438
45439
45440
45442
45444
45446
45452
45455
45461
45464
45465
45474
45478
45482
45485
45486
45488
45492
45493
45500
45501
45502
45505
45508
45511
45515
45524
45525
45526
45527
45529
45538
45542
45545
45546
45550
45552
45554
45555
45557
45558
45560
45561
45572
45581
45585
45588
45590
45591
45602
45603
45604
45608
45611
45613
45623
45624
45627
45629
45630
45632
45634
45638
45646
45651
45652
45659
45664
45665
45667
45670
45672
45676
45679
45684
45685
45688
45689
45690
45692
45698
45700
45701
45702
45703
45707
45708
45713
45719
45722
45723
45724
45733
45738
45744
45745
45746
45747
45754
45759
45761
45768
45769
45777
45780
45781
45786
45789
45794
45798
45799
45800
45803
45805
45809
45810
45816
45817
45820
45821
45823
45827
45828
45838
45842
45843
45844
45845
45848
45849
45851
45855
45859
45862
45865
45866
45869
45875
45880
45886
45888
45889
45892
45895
45907
45908
45910
45911
45913
45914
45917
45918
45920
45924
45927
45933
45936
45942
45945
45948
45951
45955
45956
45960
45967
45972
45973
45980
45984
45985
45986
45987
45988
45991
45994
46004
46009
46013
46014
46017
46025
46027
46029
46033
46036
46037
46038
46043
46047
46050
46052
46058
46063
46064
46070
46071
46080
46083
46084
46087
46090
46091
46094
46095
46096
46099
46100
46101
46102
46112
46115
46117
46121
46123
46124
46138
46144
46146
46154
46155
46158
46165
46166
46172
46174
46175
46176
46177
46178
46180
46183
46189
46195
46199
46201
46205
46212
46220
46224
46225
46231
46235
46238
46240
46241
46242
46243
46245
46248
46249
46250
46253
46254
46255
46258
46262
46264
46272
46276
46279
46280
46283
46284
46294
46297
46299
46300
46304
46307
46308
46311
46317
46318
46321
46325
46327
46328
46330
46334
46335
46337
46339
46342
46345
46351
46357
46362
46363
46364
46368
46370
46374
46381
46393
46396
46398
46400
46402
46403
46405
46409
46410
46412
46416
46417
46419
46421
46423
46424
46435
46436
46437
46439
46443
46446
46447
46448
46452
46455
46458
46464
46465
46469
46471
46474
46479
46480
46481
46484
46490
46491
46495
46496
46497
46500
46505
46508
46512
46513
46516
46518
46520
46521
46523
46526
46527
46529
46532
46542
46543
46546
46548
46550
46559
46560
46566
46567
46568
46570
46572
46575
46576
46582
46584
46588
46590
46591
46592
46594
46595
46596
46597
46598
46599
46600
46601
46603
46604
46605
46606
46613
46614
46615
46617
46620
46623
46627
46630
46632
46637
46639
46640
46641
46643
46645
46649
46650
46653
46656
46657
46658
46668
46672
46673
46675
46681
46685
46694
46699
46700
46701
46704
46706
46707
46709
46710
46713
46714
46717
46719
46721
46722
46723
46726
46727
46731
46735
46737
46738
46740
46743
46745
46748
46754
46767
46768
46769
46770
46773
46776
46777
46779
46783
46786
46787
46791
46793
46796
46805
46806
46807
46809
46812
46813
46822
46823
46828
46830
46832
46841
46842
46843
46845
46846
46848
46851
46852
46853
46854
46856
46857
46860
46864
46866
46868
46870
46871
46872
46875
46876
46880
46882
46891
46896
46900
46901
46908
46913
46915
46917
46920
46925
46926
46928
46929
46930
46938
46939
46944
46950
46952
46955
46960
46967
46981
46983
46985
46986
46987
46988
46990
46991
46992
46994
46998
47000
47001
47002
47010
47013
47014
47015
47016
47020
47022
47026
47027
47029
47032
47035
47037
47040
47045
47048
47049
47050
47052
47055
47056
47059
47060
47061
47063
47066
47070
47072
47074
47076
47077
47079
47080
47083
47086
47094
47095
47101
47104
47107
47110
47113
47116
47118
47120
47121
47122
47125
47129
47130
47131
47135
47136
47141
47142
47144
47145
47151
47154
47155
47160
47165
47166
47167
47170
47178
47179
47181
47182
47189
47195
47196
47199
47201
47202
47203
47204
47206
47208
47212
47214
47215
47218
47219
47231
47238
47244
47259
47261
47265
47271
47277
47279
47285
47287
47292
47296
47297
47300
47306
47308
47312
47316
47317
47319
47324
47325
47334
47336
47338
47340
47342
47350
47357
47360
47361
47364
47365
47374
47378
47383
47384
47385
47386
47387
47389
47399
47400
47405
47406
47411
47412
47419
47422
47423
47426
47429
47431
47432
47437
47439
47440
47448
47452
47455
47457
47458
47460
47462
47465
47466
47471
47476
47485
47491
47493
47495
47497
47498
47499
47500
47501
47502
47503
47505
47509
47510
47517
47519
47522
47534
47540
47543
47546
47548
47552
47554
47555
47558
47559
47562
47566
47567
47577
47578
47579
47581
47582
47586
47587
47589
47592
47593
47597
47598
47599
47601
47603
47605
47610
47611
47614
47615
47618
47625
47632
47636
47639
47640
47644
47646
47648
47658
47660
47672
47674
47675
47676
47678
47679
47680
47683
47685
47687
47699
47700
47703
47704
47705
47710
47713
47716
47718
47719
47724
47725
47726
47729
47731
47739
47742
47745
47748
47756
47758
47760
47772
47773
47774
47779
47780
47783
47786
47788
47789
47793
47794
47796
47800
47807
47810
47815
47816
47817
47818
47820
47821
47824
47833
47839
47842
47846
47850
47857
47858
47859
47860
47862
47863
47866
47869
47870
47873
47877
47878
47879
47881
47883
47886
47891
47894
47901
47906
47908
47912
47917
47920
47922
47928
47937
47942
47944
47946
47950
47954
47962
47967
47971
47974
47976
47980
47984
47990
47993
47995
47996
47999
48001
48002
48003
48009
48015
48016
48017
48019
48022
48023
48024
48026
48029
48037
48043
48045
48055
48056
48063
48070
48073
48074
48076
48079
48083
48086
48087
48088
48090
48091
48093
48094
48097
48103
48105
48108
48110
48112
48113
48116
48118
48121
48134
48140
48141
48145
48146
48148
48149
48152
48157
48158
48160
48163
48168
48169
48171
48173
48174
48175
48176
48180
48183
48192
48196
48197
48198
48206
48209
48210
48220
48225
48231
48236
48238
48241
48246
48250
48256
48258
48259
48265
48269
48271
48273
48274
48276
48279
48282
48291
48302
48303
48304
48305
48309
48312
48319
48320
48322
48323
48325
48327
48334
48335
48336
48340
48342
48344
48347
48348
48350
48352
48353
48356
48359
48361
48364
48370
48373
48377
48378
48379
48381
48382
48384
48389
48390
48391
48394
48396
48399
48402
48403
48411
48412
48413
48414
48416
48418
48424
48430
48435
48439
48443
48444
48447
48448
48452
48455
48456
48458
48460
48463
48465
48468
48474
48479
48481
48483
48487
48491
48494
48497
48498
48504
48510
48511
48512
48514
48517
48522
48523
48527
48528
48535
48538
48546
48548
48549
48555
48557
48559
48563
48567
48569
48570
48576
48577
48581
48582
48584
48585
48587
48588
48589
48590
48591
48594
48595
48596
48597
48600
48601
48602
48607
48609
48613
48615
48618
48629
48634
48636
48637
48640
48645
48646
48647
48648
48653
48654
48655
48656
48658
48663
48664
48667
48668
48670
48673
48675
48676
48678
48680
48681
48684
48686
48687
48690
48692
48695
48699
48702
48710
48717
48721
48727
48730
48732
48734
48735
48736
48737
48740
48745
48752
48754
48755
48757
48758
48760
48761
48763
48765
48772
48774
48776
48777
48778
48780
48782
48783
48784
48785
48790
48792
48794
48796
48808
48813
48814
48818
48820
48825
48829
48835
48841
48844
48852
48855
48857
48859
48860
48861
48865
48867
48869
48871
48877
48878
48881
48885
48886
48887
48892
48894
48896
48897
48898
48901
48904
48906
48909
48910
48912
48914
48920
48922
48923
48925
48927
48936
48937
48945
48946
48947
48948
48949
48950
48952
48956
48971
48981
48982
48984
48985
48988
48992
48993
48994
48998
49000
49004
49006
49007
49008
49009
49017
49020
49024
49025
49026
49028
49032
49033
49034
49037
49039
49049
49056
49057
49059
49060
49068
49069
49077
49078
49079
49080
49081
49084
49086
49087
49088
49089
49090
49092
49094
49098
49105
49106
49109
49112
49114
49119
49120
49122
49128
49129
49139
49141
49142
49145
49147
49148
49150
49152
49153
49154
49155
49161
49165
49174
49177
49188
49190
49192
49194
49196
49197
49200
49201
49210
49217
49219
49221
49223
49224
49225
49226
49227
49228
49229
49230
49231
49232
49234
49239
49241
49247
49248
49253
49256
49261
49265
49272
49275
49279
49283
49284
49285
49286
49290
49292
49297
49298
49300
49303
49304
49306
49309
49316
49318
49320
49323
49327
49334
49336
49339
49346
49349
49356
49357
49361
49362
49363
49370
49371
49373
49380
49385
49391
49392
49394
49395
49396
49397
49401
49402
49403
49415
49420
49422
49425
49430
49434
49435
49436
49437
49438
49457
49460
49461
49464
49468
49471
49474
49475
49476
49482
49483
49485
49490
49491
49492
49494
49498
49505
49513
49522
49523
49525
49526
49532
49534
49536
49539
49540
49541
49542
49544
49546
49549
49550
49551
49553
49554
49559
49560
49565
49572
49575
49577
49578
49579
49582
49583
49584
49587
49589
49595
49597
49599
49600
49603
49604
49605
49607
49622
49625
49629
49630
49631
49637
49641
49644
49655
49660
49665
49667
49671
49673
49674
49676
49681
49691
49697
49698
49700
49701
49702
49707
49708
49710
49711
49717
49718
49719
49721
49723
49726
49727
49728
49732
49733
49734
49736
49738
49741
49744
49747
49751
49752
49753
49755
49758
49770
49771
49775
49777
49779
49781
49790
49792
49797
49800
49805
49808
49814
49817
49818
49820
49821
49822
49823
49824
49825
49829
49830
49831
49834
49838
49839
49847
49848
49850
49853
49854
49861
49866
49867
49868
49870
49879
49881
49882
49883
49885
49888
49890
49891
49897
49899
49900
49905
49908
49909
49911
49915
49916
49917
49919
49922
49924
49930
49931
49937
49938
49940
49942
49944
49945
49949
49950
49953
49954
49957
49958
49959
49961
49968
49969
49977
49978
49979
49981
49982
49983
49986
49987
49989
49994
49997
