4
6
8
11
22
55
56
58
66
74
76
81
104
112
123
129
159
160
161
166
175
176
180
187
197
202
203
205
210
212
216
219
223
225
230
248
256
260
263
265
269
271
272
274
298
305
310
320
322
326
330
334
335
340
341
342
345
353
356
357
364
369
376
382
387
389
405
414
428
431
434
448
450
460
462
465
466
481
482
488
489
490
493
510
518
520
523
528
536
537
538
550
556
561
580
583
588
589
593
611
612
614
620
624
630
632
634
641
642
643
645
646
649
654
656
657
660
669
677
680
688
691
699
700
708
717
724
732
755
759
779
780
788
790
793
799
803
808
809
814
818
819
820
827
831
835
843
852
858
861
862
871
876
887
889
904
907
912
916
918
934
939
945
958
961
965
967
982
1001
1009
1016
1022
1028
1030
1031
1042
1059
1061
1069
1086
1093
1099
1110
1111
1114
1119
1135
1150
1151
1154
1157
1159
1172
1177
1180
1198
1201
1210
1220
1222
1224
1230
1233
1236
1237
1238
1239
1247
1253
1259
1260
1275
1281
1297
1301
1303
1308
1313
1325
1327
1351
1357
1367
1369
1370
1373
1375
1381
1385
1392
1395
1405
1416
1423
1424
1428
1433
1435
1436
1442
1456
1457
1471
1475
1482
1488
1489
1490
1494
1499
1501
1504
1507
1513
1526
1530
1533
1537
1542
1543
1545
1546
1550
1552
1555
1558
1560
1561
1581
1583
1586
1588
1589
1598
1606
1608
1616
1620
1635
1659
1663
1666
1672
1675
1679
1686
1689
1702
1721
1724
1732
1740
1745
1748
1752
1763
1765
1789
1790
1791
1793
1794
1814
1815
1822
1823
1849
1850
1872
1876
1885
1894
1896
1903
1904
1918
1922
1943
1947
1950
1971
1985
1989
1994
2009
2023
2026
2030
2035
2053
2059
2074
2079
2096
2097
2104
2114
2121
2130
2134
2147
2149
2152
2155
2156
2162
2171
2190
2191
2207
2209
2212
2216
2217
2219
2240
2246
2248
2256
2258
2264
2265
2274
2277
2285
2290
2293
2301
2302
2303
2306
2313
2315
2329
2342
2344
2358
2363
2364
2375
2381
2392
2393
2397
2398
2408
2422
2442
2445
2462
2464
2465
2478
2485
2488
2492
2498
2508
2509
2510
2523
2525
2541
2542
2547
2549
2555
2557
2570
2582
2584
2587
2588
2594
2604
2608
2623
2625
2629
2632
2635
2644
2646
2650
2655
2658
2659
2672
2679
2696
2697
2700
2709
2712
2715
2718
2727
2730
2731
2732
2734
2736
2745
2749
2754
2755
2757
2760
2774
2775
2783
2795
2797
2802
2804
2805
2836
2840
2844
2850
2851
2852
2854
2856
2875
2876
2881
2887
2894
2899
2917
2921
2922
2926
2929
2933
2951
2952
2958
2965
2977
2979
2982
2983
2989
2992
3001
3002
3003
3006
3013
3015
3023
3024
3030
3036
3037
3047
3048
3058
3063
3073
3083
3094
3103
3117
3119
3123
3124
3131
3133
3134
3137
3140
3153
3160
3161
3164
3171
3177
3182
3200
3206
3208
3218
3224
3227
3235
3237
3252
3256
3266
3272
3273
3283
3304
3309
3315
3319
3320
3324
3326
3328
3331
3337
3343
3366
3370
3373
3378
3380
3390
3393
3404
3406
3411
3412
3417
3426
3430
3434
3436
3452
3475
3497
3500
3525
3532
3537
3543
3564
3570
3579
3583
3585
3586
3610
3627
3638
3644
3645
3650
3657
3660
3678
3681
3683
3684
3689
3704
3708
3710
3723
3727
3730
3734
3745
3746
3749
3751
3756
3761
3762
3774
3777
3778
3781
3783
3789
3791
3795
3807
3812
3820
3821
3824
3830
3832
3836
3842
3844
3849
3856
3857
3877
3883
3895
3909
3916
3917
3921
3922
3958
3965
4002
4003
4008
4010
4012
4020
4035
4036
4039
4051
4065
4075
4090
4094
4106
4111
4136
4137
4139
4141
4142
4148
4151
4158
4164
4167
4169
4172
4175
4181
4183
4184
4189
4198
4203
4205
4223
4224
4240
4252
4253
4271
4280
4283
4285
4290
4292
4294
4311
4318
4330
4351
4360
4364
4373
4375
4381
4382
4391
4394
4398
4399
4405
4409
4413
4415
4419
4423
4428
4436
4437
4439
4441
4443
4445
4450
4454
4456
4477
4481
4482
4483
4497
4509
4514
4531
4533
4538
4540
4546
4551
4559
4562
4570
4578
4580
4586
4601
4607
4610
4612
4613
4616
4618
4624
4626
4630
4636
4642
4648
4655
4662
4670
4681
4697
4701
4704
4718
4723
4733
4741
4742
4751
4754
4760
4769
4773
4777
4784
4798
4820
4821
4824
4826
4840
4869
4870
4884
4886
4904
4911
4912
4916
4926
4944
4950
4951
4957
4967
4970
4986
4998
4999
5019
5021
5039
5049
5051
5105
5116
5127
5135
5149
5153
5158
5183
5192
5206
5234
5247
5256
5258
5264
5265
5282
5283
5304
5313
5321
5346
5369
5394
5399
5414
5430
5444
5454
5459
5479
5513
5518
5526
5527
5538
5542
5567
5574
5586
5606
5628
5634
5637
5676
5678
5691
5695
5700
5714
5773
5788
5789
5799
5821
5831
5837
5847
5856
5899
5939
5955
5963
5970
5974
5979
5992
6001
6012
6015
6080
6084
6086
6087
6093
6100
6107
6127
6134
6137
6138
6152
6161
6176
6182
6189
6190
6195
6238
6261
6290
6294
6300
6318
6328
6332
6354
6409
6419
6441
6448
6450
6452
6454
6467
6487
6500
6503
6522
6540
6609
6624
6642
6663
6664
6665
6669
6680
6694
6700
6710
6758
6768
6770
6787
6818
6829
6843
6852
6860
6861
6866
6878
6879
6885
6915
6925
6926
6936
6957
6962
6994
6996
7000
7022
7029
7074
7082
7085
7094
7101
7115
7116
7125
7131
7139
7149
7212
7219
7223
7254
7260
7283
7284
7290
7301
7305
7314
7327
7338
7358
7375
7376
7398
7429
7451
7459
7467
7468
7486
7498
7502
7512
7520
7525
7534
7547
7559
7620
7626
7632
7661
7671
7678
7687
7697
7700
7711
7719
7726
7750
7797
7808
7812
7819
7830
7839
7850
7857
7859
7861
7867
7876
7878
7881
7894
7898
7926
7944
7951
7954
7966
7967
7972
7977
7992
7997
8019
8030
8031
8088
8108
8122
8125
8136
8147
8154
8155
8163
8179
8190
8196
8205
8211
8258
8261
8264
8266
8280
8288
8304
8316
8336
8363
8391
8460
8470
8476
8494
8498
8506
8539
8548
8549
8550
8594
8604
8613
8620
8641
8653
8661
8664
8674
8677
8716
8738
8772
8776
8781
8789
8818
8826
8855
8864
8867
8888
8889
8890
8897
8921
8923
8928
8937
8957
8990
9029
9032
9036
9069
9104
9159
9161
9166
9216
9222
9244
9246
9248
9251
9261
9320
9324
9356
9382
9418
9430
9453
9455
9465
9505
9509
9513
9521
9525
9529
9542
9557
9563
9568
9573
9576
9583
9588
9590
9601
9612
9628
9631
9648
9649
9650
9653
9680
9712
9722
9736
9737
9747
9748
9750
9757
9763
9805
9811
9813
9836
9853
9870
9875
9886
9896
9897
9939
9941
9980
9990
9997
10000
10006
10007
10008
10009
10013
10015
10023
10024
10030
10032
10039
10045
10050
10051
10054
10058
10066
10069
10075
10080
10083
10096
10098
10099
10101
10110
10112
10118
10122
10131
10140
10146
10148
10153
10159
10173
10183
10184
10189
10205
10206
10208
10213
10214
10224
10225
10237
10242
10246
10250
10252
10254
10261
10273
10277
10279
10282
10283
10291
10293
10295
10296
10302
10304
10315
10318
10322
10324
10327
10329
10331
10334
10348
10361
10362
10363
10364
10368
10369
10371
10373
10377
10394
10400
10403
10404
10405
10408
10409
10412
10416
10417
10421
10422
10434
10439
10440
10449
10452
10458
10460
10462
10465
10466
10469
10472
10475
10481
10482
10491
10496
10499
10505
10511
10513
10520
10523
10526
10527
10534
10536
10542
10551
10552
10553
10562
10565
10566
10572
10577
10587
10595
10597
10598
10609
10610
10612
10613
10618
10619
10620
10621
10624
10631
10632
10642
10643
10646
10649
10650
10657
10658
10661
10665
10668
10675
10679
10681
10682
10684
10689
10692
10697
10701
10704
10706
10707
10708
10712
10724
10726
10732
10733
10736
10739
10740
10742
10743
10753
10757
10758
10762
10764
10769
10773
10780
10781
10783
10788
10789
10797
10798
10802
10803
10809
10811
10816
10820
10823
10824
10836
10837
10853
10854
10855
10856
10865
10883
10884
10885
10894
10897
10905
10906
10912
10925
10937
10945
10958
10964
10965
10968
10972
10976
10980
10982
10984
10986
10987
10991
10995
11000
11001
11003
11007
11008
11011
11025
11028
11033
11035
11036
11037
11039
11042
11044
11045
11051
11053
11054
11063
11064
11065
11066
11067
11069
11071
11080
11081
11083
11085
11089
11094
11098
11103
11105
11106
11113
11114
11117
11118
11119
11120
11122
11123
11126
11129
11137
11140
11146
11158
11163
11164
11168
11171
11172
11175
11178
11181
11186
11189
11192
11196
11203
11208
11210
11211
11212
11215
11216
11217
11226
11232
11235
11237
11247
11252
11255
11256
11259
11261
11272
11277
11279
11282
11284
11288
11292
11302
11306
11317
11322
11323
11329
11333
11335
11338
11339
11343
11348
11357
11359
11364
11375
11380
11387
11390
11399
11401
11407
11412
11415
11416
11422
11424
11425
11426
11431
11432
11433
11435
11439
11445
11446
11448
11458
11464
11465
11473
11476
11484
11486
11487
11491
11494
11496
11500
11513
11521
11525
11535
11547
11548
11553
11572
11580
11582
11583
11593
11602
11603
11615
11621
11624
11631
11634
11636
11637
11650
11657
11665
11668
11670
11673
11676
11679
11683
11686
11693
11697
11698
11700
11702
11707
11708
11713
11722
11723
11725
11726
11730
11737
11739
11741
11743
11747
11748
11754
11764
11767
11776
11781
11782
11788
11799
11805
11809
11811
11812
11817
11818
11820
11823
11824
11834
11842
11844
11859
11860
11865
11866
11869
11872
11873
11874
11886
11890
11891
11897
11902
11910
11913
11918
11922
11927
11930
11931
11940
11942
11947
11950
11951
11952
11954
11955
11960
11961
11966
11967
11978
11979
11983
11993
11994
12003
12011
12012
12014
12016
12017
12022
12025
12032
12036
12051
12054
12055
12061
12063
12068
12070
12077
12078
12084
12087
12088
12094
12098
12100
12103
12105
12108
12109
12110
12113
12114
12119
12120
12123
12132
12134
12138
12139
12141
12142
12146
12149
12159
12164
12171
12174
12181
12184
12185
12188
12190
12193
12194
12200
12204
12209
12215
12216
12219
12242
12243
12244
12245
12256
12259
12263
12266
12281
12283
12284
12289
12291
12303
12305
12306
12309
12312
12314
12315
12316
12317
12318
12320
12325
12344
12346
12352
12357
12363
12366
12370
12376
12377
12386
12389
12390
12397
12398
12402
12405
12406
12409
12411
12412
12417
12418
12419
12421
12423
12425
12426
12429
12435
12438
12441
12443
12444
12447
12448
12449
12453
12454
12456
12457
12458
12462
12464
12466
12468
12486
12487
12492
12512
12513
12521
12529
12530
12542
12552
12563
12571
12574
12581
12585
12587
12588
12590
12592
12593
12600
12601
12604
12605
12608
12613
12621
12626
12637
12638
12644
12648
12650
12651
12653
12658
12660
12679
12682
12687
12697
12702
12703
12706
12713
12715
12718
12720
12721
12733
12734
12739
12740
12741
12743
12748
12750
12754
12757
12762
12767
12769
12772
12774
12776
12777
12780
12785
12786
12796
12797
12800
12801
12807
12808
12809
12811
12819
12821
12822
12823
12835
12837
12839
12843
12853
12855
12858
12859
12867
12868
12878
12887
12889
12890
12897
12901
12904
12908
12910
12912
12913
12923
12924
12926
12929
12934
12936
12937
12939
12940
12947
12952
12954
12955
12958
12959
12960
12963
12968
12969
12975
12977
12978
12983
12986
12989
12990
12999
13001
13010
13011
13012
13013
13020
13029
13035
13036
13040
13041
13042
13047
13050
13053
13054
13055
13060
13062
13063
13067
13070
13072
13081
13086
13094
13098
13110
13119
13130
13138
13140
13141
13148
13149
13152
13155
13157
13159
13162
13170
13178
13179
13181
13182
13183
13184
13185
13192
13193
13196
13204
13208
13211
13221
13222
13223
13231
13235
13237
13239
13243
13244
13246
13248
13258
13261
13265
13270
13276
13282
13287
13288
13290
13291
13297
13301
13305
13314
13316
13317
13321
13322
13323
13324
13331
13337
13339
13341
13342
13344
13345
13348
13349
13359
13363
13372
13374
13383
13389
13390
13392
13393
13395
13398
13399
13402
13404
13407
13408
13410
13418
13420
13425
13430
13434
13437
13439
13442
13444
13446
13449
13452
13455
13457
13458
13464
13465
13471
13473
13475
13480
13484
13485
13486
13488
13501
13506
13510
13515
13521
13523
13529
13530
13537
13542
13549
13551
13553
13556
13557
13559
13569
13574
13575
13576
13577
13586
13594
13599
13603
13613
13618
13621
13622
13623
13624
13629
13630
13643
13650
13652
13653
13660
13662
13663
13664
13667
13671
13673
13675
13681
13684
13685
13687
13688
13695
13698
13700
13704
13705
13706
13715
13718
13719
13723
13724
13725
13730
13734
13735
13741
13743
13744
13746
13749
13751
13752
13758
13762
13768
13769
13778
13779
13781
13784
13790
13791
13796
13797
13808
13818
13821
13823
13824
13825
13826
13827
13829
13830
13835
13839
13846
13853
13858
13862
13866
13873
13879
13884
13886
13888
13901
13904
13914
13917
13920
13921
13924
13928
13931
13935
13938
13939
13941
13946
13952
13962
13965
13968
13974
13981
13982
13985
13989
14002
14005
14006
14009
14010
14016
14020
14021
14028
14031
14033
14037
14038
14042
14046
14047
14064
14070
14072
14073
14074
14078
14085
14086
14090
14112
14114
14115
14119
14120
14124
14125
14127
14128
14134
14137
14138
14141
14143
14149
14157
14159
14164
14165
14169
14171
14176
14178
14181
14183
14185
14186
14187
14190
14192
14194
14195
14196
14197
14200
14201
14219
14222
14223
14232
14234
14238
14239
14249
14251
14257
14259
14260
14262
14264
14267
14268
14270
14271
14275
14277
14288
14290
14294
14298
14305
14310
14316
14319
14321
14325
14327
14329
14330
14333
14338
14341
14344
14348
14350
14351
14353
14358
14362
14363
14366
14368
14372
14383
14384
14387
14388
14389
14391
14392
14396
14401
14404
14406
14407
14408
14409
14411
14415
14416
14417
14422
14424
14439
14446
14449
14450
14451
14458
14461
14462
14464
14465
14469
14473
14476
14488
14490
14491
14492
14493
14499
14510
14511
14520
14534
14541
14542
14547
14548
14549
14551
14557
14562
14563
14578
14581
14582
14591
14593
14594
14601
14606
14609
14611
14615
14616
14621
14624
14625
14630
14631
14632
14633
14637
14638
14642
14645
14649
14651
14652
14654
14658
14660
14669
14671
14673
14675
14678
14679
14685
14688
14693
14694
14698
14699
14704
14705
14710
14714
14715
14716
14722
14726
14730
14738
14740
14741
14742
14751
14753
14754
14765
14768
14772
14773
14784
14789
14792
14795
14796
14797
14803
14805
14809
14822
14824
14826
14827
14828
14829
14831
14832
14835
14837
14838
14842
14848
14849
14853
14859
14874
14877
14884
14885
14888
14890
14892
14896
14897
14903
14907
14909
14910
14914
14918
14921
14928
14940
14941
14942
14951
14954
14957
14959
14962
14974
14976
14978
14979
14987
14988
14989
14990
14995
14999
15000
15001
15002
15003
15004
15006
15007
15010
15011
15012
15014
15015
15016
15017
15019
15021
15022
15023
15025
15026
15027
15029
15030
15031
15032
15034
15035
15037
15039
15042
15043
15044
15045
15046
15047
15049
15051
15052
15054
15055
15056
15057
15059
15060
15061
15062
15063
15064
15066
15068
15069
15070
15072
15073
15075
15076
15078
15079
15080
15081
15082
15083
15085
15086
15087
15088
15089
15091
15092
15093
15094
15095
15096
15098
15099
15102
15103
15104
15105
15106
15107
15108
15109
15110
15111
15112
15113
15114
15115
15116
15117
15119
15120
15121
15122
15123
15124
15125
15126
15128
15129
15130
15131
15132
15133
15135
15136
15137
15138
15140
15141
15142
15145
15146
15147
15148
15149
15151
15152
15154
15156
15157
15158
15159
15162
15164
15165
15167
15170
15172
15173
15174
15175
15176
15181
15182
15183
15185
15186
15187
15188
15191
15192
15193
15194
15195
15197
15198
15200
15202
15207
15209
15211
15213
15214
15215
15216
15217
15218
15219
15221
15223
15231
15233
15235
15236
15237
15238
15239
15240
15241
15243
15244
15247
15248
15249
15251
15252
15257
15259
15260
15262
15265
15267
15268
15271
15272
15276
15277
15278
15279
15281
15282
15283
15287
15288
15289
15293
15294
15296
15297
15298
15299
15301
15303
15304
15305
15307
15310
15311
15312
15313
15314
15316
15317
15318
15319
15321
15323
15326
15328
15333
15335
15338
15340
15341
15343
15344
15346
15347
15348
15351
15352
15354
15355
15356
15357
15359
15360
15361
15362
15363
15364
15366
15367
15368
15370
15371
15372
15374
15375
15376
15378
15380
15381
15384
15385
15387
15389
15390
15392
15393
15394
15396
15397
15398
15399
15400
15402
15403
15404
15405
15407
15408
15409
15410
15411
15413
15415
15416
15417
15418
15422
15423
15424
15426
15427
15428
15429
15431
15432
15433
15436
15437
15438
15440
15441
15444
15445
15446
15447
15449
15450
15452
15453
15454
15455
15456
15457
15458
15460
15462
15464
15465
15466
15467
15468
15469
15470
15471
15474
15475
15477
15478
15479
15480
15483
15486
15489
15490
15491
15493
15494
15498
15500
15502
15504
15505
15509
15510
15511
15512
15515
15517
15518
15520
15521
15522
15523
15524
15527
15528
15529
15530
15532
15534
15537
15538
15541
15542
15543
15544
15545
15547
15549
15550
15551
15553
15554
15555
15556
15557
15558
15559
15560
15561
15562
15563
15564
15565
15566
15567
15568
15569
15570
15571
15572
15573
15574
15575
15580
15582
15583
15584
15586
15587
15589
15590
15592
15593
15595
15596
15599
15601
15602
15608
15609
15610
15611
15613
15614
15616
15618
15619
15620
15621
15622
15623
15624
15627
15628
15630
15631
15632
15634
15635
15636
15637
15638
15640
15642
15643
15645
15648
15650
15652
15653
15655
15657
15659
15661
15664
15666
15667
15670
15672
15674
15676
15677
15678
15679
15680
15682
15683
15684
15685
15688
15689
15690
15691
15692
15693
15694
15695
15698
15700
15701
15702
15703
15704
15705
15706
15707
15708
15709
15711
15713
15714
15715
15716
15717
15718
15721
15723
15726
15727
15728
15729
15731
15732
15733
15734
15736
15737
15739
15740
15741
15743
15744
15745
15747
15748
15749
15750
15751
15752
15756
15757
15758
15760
15761
15763
15765
15766
15768
15769
15770
15771
15772
15773
15775
15777
15779
15780
15781
15782
15783
15785
15787
15789
15790
15792
15793
15795
15799
15800
15801
15803
15804
15805
15806
15807
15808
15809
15813
15814
15816
15817
15819
15821
15823
15825
15829
15833
15834
15838
15839
15840
15841
15842
15843
15844
15846
15848
15849
15850
15851
15853
15854
15855
15856
15857
15858
15859
15860
15862
15863
15865
15867
15870
15871
15873
15876
15878
15880
15881
15886
15888
15889
15890
15891
15892
15893
15894
15895
15897
15898
15899
15900
15901
15904
15905
15906
15910
15911
15912
15913
15915
15917
15918
15922
15925
15927
15930
15932
15935
15936
15937
15938
15940
15941
15942
15943
15944
15946
15947
15948
15949
15950
15951
15952
15954
15955
15956
15957
15958
15959
15962
15965
15966
15967
15970
15971
15973
15974
15980
15981
15982
15983
15984
15986
15987
15988
15989
15990
15991
15995
15996
15997
15998
15999
16000
16001
16002
16003
16005
16010
16011
16012
16014
16015
16017
16018
16019
16020
16021
16022
16023
16027
16030
16031
16033
16037
16044
16045
16047
16048
16049
16051
16052
16053
16055
16056
16057
16059
16060
16061
16062
16063
16065
16070
16071
16072
16074
16075
16077
16078
16081
16085
16087
16088
16090
16096
16097
16098
16099
16100
16101
16104
16105
16106
16108
16109
16110
16112
16113
16114
16115
16116
16117
16118
16119
16120
16121
16122
16124
16125
16128
16130
16131
16133
16134
16136
16137
16138
16139
16140
16141
16143
16144
16145
16148
16149
16150
16151
16155
16156
16157
16159
16160
16161
16162
16163
16164
16165
16166
16167
16168
16169
16170
16172
16173
16175
16176
16177
16178
16180
16182
16183
16185
16186
16187
16188
16189
16190
16193
16195
16197
16198
16199
16200
16201
16202
16203
16204
16205
16206
16207
16208
16210
16211
16213
16214
16216
16217
16218
16220
16221
16222
16223
16226
16228
16229
16230
16231
16232
16233
16234
16235
16237
16238
16241
16242
16243
16244
16246
16247
16248
16249
16251
16253
16254
16255
16256
16257
16258
16259
16260
16263
16264
16265
16267
16268
16270
16271
16272
16273
16274
16275
16277
16278
16279
16280
16281
16282
16287
16288
16289
16290
16291
16292
16293
16295
16296
16297
16299
16300
16303
16304
16305
16307
16308
16309
16314
16316
16317
16319
16320
16321
16322
16323
16324
16326
16329
16330
16331
16332
16333
16334
16336
16338
16339
16340
16341
16344
16346
16348
16349
16353
16354
16356
16359
16361
16362
16363
16364
16365
16366
16367
16368
16369
16371
16372
16379
16380
16382
16383
16384
16385
16390
16391
16392
16393
16394
16395
16396
16398
16399
16401
16402
16404
16405
16406
16409
16410
16411
16412
16413
16414
16415
16418
16419
16421
16422
16425
16427
16428
16429
16431
16435
16436
16437
16439
16440
16443
16444
16446
16447
16448
16449
16450
16454
16455
16456
16458
16459
16461
16462
16463
16464
16465
16467
16469
16470
16471
16472
16474
16475
16477
16479
16481
16482
16483
16484
16485
16487
16488
16490
16491
16492
16493
16495
16497
16498
16499
16501
16502
16503
16504
16505
16506
16507
16508
16509
16510
16511
16513
16514
16515
16517
16519
16521
16522
16523
16524
16525
16526
16527
16528
16530
16536
16539
16540
16541
16542
16543
16544
16546
16548
16549
16550
16551
16552
16554
16556
16557
16558
16559
16561
16562
16563
16564
16565
16567
16569
16570
16572
16574
16575
16579
16580
16581
16582
16583
16587
16588
16589
16590
16592
16593
16594
16596
16597
16598
16604
16605
16606
16607
16608
16609
16610
16611
16613
16614
16615
16617
16618
16621
16622
16623
16624
16627
16629
16630
16631
16633
16635
16636
16638
16640
16642
16644
16645
16647
16649
16650
16651
16652
16653
16654
16655
16657
16660
16661
16662
16663
16665
16666
16667
16672
16673
16675
16676
16677
16678
16679
16680
16681
16682
16684
16686
16687
16688
16689
16691
16692
16693
16694
16695
16696
16697
16698
16699
16701
16702
16705
16707
16708
16710
16712
16713
16714
16715
16717
16718
16720
16721
16722
16724
16725
16726
16727
16728
16729
16731
16732
16733
16735
16736
16737
16738
16740
16745
16746
16748
16749
16750
16751
16752
16753
16754
16755
16756
16757
16761
16762
16763
16764
16765
16766
16768
16769
16770
16780
16782
16786
16788
16789
16790
16791
16792
16798
16799
16801
16802
16803
16804
16805
16807
16808
16810
16811
16812
16815
16816
16819
16820
16821
16822
16824
16825
16826
16828
16829
16831
16832
16833
16834
16835
16836
16838
16840
16841
16842
16843
16845
16847
16848
16850
16851
16853
16855
16857
16858
16859
16860
16861
16862
16863
16864
16866
16868
16871
16872
16873
16874
16875
16877
16878
16880
16882
16883
16885
16886
16887
16888
16889
16890
16892
16894
16896
16900
16902
16904
16908
16909
16910
16912
16913
16914
16918
16919
16922
16923
16924
16925
16926
16927
16928
16931
16932
16933
16934
16935
16938
16939
16940
16942
16945
16946
16949
16950
16952
16953
16956
16957
16959
16960
16961
16962
16964
16967
16969
16970
16973
16976
16977
16984
16986
16988
16992
16993
16995
16998
16999
17000
17002
17003
17004
17005
17006
17008
17009
17012
17013
17015
17016
17018
17019
17021
17022
17023
17024
17025
17028
17030
17031
17032
17033
17034
17035
17036
17037
17038
17040
17044
17045
17046
17047
17048
17049
17050
17051
17052
17053
17054
17055
17057
17059
17061
17064
17066
17067
17068
17070
17071
17072
17073
17074
17075
17076
17078
17079
17082
17086
17088
17089
17090
17091
17093
17094
17096
17099
17100
17101
17103
17104
17105
17107
17108
17109
17110
17111
17113
17116
17117
17119
17120
17121
17122
17123
17124
17125
17126
17127
17128
17129
17132
17134
17138
17139
17140
17141
17142
17143
17146
17147
17149
17150
17151
17155
17157
17164
17165
17169
17170
17172
17173
17174
17176
17180
17182
17183
17184
17185
17186
17187
17188
17189
17190
17191
17192
17194
17195
17198
17199
17201
17202
17203
17208
17209
17211
17212
17214
17215
17216
17217
17218
17224
17227
17228
17230
17231
17232
17233
17234
17236
17237
17239
17240
17241
17242
17244
17247
17248
17249
17250
17253
17254
17255
17256
17257
17261
17262
17263
17264
17265
17268
17270
17271
17272
17273
17274
17276
17277
17278
17279
17280
17282
17283
17284
17287
17289
17290
17292
17293
17294
17295
17296
17297
17298
17301
17302
17306
17308
17309
17310
17312
17314
17316
17318
17321
17322
17323
17324
17325
17326
17328
17330
17331
17334
17335
17336
17339
17341
17343
17344
17346
17348
17349
17351
17354
17355
17356
17358
17359
17362
17363
17365
17366
17368
17369
17370
17373
17376
17377
17378
17381
17382
17383
17385
17386
17387
17388
17389
17390
17391
17393
17394
17395
17396
17397
17399
17400
17401
17402
17403
17404
17405
17406
17409
17410
17411
17414
17415
17416
17417
17418
17422
17423
17424
17428
17429
17431
17432
17433
17434
17437
17440
17441
17442
17448
17449
17450
17452
17453
17454
17456
17459
17462
17463
17464
17466
17467
17468
17469
17470
17471
17472
17473
17475
17477
17478
17480
17481
17483
17484
17485
17487
17488
17490
17491
17494
17495
17499
17502
17504
17505
17507
17508
17509
17510
17511
17512
17513
17514
17515
17517
17521
17522
17526
17529
17530
17531
17532
17534
17538
17540
17541
17545
17546
17547
17548
17549
17551
17553
17556
17557
17558
17559
17560
17561
17563
17564
17566
17568
17570
17571
17572
17573
17575
17577
17579
17580
17581
17582
17583
17585
17587
17588
17589
17591
17592
17595
17598
17600
17603
17604
17606
17607
17610
17611
17612
17617
17618
17621
17622
17623
17625
17626
17627
17630
17631
17632
17634
17637
17638
17640
17641
17645
17648
17649
17650
17652
17653
17654
17655
17657
17659
17660
17663
17664
17666
17667
17668
17669
17672
17675
17676
17677
17678
17679
17680
17683
17685
17686
17687
17689
17690
17691
17695
17696
17697
17700
17701
17702
17704
17706
17707
17708
17709
17710
17712
17713
17715
17716
17717
17721
17722
17723
17724
17725
17726
17727
17729
17730
17732
17734
17735
17737
17738
17739
17741
17743
17744
17746
17751
17752
17753
17755
17756
17757
17758
17759
17760
17761
17762
17763
17764
17765
17767
17770
17771
17772
17774
17776
17779
17783
17784
17786
17788
17789
17793
17794
17795
17797
17799
17801
17805
17806
17807
17808
17809
17812
17814
17815
17816
17817
17818
17821
17822
17823
17825
17826
17827
17829
17830
17831
17834
17835
17836
17838
17841
17844
17846
17848
17849
17850
17851
17852
17855
17856
17857
17858
17859
17860
17864
17865
17867
17868
17869
17870
17871
17872
17875
17879
17882
17886
17890
17895
17896
17898
17899
17900
17901
17904
17905
17906
17907
17909
17915
17917
17918
17919
17922
17923
17927
17931
17933
17934
17937
17938
17939
17940
17942
17943
17945
17946
17947
17948
17950
17951
17952
17953
17955
17956
17957
17958
17959
17960
17961
17963
17965
17967
17968
17969
17971
17972
17973
17975
17976
17978
17979
17980
17981
17985
17986
17988
17989
17990
17991
17993
17995
17996
17997
18000
18002
18003
18004
18007
18008
18010
18013
18015
18016
18017
18018
18022
18023
18024
18025
18026
18027
18028
18029
18030
18031
18032
18033
18035
18036
18037
18038
18041
18043
18044
18045
18046
18047
18048
18049
18050
18052
18053
18054
18055
18056
18057
18058
18059
18060
18063
18064
18065
18066
18067
18068
18069
18070
18071
18072
18073
18074
18075
18076
18077
18078
18079
18080
18081
18082
18084
18085
18087
18088
18090
18091
18092
18094
18095
18096
18097
18098
18099
18100
18101
18103
18104
18106
18108
18110
18111
18113
18114
18115
18116
18119
18122
18123
18124
18125
18126
18127
18128
18131
18132
18134
18135
18136
18137
18138
18139
18140
18141
18142
18143
18145
18146
18147
18148
18149
18150
18153
18154
18158
18159
18161
18163
18166
18167
18170
18171
18172
18173
18174
18175
18176
18177
18180
18182
18184
18185
18186
18188
18189
18190
18191
18193
18196
18198
18199
18200
18201
18202
18204
18206
18209
18212
18215
18218
18221
18222
18223
18224
18225
18227
18228
18229
18230
18232
18234
18236
18237
18239
18240
18241
18243
18248
18249
18250
18251
18252
18253
18254
18255
18256
18257
18258
18259
18261
18262
18264
18265
18266
18267
18268
18270
18272
18274
18280
18281
18282
18283
18284
18285
18287
18288
18289
18290
18292
18294
18296
18297
18298
18299
18300
18302
18303
18304
18305
18306
18307
18308
18309
18310
18311
18314
18315
18317
18321
18322
18323
18324
18325
18326
18327
18328
18329
18330
18331
18333
18334
18335
18336
18337
18338
18339
18341
18342
18347
18348
18350
18351
18353
18355
18356
18360
18362
18364
18365
18366
18369
18370
18373
18374
18376
18377
18378
18379
18383
18384
18386
18387
18388
18389
18390
18391
18392
18393
18394
18395
18397
18398
18399
18400
18401
18402
18403
18404
18405
18407
18411
18412
18414
18415
18416
18417
18418
18419
18421
18422
18423
18425
18426
18427
18428
18430
18431
18433
18436
18437
18438
18439
18441
18442
18443
18445
18446
18447
18449
18450
18451
18452
18453
18454
18456
18458
18459
18461
18463
18464
18467
18468
18469
18470
18471
18472
18473
18474
18475
18476
18477
18479
18483
18484
18486
18487
18488
18489
18492
18494
18495
18496
18497
18498
18501
18502
18503
18506
18507
18508
18513
18517
18518
18519
18520
18522
18523
18525
18527
18528
18529
18530
18531
18533
18534
18535
18536
18537
18540
18541
18543
18544
18545
18550
18554
18555
18556
18557
18561
18562
18563
18567
18568
18569
18572
18574
18575
18578
18579
18580
18582
18583
18584
18585
18586
18587
18588
18589
18590
18591
18594
18595
18596
18597
18599
18600
18602
18603
18604
18605
18607
18609
18613
18614
18615
18616
18620
18621
18622
18623
18624
18626
18627
18628
18631
18632
18633
18634
18635
18637
18638
18639
18640
18642
18643
18644
18649
18650
18652
18653
18654
18655
18656
18658
18662
18663
18664
18665
18667
18669
18672
18673
18674
18675
18676
18678
18679
18680
18682
18684
18685
18686
18688
18690
18691
18692
18693
18694
18695
18697
18698
18699
18700
18703
18705
18706
18707
18708
18709
18712
18714
18715
18716
18717
18719
18721
18724
18725
18726
18727
18728
18729
18731
18732
18733
18734
18736
18737
18739
18742
18745
18746
18747
18749
18751
18752
18753
18754
18756
18757
18759
18760
18761
18762
18763
18764
18765
18766
18767
18769
18770
18771
18772
18774
18775
18777
18778
18781
18782
18783
18784
18785
18786
18787
18788
18789
18794
18798
18800
18801
18802
18803
18804
18805
18807
18808
18809
18812
18813
18816
18817
18818
18819
18821
18822
18824
18826
18827
18831
18832
18833
18834
18835
18836
18839
18841
18842
18844
18845
18847
18848
18849
18850
18851
18852
18853
18854
18855
18856
18857
18858
18859
18860
18862
18864
18865
18867
18868
18869
18871
18876
18878
18879
18881
18882
18883
18884
18885
18886
18887
18888
18889
18891
18892
18893
18894
18895
18899
18900
18901
18904
18907
18908
18909
18910
18911
18912
18913
18918
18920
18923
18924
18926
18928
18932
18933
18934
18937
18938
18940
18941
18942
18944
18946
18947
18949
18952
18953
18955
18956
18957
18958
18960
18964
18965
18966
18967
18968
18969
18971
18972
18973
18975
18976
18977
18978
18979
18981
18983
18984
18985
18986
18987
18988
18989
18991
18992
18993
18994
18995
18997
18998
18999
19000
19001
19002
19003
19004
19005
19007
19008
19013
19015
19016
19017
19019
19021
19023
19025
19026
19027
19028
19029
19030
19032
19033
19034
19037
19038
19039
19040
19041
19043
19044
19046
19047
19048
19050
19052
19053
19055
19057
19058
19059
19061
19062
19065
19068
19070
19072
19073
19074
19075
19078
19079
19080
19081
19083
19084
19086
19087
19088
19089
19090
19091
19094
19095
19097
19098
19099
19100
19101
19102
19103
19105
19106
19107
19109
19110
19112
19113
19115
19116
19117
19118
19119
19120
19121
19122
19123
19125
19126
19127
19130
19131
19132
19133
19136
19137
19138
19140
19141
19142
19144
19145
19146
19147
19148
19154
19155
19156
19157
19158
19161
19162
19163
19164
19166
19167
19169
19170
19172
19174
19175
19176
19177
19178
19180
19181
19182
19183
19184
19190
19192
19193
19195
19199
19200
19204
19206
19207
19208
19209
19210
19211
19212
19214
19215
19216
19218
19219
19220
19221
19222
19225
19226
19227
19228
19229
19230
19232
19233
19234
19235
19236
19237
19238
19240
19241
19243
19245
19246
19252
19253
19254
19255
19256
19258
19259
19261
19262
19263
19264
19265
19266
19267
19268
19269
19270
19271
19272
19273
19274
19276
19277
19278
19279
19280
19282
19283
19286
19287
19288
19290
19291
19292
19293
19297
19298
19299
19300
19301
19303
19304
19305
19306
19309
19310
19311
19312
19313
19314
19315
19317
19318
19320
19322
19328
19329
19331
19334
19336
19338
19339
19341
19344
19345
19347
19348
19349
19350
19353
19354
19355
19356
19357
19361
19363
19364
19365
19366
19367
19369
19370
19371
19372
19373
19376
19378
19379
19380
19383
19384
19387
19389
19390
19392
19393
19394
19395
19397
19399
19400
19402
19407
19409
19410
19411
19412
19415
19416
19418
19420
19421
19422
19424
19425
19426
19429
19430
19431
19432
19433
19434
19439
19440
19441
19442
19443
19444
19449
19450
19451
19452
19453
19457
19458
19459
19460
19461
19462
19463
19464
19465
19466
19467
19468
19469
19470
19471
19472
19474
19477
19478
19480
19481
19483
19484
19486
19488
19489
19496
19498
19499
19500
19502
19503
19504
19505
19507
19508
19509
19513
19515
19517
19518
19519
19522
19524
19528
19529
19530
19531
19532
19533
19534
19535
19537
19538
19539
19541
19542
19545
19546
19547
19548
19550
19551
19554
19555
19556
19557
19560
19562
19563
19564
19565
19568
19571
19574
19576
19577
19578
19579
19581
19582
19584
19585
19586
19587
19588
19589
19591
19594
19595
19596
19597
19598
19600
19601
19603
19604
19605
19607
19609
19610
19611
19613
19617
19618
19619
19620
19621
19623
19624
19627
19628
19631
19633
19635
19636
19639
19640
19642
19644
19646
19647
19651
19652
19653
19654
19656
19658
19659
19660
19661
19663
19664
19665
19666
19668
19669
19670
19673
19674
19675
19679
19680
19682
19683
19685
19687
19689
19691
19692
19693
19696
19697
19698
19699
19700
19701
19702
19703
19707
19708
19709
19711
19713
19714
19715
19716
19717
19719
19720
19721
19723
19724
19726
19727
19729
19732
19734
19735
19737
19738
19739
19740
19741
19743
19744
19747
19748
19749
19750
19751
19753
19754
19755
19760
19761
19763
19764
19765
19767
19769
19770
19771
19775
19776
19777
19778
19779
19780
19781
19782
19783
19784
19785
19786
19787
19788
19790
19792
19793
19794
19795
19796
19797
19798
19799
19802
19803
19806
19807
19813
19814
19817
19819
19820
19821
19822
19823
19824
19827
19828
19829
19830
19835
19836
19837
19838
19839
19840
19841
19844
19845
19848
19849
19850
19851
19852
19853
19854
19855
19856
19857
19859
19860
19861
19862
19863
19865
19867
19868
19870
19871
19873
19874
19875
19876
19877
19878
19879
19881
19883
19885
19886
19887
19888
19891
19893
19894
19895
19897
19898
19899
19900
19902
19903
19905
19906
19908
19909
19910
19911
19912
19913
19914
19915
19916
19917
19919
19920
19921
19922
19923
19925
19927
19928
19929
19930
19931
19933
19934
19936
19940
19941
19943
19944
19945
19948
19949
19951
19952
19954
19955
19956
19958
19961
19963
19966
19967
19969
19972
19973
19974
19975
19977
19978
19979
19980
19981
19982
19983
19985
19987
19989
19992
19993
19994
19995
19998
20001
20002
20004
20007
20009
20010
20011
20012
20013
20016
20017
20021
20023
20027
20029
20031
20032
20033
20034
20035
20036
20039
20042
20043
20044
20045
20047
20048
20049
20050
20052
20053
20054
20055
20057
20058
20059
20061
20068
20072
20074
20080
20086
20087
20089
20091
20092
20093
20094
20095
20098
20101
20102
20105
20109
20112
20116
20121
20123
20127
20130
20134
20138
20140
20143
20145
20148
20149
20150
20152
20154
20159
20160
20161
20165
20166
20168
20169
20171
20174
20179
20181
20182
20184
20195
20197
20200
20201
20204
20205
20206
20209
20210
20211
20212
20216
20217
20219
20222
20223
20224
20225
20226
20227
20228
20230
20231
20232
20236
20239
20242
20245
20246
20250
20253
20255
20258
20260
20261
20263
20265
20268
20276
20283
20286
20288
20293
20297
20298
20299
20300
20301
20302
20303
20304
20307
20308
20309
20313
20314
20319
20321
20322
20330
20331
20332
20337
20342
20344
20346
20349
20350
20351
20355
20356
20357
20359
20360
20362
20363
20364
20367
20369
20377
20378
20380
20381
20382
20383
20384
20387
20392
20393
20394
20395
20396
20400
20402
20404
20405
20407
20409
20412
20417
20422
20423
20427
20429
20431
20436
20438
20439
20447
20448
20449
20453
20455
20456
20457
20459
20463
20465
20466
20468
20471
20475
20476
20478
20480
20481
20482
20485
20487
20489
20490
20492
20493
20495
20496
20498
20499
20501
20506
20514
20516
20518
20519
20520
20521
20525
20526
20527
20536
20538
20539
20541
20542
20543
20546
20551
20552
20553
20554
20556
20557
20559
20561
20566
20568
20570
20575
20576
20581
20583
20585
20588
20591
20593
20594
20599
20600
20603
20604
20605
20608
20610
20612
20616
20618
20625
20626
20628
20633
20634
20641
20642
20644
20645
20646
20647
20651
20652
20653
20662
20664
20668
20669
20674
20678
20681
20686
20689
20690
20691
20692
20693
20694
20697
20698
20702
20705
20710
20711
20712
20716
20717
20719
20721
20722
20724
20726
20729
20730
20731
20732
20733
20740
20741
20743
20744
20746
20747
20748
20749
20750
20751
20754
20756
20759
20761
20763
20765
20766
20771
20772
20774
20779
20780
20783
20784
20785
20787
20789
20793
20794
20797
20800
20804
20805
20812
20814
20815
20817
20818
20819
20824
20830
20832
20833
20837
20839
20840
20842
20843
20844
20846
20848
20849
20853
20854
20855
20856
20857
20858
20861
20862
20864
20865
20867
20869
20871
20875
20876
20878
20881
20882
20883
20884
20885
20887
20888
20889
20892
20897
20900
20902
20903
20905
20906
20909
20910
20911
20914
20915
20921
20925
20926
20927
20928
20929
20932
20933
20937
20940
20942
20945
20946
20955
20956
20958
20959
20960
20961
20962
20964
20966
20967
20969
20971
20978
20979
20980
20986
20987
20994
20995
20999
21001
21009
21011
21012
21013
21016
21021
21022
21023
21024
21025
21028
21031
21033
21035
21038
21040
21041
21042
21046
21047
21048
21049
21051
21052
21053
21055
21059
21060
21061
21062
21064
21065
21066
21073
21075
21076
21079
21082
21083
21086
21087
21088
21092
21097
21098
21099
21105
21106
21109
21112
21117
21119
21120
21121
21122
21123
21125
21126
21129
21133
21134
21136
21137
21139
21142
21144
21145
21146
21148
21154
21155
21158
21162
21163
21164
21168
21170
21172
21180
21181
21183
21185
21186
21187
21188
21191
21197
21202
21204
21208
21209
21210
21217
21219
21224
21225
21227
21228
21230
21232
21234
21235
21236
21237
21239
21242
21243
21246
21260
21261
21262
21264
21267
21268
21272
21275
21276
21278
21281
21282
21286
21291
21293
21296
21299
21301
21304
21306
21307
21312
21313
21314
21315
21316
21321
21322
21323
21325
21326
21328
21330
21335
21338
21342
21344
21345
21347
21349
21350
21353
21354
21355
21356
21359
21361
21363
21366
21373
21376
21377
21380
21381
21382
21383
21384
21386
21389
21390
21392
21394
21395
21398
21400
21410
21412
21413
21414
21415
21417
21418
21421
21422
21425
21426
21429
21431
21432
21433
21435
21440
21445
21446
21449
21450
21451
21453
21454
21455
21456
21457
21459
21460
21473
21476
21478
21486
21488
21489
21491
21493
21494
21496
21497
21498
21499
21502
21503
21507
21509
21513
21514
21515
21524
21526
21531
21535
21537
21539
21546
21550
21551
21553
21558
21560
21562
21565
21566
21569
21574
21576
21579
21581
21584
21585
21591
21593
21594
21600
21601
21602
21604
21605
21608
21611
21612
21614
21615
21616
21619
21620
21621
21627
21634
21637
21638
21641
21642
21643
21644
21646
21647
21649
21651
21655
21661
21663
21665
21666
21668
21672
21676
21682
21684
21685
21687
21694
21695
21696
21697
21701
21703
21704
21705
21708
21710
21711
21712
21717
21720
21723
21726
21727
21731
21732
21736
21737
21740
21742
21744
21745
21750
21757
21759
21760
21761
21764
21766
21768
21769
21774
21775
21778
21779
21785
21787
21788
21790
21792
21793
21795
21796
21797
21803
21805
21806
21807
21808
21813
21818
21820
21821
21822
21824
21826
21827
21828
21829
21830
21831
21834
21835
21836
21837
21839
21841
21842
21843
21846
21848
21849
21851
21853
21856
21857
21859
21861
21863
21865
21867
21868
21870
21877
21878
21879
21881
21882
21883
21885
21887
21888
21890
21891
21892
21897
21900
21901
21903
21904
21905
21906
21907
21910
21913
21915
21919
21921
21922
21923
21924
21925
21928
21931
21932
21933
21934
21937
21941
21942
21944
21945
21946
21948
21950
21951
21952
21956
21958
21960
21961
21963
21964
21965
21966
21967
21972
21978
21979
21982
21985
21987
21988
21990
21992
21993
21995
21996
22002
22004
22009
22010
22012
22019
22021
22027
22028
22029
22030
22031
22033
22039
22040
22042
22043
22044
22048
22052
22053
22054
22055
22056
22057
22058
22059
22060
22061
22063
22065
22066
22070
22071
22076
22078
22079
22080
22081
22082
22083
22085
22088
22093
22097
22099
22101
22102
22103
22105
22108
22109
22117
22118
22120
22124
22127
22128
22129
22131
22132
22135
22136
22138
22140
22142
22144
22148
22149
22157
22158
22161
22162
22164
22165
22166
22169
22174
22176
22177
22179
22181
22182
22183
22184
22185
22188
22192
22193
22195
22196
22198
22199
22207
22208
22209
22214
22216
22217
22221
22223
22224
22226
22227
22231
22232
22233
22235
22236
22237
22241
22244
22245
22247
22248
22251
22252
22254
22255
22260
22261
22262
22264
22266
22268
22269
22272
22273
22275
22277
22278
22281
22282
22286
22289
22291
22294
22296
22297
22299
22302
22303
22304
22305
22308
22309
22312
22314
22315
22319
22320
22322
22324
22332
22337
22340
22343
22345
22346
22347
22349
22351
22352
22353
22354
22355
22358
22360
22361
22362
22365
22368
22371
22376
22378
22380
22382
22383
22384
22385
22387
22390
22393
22396
22398
22406
22407
22412
22414
22417
22420
22421
22422
22423
22424
22425
22426
22427
22428
22431
22433
22444
22446
22448
22449
22450
22453
22458
22459
22462
22463
22464
22465
22466
22468
22469
22470
22473
22475
22477
22478
22481
22484
22485
22490
22493
22495
22498
22499
22500
22501
22505
22507
22508
22509
22514
22515
22516
22517
22522
22524
22525
22526
22527
22528
22529
22530
22531
22535
22536
22540
22541
22543
22548
22549
22553
22554
22555
22556
22557
22558
22559
22560
22563
22564
22567
22568
22569
22570
22571
22573
22574
22575
22577
22578
22581
22582
22584
22587
22590
22591
22596
22597
22601
22602
22606
22609
22610
22611
22613
22615
22627
22632
22633
22636
22637
22639
22640
22642
22645
22648
22651
22652
22653
22654
22655
22660
22664
22666
22670
22671
22674
22675
22681
22683
22685
22686
22687
22688
22689
22691
22692
22697
22700
22702
22705
22707
22708
22714
22719
22721
22726
22728
22733
22742
22743
22744
22747
22749
22754
22756
22757
22759
22764
22765
22767
22768
22777
22779
22780
22781
22785
22788
22792
22795
22796
22801
22802
22804
22805
22810
22815
22816
22817
22820
22821
22825
22830
22834
22841
22842
22843
22844
22845
22853
22859
22860
22863
22865
22866
22867
22868
22869
22870
22872
22876
22878
22879
22881
22885
22886
22887
22893
22896
22897
22899
22900
22901
22902
22903
22904
22905
22906
22912
22917
22925
22928
22930
22934
22935
22938
22939
22940
22942
22945
22948
22951
22952
22954
22957
22959
22964
22968
22969
22971
22973
22974
22981
22982
22983
22984
22985
22986
22987
22988
22989
22991
22993
22996
22997
22998
23003
23006
23011
23013
23016
23019
23022
23026
23030
23033
23034
23035
23036
23037
23040
23044
23049
23052
23053
23054
23055
23056
23059
23065
23069
23072
23073
23075
23079
23081
23082
23088
23089
23091
23093
23094
23096
23097
23099
23102
23105
23108
23109
23110
23111
23113
23114
23115
23116
23119
23120
23121
23124
23126
23128
23134
23135
23136
23137
23138
23139
23140
23142
23144
23145
23147
23150
23153
23154
23155
23159
23161
23165
23166
23170
23171
23172
23174
23176
23179
23181
23183
23185
23186
23188
23190
23191
23196
23197
23198
23200
23202
23203
23206
23207
23209
23210
23215
23217
23218
23220
23221
23223
23224
23228
23231
23233
23236
23238
23242
23243
23253
23254
23255
23258
23260
23262
23265
23268
23276
23280
23284
23286
23288
23290
23292
23293
23294
23295
23297
23298
23302
23304
23305
23306
23309
23310
23312
23316
23320
23321
23323
23330
23334
23336
23337
23341
23342
23344
23347
23351
23352
23353
23354
23356
23358
23361
23363
23364
23366
23367
23368
23370
23374
23376
23378
23381
23383
23385
23389
23391
23392
23394
23396
23397
23399
23401
23402
23403
23404
23410
23415
23417
23418
23420
23422
23424
23428
23429
23431
23432
23434
23435
23437
23438
23444
23446
23447
23448
23450
23453
23455
23457
23459
23461
23463
23464
23465
23466
23467
23469
23480
23483
23484
23487
23488
23491
23492
23493
23494
23496
23497
23499
23501
23502
23505
23507
23509
23511
23512
23515
23516
23517
23518
23519
23522
23527
23531
23533
23534
23536
23537
23540
23541
23545
23547
23548
23549
23552
23554
23556
23558
23559
23564
23565
23567
23573
23574
23578
23583
23584
23587
23592
23593
23594
23602
23604
23607
23609
23612
23613
23614
23616
23619
23623
23625
23627
23628
23629
23630
23632
23633
23634
23638
23643
23650
23655
23656
23657
23660
23663
23668
23670
23672
23676
23683
23684
23687
23689
23691
23693
23695
23697
23698
23702
23704
23706
23710
23715
23719
23720
23722
23723
23724
23726
23732
23733
23734
23740
23741
23744
23746
23748
23749
23751
23752
23753
23754
23755
23760
23762
23763
23766
23768
23773
23774
23778
23780
23783
23784
23786
23790
23791
23793
23794
23795
23798
23799
23802
23804
23805
23806
23807
23810
23811
23812
23813
23814
23815
23816
23819
23822
23826
23829
23844
23852
23853
23855
23859
23861
23862
23866
23867
23869
23873
23877
23881
23884
23886
23887
23888
23892
23897
23900
23901
23908
23911
23915
23917
23919
23920
23921
23925
23929
23931
23934
23935
23937
23941
23946
23948
23949
23951
23952
23956
23957
23959
23960
23962
23965
23967
23968
23969
23971
23973
23975
23978
23979
23980
23982
23987
23990
23992
23993
23994
23997
23998
24000
24001
24006
24008
24015
24016
24018
24021
24023
24025
24031
24032
24034
24038
24039
24040
24041
24043
24045
24046
24051
24059
24062
24064
24067
24071
24076
24081
24083
24084
24093
24095
24104
24107
24111
24115
24116
24118
24119
24121
24122
24124
24127
24128
24131
24135
24136
24139
24143
24145
24146
24147
24148
24149
24150
24154
24160
24165
24166
24171
24172
24173
24175
24176
24180
24181
24186
24188
24196
24198
24199
24204
24208
24209
24210
24212
24222
24223
24225
24226
24231
24232
24238
24240
24241
24242
24244
24245
24249
24250
24253
24254
24255
24256
24264
24266
24267
24269
24272
24273
24274
24275
24279
24283
24285
24286
24287
24288
24290
24294
24295
24296
24303
24304
24311
24314
24320
24323
24324
24326
24329
24331
24332
24333
24334
24335
24337
24341
24348
24349
24351
24353
24356
24358
24360
24361
24364
24365
24366
24375
24376
24377
24378
24380
24382
24384
24386
24388
24391
24396
24397
24407
24408
24409
24411
24413
24417
24420
24422
24423
24424
24426
24430
24432
24434
24435
24437
24439
24440
24441
24445
24447
24450
24452
24454
24457
24462
24467
24468
24471
24476
24478
24479
24481
24483
24484
24486
24488
24490
24491
24500
24502
24503
24505
24509
24511
24515
24518
24521
24522
24523
24528
24530
24531
24532
24536
24538
24539
24540
24541
24543
24545
24549
24554
24555
24556
24557
24562
24563
24566
24567
24570
24572
24574
24575
24577
24582
24583
24585
24587
24589
24590
24591
24592
24596
24597
24601
24609
24611
24614
24615
24616
24617
24622
24624
24625
24626
24627
24628
24629
24633
24634
24638
24646
24647
24649
24650
24654
24656
24659
24660
24661
24663
24666
24670
24673
24676
24677
24678
24680
24681
24683
24686
24688
24690
24691
24693
24696
24697
24701
24704
24705
24707
24708
24710
24714
24717
24718
24719
24720
24725
24729
24731
24734
24735
24737
24739
24740
24744
24748
24750
24752
24753
24754
24756
24757
24759
24762
24765
24766
24767
24768
24771
24773
24774
24775
24777
24779
24781
24784
24788
24791
24793
24794
24796
24800
24801
24802
24803
24804
24807
24808
24811
24812
24813
24814
24816
24818
24819
24820
24822
24825
24834
24837
24838
24842
24844
24852
24855
24856
24860
24861
24862
24865
24866
24872
24873
24874
24875
24878
24879
24880
24881
24882
24883
24890
24891
24892
24895
24898
24900
24901
24904
24905
24906
24910
24912
24913
24914
24915
24917
24919
24920
24921
24923
24931
24933
24936
24940
24941
24942
24947
24951
24955
24956
24959
24960
24961
24963
24964
24966
24967
24971
24972
24978
24979
24982
24983
24984
24986
24987
24989
24993
24996
24998
24999
25000
25001
25004
25005
25007
25008
25010
25013
25016
25019
25020
25021
25022
25023
25024
25026
25032
25033
25036
25038
25039
25044
25045
25048
25050
25051
25052
25054
25055
25063
25067
25068
25069
25070
25073
25075
25076
25077
25078
25086
25090
25091
25094
25099
25102
25104
25106
25108
25112
25113
25114
25115
25116
25117
25118
25119
25120
25121
25124
25125
25126
25127
25128
25129
25136
25137
25141
25142
25143
25144
25146
25148
25149
25150
25151
25153
25154
25156
25157
25160
25161
25164
25165
25166
25167
25168
25169
25172
25175
25176
25177
25179
25180
25181
25184
25185
25187
25188
25189
25191
25196
25197
25199
25200
25201
25203
25205
25206
25207
25213
25216
25217
25218
25221
25223
25226
25231
25235
25236
25237
25240
25242
25243
25245
25248
25249
25252
25254
25258
25259
25260
25262
25263
25264
25265
25267
25268
25272
25277
25278
25280
25283
25284
25285
25286
25289
25290
25295
25296
25298
25300
25303
25304
25308
25309
25310
25312
25314
25315
25316
25318
25320
25321
25322
25323
25324
25326
25327
25329
25334
25335
25336
25337
25339
25341
25342
25344
25345
25347
25350
25351
25353
25355
25356
25357
25358
25359
25363
25365
25368
25370
25374
25375
25379
25382
25383
25386
25387
25391
25392
25394
25395
25396
25398
25400
25406
25407
25408
25412
25413
25414
25417
25421
25422
25423
25424
25426
25429
25431
25435
25436
25437
25440
25441
25445
25449
25452
25453
25454
25455
25456
25457
25458
25460
25461
25462
25463
25464
25467
25468
25470
25471
25472
25473
25474
25475
25477
25478
25481
25483
25485
25486
25487
25488
25489
25490
25494
25495
25496
25497
25498
25502
25504
25507
25508
25511
25512
25513
25514
25516
25517
25520
25521
25527
25528
25530
25531
25533
25534
25537
25539
25543
25544
25546
25547
25549
25550
25551
25552
25553
25556
25558
25559
25561
25563
25565
25567
25568
25569
25570
25571
25572
25574
25575
25576
25577
25580
25581
25582
25583
25584
25586
25589
25591
25595
25597
25600
25602
25604
25606
25607
25608
25609
25611
25612
25613
25615
25616
25617
25619
25620
25621
25623
25624
25625
25626
25629
25631
25633
25636
25640
25641
25644
25645
25647
25649
25652
25653
25654
25658
25660
25661
25666
25667
25669
25671
25672
25674
25675
25677
25678
25681
25682
25688
25689
25690
25694
25696
25700
25704
25705
25708
25709
25712
25715
25716
25717
25718
25719
25721
25722
25724
25727
25732
25733
25735
25736
25738
25743
25745
25746
25747
25751
25757
25759
25760
25761
25762
25763
25764
25766
25767
25769
25774
25778
25781
25785
25786
25787
25788
25797
25799
25802
25805
25806
25808
25809
25811
25814
25816
25817
25818
25819
25820
25821
25825
25826
25827
25829
25831
25833
25834
25838
25846
25849
25851
25852
25854
25856
25858
25860
25861
25863
25864
25866
25869
25870
25874
25875
25879
25880
25881
25883
25884
25885
25886
25887
25888
25895
25896
25897
25899
25900
25901
25903
25904
25910
25911
25913
25914
25915
25916
25918
25919
25920
25921
25923
25925
25928
25929
25930
25933
25936
25937
25941
25943
25946
25950
25953
25955
25956
25962
25965
25966
25967
25969
25970
25972
25975
25976
25977
25978
25979
25980
25981
25983
25984
25985
25986
25990
25991
25994
25995
25996
25997
25999
26000
26002
26004
26010
26012
26016
26018
26019
26020
26023
26024
26029
26030
26033
26036
26037
26039
26040
26044
26046
26048
26049
26050
26053
26054
26055
26057
26058
26060
26061
26063
26064
26065
26066
26067
26068
26069
26070
26071
26072
26073
26076
26079
26080
26081
26083
26084
26087
26088
26091
26092
26095
26100
26101
26103
26105
26107
26109
26113
26114
26122
26124
26128
26131
26132
26133
26135
26136
26137
26138
26141
26142
26144
26145
26149
26150
26151
26154
26156
26157
26161
26162
26163
26167
26168
26170
26171
26172
26175
26177
26182
26187
26189
26190
26191
26196
26197
26198
26199
26202
26203
26208
26212
26213
26214
26215
26216
26217
26218
26219
26220
26223
26224
26227
26229
26232
26234
26237
26238
26239
26244
26247
26248
26252
26253
26254
26255
26256
26260
26261
26262
26263
26264
26265
26267
26269
26271
26272
26275
26277
26282
26283
26284
26286
26287
26288
26296
26298
26299
26300
26301
26302
26304
26306
26307
26312
26313
26317
26319
26320
26321
26322
26324
26329
26330
26331
26333
26334
26335
26337
26338
26340
26342
26343
26344
26346
26347
26348
26349
26350
26351
26352
26353
26356
26358
26360
26364
26367
26368
26369
26373
26375
26376
26378
26379
26380
26381
26382
26383
26385
26391
26392
26396
26400
26401
26404
26405
26406
26407
26409
26411
26413
26415
26417
26419
26428
26430
26434
26435
26437
26438
26440
26445
26447
26448
26450
26451
26452
26453
26454
26456
26459
26461
26464
26465
26467
26468
26469
26474
26476
26479
26481
26482
26484
26485
26486
26487
26488
26492
26496
26498
26499
26500
26505
26506
26508
26509
26510
26511
26513
26516
26518
26523
26527
26528
26530
26531
26532
26533
26535
26538
26542
26543
26544
26548
26551
26555
26563
26567
26570
26571
26575
26577
26578
26579
26580
26581
26582
26589
26591
26592
26593
26598
26599
26601
26602
26605
26608
26610
26612
26615
26616
26617
26619
26620
26621
26622
26623
26624
26626
26627
26628
26630
26632
26633
26634
26635
26636
26638
26640
26641
26642
26645
26646
26648
26652
26654
26658
26662
26665
26667
26668
26669
26670
26672
26675
26676
26677
26678
26679
26683
26686
26687
26688
26689
26692
26695
26696
26697
26698
26700
26702
26704
26706
26707
26709
26710
26711
26712
26713
26714
26721
26724
26728
26730
26731
26733
26736
26738
26740
26741
26744
26747
26749
26752
26753
26755
26757
26761
26762
26764
26767
26769
26770
26776
26779
26780
26781
26783
26785
26786
26787
26789
26790
26791
26793
26797
26798
26801
26802
26806
26808
26812
26813
26814
26815
26816
26817
26819
26820
26822
26823
26828
26830
26832
26834
26837
26839
26841
26842
26844
26846
26847
26853
26858
26864
26865
26867
26868
26870
26871
26873
26875
26877
26878
26879
26880
26881
26882
26883
26884
26885
26887
26888
26890
26892
26893
26894
26898
26899
26900
26902
26906
26907
26909
26910
26911
26912
26914
26917
26919
26920
26921
26922
26923
26925
26926
26930
26933
26934
26936
26939
26940
26941
26943
26944
26945
26946
26947
26951
26952
26953
26954
26955
26956
26959
26960
26961
26962
26964
26966
26968
26969
26972
26977
26978
26979
26980
26981
26983
26984
26985
26986
26989
26990
26991
26993
26994
26996
26998
27003
27005
27007
27008
27011
27012
27014
27015
27017
27018
27020
27021
27022
27023
27024
27025
27028
27030
27031
27032
27034
27035
27037
27038
27039
27045
27046
27047
27048
27052
27054
27055
27058
27059
27061
27062
27063
27064
27065
27067
27070
27071
27072
27074
27076
27077
27080
27081
27082
27083
27084
27087
27091
27094
27095
27096
27100
27103
27104
27107
27108
27110
27111
27113
27115
27116
27117
27119
27120
27122
27124
27125
27127
27133
27137
27138
27139
27146
27147
27148
27152
27154
27155
27156
27159
27160
27170
27171
27174
27175
27178
27180
27181
27183
27185
27188
27189
27190
27191
27192
27193
27197
27201
27202
27203
27206
27208
27209
27210
27212
27217
27218
27219
27221
27224
27225
27226
27228
27229
27232
27233
27237
27239
27242
27243
27244
27246
27252
27253
27257
27259
27260
27262
27264
27267
27268
27271
27273
27274
27275
27277
27278
27281
27282
27283
27284
27289
27290
27301
27302
27305
27306
27307
27308
27312
27313
27314
27315
27317
27319
27321
27322
27323
27325
27328
27329
27330
27331
27332
27333
27334
27335
27337
27339
27340
27341
27342
27343
27344
27345
27346
27353
27356
27358
27360
27361
27366
27369
27374
27377
27382
27384
27389
27391
27392
27394
27396
27397
27398
27399
27400
27402
27404
27405
27406
27409
27410
27411
27414
27415
27416
27419
27420
27421
27422
27425
27427
27430
27431
27433
27434
27435
27437
27440
27442
27443
27444
27445
27446
27447
27449
27450
27451
27453
27456
27457
27463
27465
27467
27468
27470
27471
27472
27475
27479
27481
27482
27485
27492
27493
27494
27495
27496
27497
27504
27505
27506
27508
27514
27516
27517
27519
27522
27526
27527
27528
27529
27533
27534
27536
27537
27541
27542
27544
27546
27547
27550
27551
27552
27555
27559
27560
27561
27562
27565
27566
27567
27568
27570
27574
27575
27576
27579
27580
27584
27585
27587
27588
27590
27592
27593
27595
27596
27597
27598
27600
27602
27603
27605
27606
27607
27610
27613
27614
27621
27622
27624
27625
27626
27628
27629
27631
27632
27635
27637
27638
27639
27640
27642
27643
27644
27645
27646
27649
27650
27654
27659
27662
27664
27665
27666
27667
27671
27672
27673
27674
27677
27679
27680
27681
27682
27683
27685
27686
27687
27688
27690
27691
27692
27693
27701
27705
27708
27710
27714
27716
27717
27718
27719
27720
27721
27724
27729
27730
27731
27732
27733
27734
27735
27736
27738
27740
27741
27742
27743
27744
27747
27748
27749
27752
27753
27755
27758
27761
27762
27766
27767
27768
27772
27773
27774
27775
27777
27780
27782
27790
27791
27798
27800
27802
27803
27804
27808
27809
27811
27814
27815
27817
27820
27821
27824
27827
27828
27829
27831
27833
27834
27836
27838
27839
27843
27844
27845
27846
27847
27848
27850
27851
27854
27857
27867
27870
27872
27873
27874
27879
27880
27882
27883
27888
27891
27895
27896
27899
27902
27903
27907
27910
27911
27912
27916
27918
27919
27922
27924
27925
27926
27927
27930
27933
27935
27936
27939
27941
27943
27945
27951
27952
27953
27955
27957
27959
27960
27962
27964
27966
27967
27971
27975
27976
27977
27980
27985
27986
27989
27993
27994
27995
27996
28000
28001
28002
28003
28004
28005
28006
28008
28009
28012
28014
28015
28017
28018
28020
28023
28024
28026
28027
28031
28032
28033
28034
28035
28038
28040
28041
28043
28046
28047
28049
28051
28052
28054
28056
28059
28062
28063
28064
28065
28067
28068
28070
28072
28075
28076
28077
28078
28082
28085
28086
28088
28090
28091
28093
28100
28102
28104
28106
28107
28114
28115
28116
28119
28121
28126
28128
28132
28133
28135
28139
28140
28144
28145
28146
28147
28148
28151
28153
28157
28164
28167
28169
28170
28171
28173
28174
28177
28178
28181
28182
28183
28186
28187
28190
28193
28195
28200
28202
28204
28205
28206
28207
28208
28209
28211
28213
28214
28216
28219
28221
28226
28229
28232
28233
28237
28238
28241
28243
28244
28246
28247
28251
28253
28255
28257
28259
28261
28262
28263
28264
28266
28267
28271
28273
28275
28277
28278
28279
28282
28284
28291
28294
28295
28300
28302
28304
28305
28306
28307
28308
28309
28312
28316
28318
28323
28326
28328
28330
28334
28338
28340
28341
28344
28347
28349
28351
28354
28355
28356
28357
28359
28360
28361
28363
28367
28370
28375
28376
28377
28384
28385
28386
28387
28388
28389
28390
28392
28393
28395
28396
28397
28398
28399
28400
28403
28406
28411
28412
28423
28425
28426
28428
28431
28432
28434
28435
28438
28439
28448
28452
28454
28455
28456
28459
28462
28466
28467
28469
28470
28471
28476
28477
28479
28480
28481
28482
28484
28485
28490
28492
28494
28499
28502
28504
28505
28506
28509
28510
28511
28512
28513
28515
28517
28518
28522
28523
28525
28526
28528
28529
28530
28533
28534
28539
28540
28544
28546
28547
28548
28549
28550
28551
28556
28557
28558
28561
28562
28563
28564
28565
28566
28568
28570
28572
28573
28574
28581
28583
28584
28585
28586
28587
28588
28589
28590
28591
28592
28593
28594
28595
28601
28604
28605
28606
28607
28608
28612
28615
28618
28622
28623
28626
28627
28628
28629
28630
28631
28636
28639
28640
28642
28643
28645
28646
28647
28648
28651
28653
28659
28661
28662
28665
28666
28667
28668
28670
28671
28674
28676
28680
28681
28682
28683
28686
28687
28688
28690
28695
28696
28698
28701
28704
28705
28706
28708
28710
28711
28712
28714
28716
28720
28725
28727
28732
28733
28734
28735
28738
28740
28741
28743
28745
28746
28747
28749
28750
28752
28753
28754
28755
28757
28758
28762
28763
28764
28768
28769
28771
28772
28774
28776
28778
28779
28782
28786
28787
28791
28793
28796
28800
28801
28802
28803
28804
28807
28813
28817
28819
28820
28822
28823
28824
28825
28827
28829
28830
28832
28838
28839
28841
28842
28845
28846
28847
28853
28854
28856
28866
28870
28871
28875
28879
28881
28882
28883
28886
28887
28889
28892
28894
28896
28898
28901
28902
28903
28908
28909
28910
28914
28915
28916
28917
28918
28920
28921
28924
28928
28929
28931
28932
28935
28937
28938
28941
28942
28945
28946
28947
28948
28950
28951
28952
28954
28958
28963
28966
28967
28969
28972
28978
28979
28981
28982
28984
28985
28987
28988
28990
28993
28994
28996
29001
29003
29006
29007
29010
29015
29016
29017
29021
29023
29026
29030
29031
29035
29036
29038
29040
29043
29044
29045
29048
29050
29054
29059
29061
29063
29064
29065
29071
29072
29073
29074
29075
29076
29077
29079
29082
29083
29086
29087
29088
29090
29093
29094
29095
29097
29098
29099
29100
29104
29107
29108
29111
29113
29116
29117
29118
29120
29124
29127
29128
29130
29131
29137
29139
29141
29142
29144
29145
29152
29153
29154
29155
29157
29158
29160
29161
29162
29163
29164
29166
29168
29172
29174
29175
29176
29177
29178
29179
29180
29182
29183
29185
29186
29189
29192
29197
29198
29200
29201
29202
29204
29206
29208
29210
29211
29214
29215
29217
29219
29220
29223
29226
29227
29229
29230
29232
29234
29238
29240
29245
29246
29247
29250
29252
29255
29256
29258
29259
29262
29263
29267
29270
29271
29273
29274
29275
29277
29279
29280
29283
29284
29285
29286
29288
29289
29291
29292
29295
29305
29307
29309
29311
29316
29317
29319
29321
29323
29327
29331
29332
29333
29339
29342
29344
29346
29347
29351
29354
29355
29356
29357
29358
29359
29361
29362
29363
29364
29365
29366
29367
29369
29372
29374
29375
29376
29377
29378
29379
29380
29382
29384
29385
29386
29387
29389
29390
29393
29397
29398
29401
29408
29411
29412
29413
29414
29417
29419
29421
29423
29425
29430
29431
29432
29433
29435
29438
29442
29446
29448
29449
29451
29452
29453
29454
29455
29456
29457
29460
29461
29462
29464
29465
29467
29468
29469
29470
29471
29472
29473
29480
29485
29486
29487
29489
29490
29492
29494
29497
29498
29501
29502
29503
29504
29505
29506
29507
29509
29511
29513
29514
29519
29520
29523
29526
29533
29536
29537
29539
29540
29542
29543
29544
29545
29546
29547
29548
29550
29552
29556
29557
29559
29560
29561
29562
29563
29565
29566
29567
29571
29572
29576
29579
29582
29586
29588
29589
29590
29592
29593
29598
29603
29605
29606
29609
29612
29616
29617
29618
29619
29620
29622
29623
29626
29627
29628
29633
29635
29636
29640
29644
29645
29646
29648
29650
29651
29652
29653
29654
29655
29656
29657
29659
29662
29664
29666
29667
29668
29670
29672
29673
29675
29680
29686
29688
29690
29691
29692
29694
29695
29696
29697
29699
29701
29705
29706
29707
29709
29710
29711
29713
29714
29715
29716
29718
29719
29721
29724
29729
29731
29733
29736
29739
29740
29741
29743
29744
29745
29747
29748
29752
29753
29756
29760
29762
29764
29766
29769
29772
29773
29776
29778
29779
29781
29783
29785
29794
29795
29797
29799
29800
29801
29804
29807
29808
29809
29810
29817
29820
29825
29827
29829
29833
29837
29838
29840
29842
29843
29844
29847
29848
29849
29850
29852
29853
29854
29856
29858
29860
29863
29865
29867
29872
29873
29874
29879
29881
29882
29885
29889
29890
29898
29901
29903
29905
29909
29910
29913
29920
29922
29924
29927
29930
29931
29932
29935
29936
29937
29939
29940
29941
29950
29953
29956
29957
29958
29959
29964
29965
29969
29970
29974
29975
29977
29979
29980
29983
29984
29985
29986
29988
29989
29990
29992
29994
29996
29998
30004
30035
30048
30050
30068
30072
30084
30087
30092
30098
30102
30111
30114
30116
30125
30130
30145
30149
30209
30213
30247
30250
30261
30271
30291
30320
30330
30352
30370
30382
30425
30437
30448
30457
30462
30465
30472
30485
30494
30508
30512
30519
30539
30543
30567
30577
30581
30632
30646
30650
30653
30656
30665
30676
30678
30689
30697
30714
30718
30719
30761
30784
30794
30809
30863
30885
30890
30905
30906
30931
30937
30947
30950
30953
30977
30982
30989
30998
31002
31004
31021
31040
31048
31081
31093
31109
31111
31112
31114
31121
31135
31138
31145
31165
31168
31170
31175
31191
31201
31209
31217
31228
31237
31249
31254
31278
31291
31296
31308
31314
31315
31332
31345
31347
31360
31375
31399
31401
31459
31486
31487
31507
31509
31529
31530
31533
31538
31571
31575
31594
31618
31620
31621
31632
31636
31642
31658
31676
31677
31696
31708
31718
31739
31740
31766
31775
31776
31785
31788
31791
31805
31807
31813
31839
31844
31863
31870
31887
31896
31935
31953
31954
31971
31981
31983
31990
31994
31997
32000
32018
32021
32024
32036
32048
32058
32069
32074
32075
32080
32086
32099
32104
32127
32154
32175
32184
32186
32241
32253
32264
32273
32275
32285
32306
32307
32326
32337
32355
32367
32375
32390
32394
32395
32396
32403
32432
32449
32456
32465
32473
32474
32478
32483
32498
32510
32522
32550
32561
32565
32579
32588
32603
32605
32609
32610
32612
32636
32642
32659
32675
32685
32686
32689
32696
32735
32764
32778
32789
32816
32827
32842
32849
32863
32866
32890
32906
32910
32915
32921
32948
32951
32954
32958
32960
32970
32972
32973
32982
32983
32991
32997
33006
33012
33023
33030
33033
33050
33055
33059
33061
33063
33065
33072
33115
33126
33127
33128
33133
33135
33141
33146
33148
33156
33165
33168
33208
33212
33218
33247
33287
33301
33352
33357
33363
33366
33381
33385
33386
33404
33438
33440
33445
33468
33473
33481
33503
33513
33518
33522
33526
33557
33560
33584
33585
33605
33607
33616
33640
33645
33682
33696
33699
33712
33716
33741
33743
33752
33767
33806
33822
33834
33842
33847
33860
33888
33892
33894
33895
33896
33904
33915
33929
33941
33947
33951
33955
33967
33991
34013
34039
34040
34056
34059
34089
34097
34136
34140
34160
34192
34203
34208
34216
34217
34226
34251
34263
34265
34269
34280
34286
34299
34306
34316
34326
34334
34350
34362
34420
34421
34424
34434
34461
34465
34488
34505
34512
34525
34550
34557
34565
34574
34577
34592
34602
34625
34628
34643
34647
34648
34663
34668
34674
34681
34718
34726
34727
34729
34741
34776
34787
34803
34826
34839
34873
34885
34895
34928
34930
34932
34960
34970
34978
34984
35001
35004
35010
35014
35020
35042
35043
35045
35046
35050
35067
35069
35070
35078
35080
35084
35085
35093
35096
35100
35101
35116
35126
35133
35142
35151
35166
35167
35170
35174
35181
35184
35190
35194
35210
35215
35229
35237
35239
35249
35257
35258
35265
35274
35275
35281
35290
35302
35313
35326
35327
35328
35336
35340
35346
35350
35352
35366
35367
35388
35392
35404
35405
35408
35409
35416
35424
35428
35430
35432
35434
35443
35448
35449
35456
35486
35488
35492
35498
35506
35514
35517
35518
35519
35520
35534
35535
35546
35552
35560
35569
35574
35576
35577
35579
35580
35597
35601
35606
35619
35621
35626
35655
35657
35677
35678
35681
35685
35705
35708
35709
35711
35724
35733
35746
35752
35768
35773
35783
35786
35809
35811
35814
35827
35832
35837
35841
35845
35850
35855
35856
35863
35877
35881
35889
35890
35899
35902
35903
35908
35909
35933
35940
35949
35957
35961
35964
35969
35981
35985
35990
35991
35999
36002
36006
36033
36037
36047
36048
36049
36052
36053
36068
36075
36090
36091
36112
36114
36132
36137
36140
36146
36149
36156
36159
36166
36178
36187
36189
36190
36195
36197
36215
36228
36235
36236
36257
36281
36284
36292
36293
36294
36314
36327
36329
36331
36334
36336
36342
36353
36360
36363
36374
36375
36377
36405
36406
36413
36415
36423
36425
36433
36438
36442
36447
36449
36450
36458
36466
36476
36481
36483
36493
36513
36515
36518
36519
36521
36531
36535
36540
36548
36577
36581
36587
36594
36605
36606
36607
36632
36633
36634
36636
36638
36639
36643
36644
36651
36653
36655
36657
36659
36663
36665
36667
36687
36696
36697
36703
36707
36708
36712
36715
36716
36722
36725
36740
36745
36759
36782
36784
36787
36791
36803
36805
36807
36815
36819
36831
36834
36846
36852
36858
36866
36873
36885
36891
36893
36897
36899
36900
36905
36909
36912
36916
36921
36925
36926
36927
36932
36951
36961
36967
36980
36992
36993
37010
37011
37027
37038
37047
37050
37054
37060
37069
37075
37076
37101
37106
37114
37125
37130
37138
37156
37157
37162
37167
37174
37175
37176
37180
37181
37184
37192
37204
37207
37220
37223
37224
37229
37230
37234
37239
37252
37263
37269
37286
37288
37289
37292
37293
37296
37309
37310
37316
37317
37331
37332
37335
37343
37362
37369
37373
37380
37387
37395
37400
37408
37415
37422
37437
37439
37470
37481
37482
37498
37501
37504
37506
37507
37508
37524
37527
37531
37537
37548
37551
37555
37563
37564
37565
37570
37579
37592
37596
37600
37604
37609
37611
37620
37622
37625
37626
37628
37630
37639
37652
37653
37655
37664
37671
37672
37679
37682
37695
37704
37719
37723
37729
37731
37733
37736
37752
37757
37760
37777
37779
37781
37782
37797
37798
37807
37808
37838
37844
37847
37851
37859
37867
37871
37873
37879
37880
37883
37884
37896
37900
37901
37910
37912
37916
37930
37951
37959
37977
37978
37987
38009
38010
38026
38030
38031
38039
38042
38050
38060
38061
38062
38072
38080
38092
38096
38101
38107
38111
38113
38117
38137
38138
38143
38144
38146
38161
38166
38174
38183
38186
38195
38211
38221
38227
38229
38230
38231
38232
38236
38267
38268
38271
38272
38279
38288
38289
38296
38301
38306
38317
38322
38329
38331
38334
38341
38345
38352
38354
38373
38375
38379
38383
38392
38400
38417
38418
38419
38425
38448
38458
38465
38471
38473
38474
38491
38492
38493
38505
38507
38511
38513
38514
38524
38537
38538
38546
38562
38578
38584
38593
38598
38605
38608
38613
38629
38634
38636
38639
38653
38663
38669
38671
38672
38673
38685
38688
38703
38710
38725
38727
38748
38750
38764
38769
38777
38781
38789
38797
38804
38805
38811
38812
38823
38829
38842
38846
38848
38858
38864
38869
38873
38874
38875
38881
38884
38886
38888
38889
38895
38914
38935
38939
38952
38956
38958
38963
38991
39001
39011
39023
39058
39061
39068
39079
39080
39089
39093
39098
39099
39104
39112
39125
39130
39131
39152
39166
39168
39170
39172
39213
39224
39240
39241
39256
39260
39283
39286
39297
39304
39316
39322
39325
39339
39344
39348
39350
39358
39361
39362
39376
39380
39389
39398
39416
39419
39424
39433
39439
39441
39446
39448
39460
39465
39475
39477
39478
39480
39483
39488
39495
39503
39504
39513
39521
39522
39525
39541
39543
39545
39555
39572
39582
39585
39608
39609
39616
39619
39624
39629
39632
39633
39634
39636
39638
39648
39649
39660
39676
39699
39700
39712
39718
39719
39721
39733
39737
39751
39758
39760
39761
39774
39776
39788
39789
39797
39806
39817
39821
39822
39841
39848
39863
39864
39869
39880
39885
39890
39903
39904
39910
39913
39917
39931
39932
39934
39948
39965
39968
39974
39982
39983
40008
40014
40024
40030
40034
40043
40044
40045
40046
40048
40050
40055
40056
40061
40062
40064
40066
40068
40071
40084
40087
40088
40092
40100
40102
40108
40121
40122
40124
40125
40131
40133
40135
40144
40151
40156
40157
40159
40160
40163
40164
40166
40167
40169
40170
40187
40191
40195
40203
40205
40208
40211
40213
40214
40218
40219
40223
40224
40225
40226
40227
40228
40234
40236
40237
40240
40246
40247
40249
40252
40255
40257
40260
40263
40266
40271
40272
40273
40283
40298
40309
40312
40315
40327
40328
40329
40330
40336
40338
40340
40344
40347
40352
40353
40355
40356
40357
40359
40360
40361
40363
40373
40378
40379
40383
40394
40401
40406
40407
40410
40417
40420
40429
40430
40433
40436
40443
40444
40449
40457
40459
40460
40468
40473
40477
40485
40491
40496
40498
40501
40503
40511
40516
40523
40525
40527
40528
40529
40535
40541
40544
40548
40551
40552
40556
40566
40574
40578
40581
40588
40594
40605
40607
40618
40620
40623
40627
40628
40630
40638
40642
40653
40655
40660
40666
40673
40674
40676
40678
40682
40683
40685
40692
40697
40698
40702
40711
40735
40736
40739
40741
40744
40748
40751
40763
40775
40778
40782
40787
40790
40793
40797
40803
40806
40811
40822
40823
40824
40827
40831
40839
40840
40841
40845
40847
40850
40855
40858
40859
40864
40869
40877
40878
40881
40883
40885
40888
40889
40902
40905
40908
40909
40911
40918
40920
40921
40923
40933
40942
40945
40947
40948
40953
40954
40958
40961
40963
40965
40967
40970
40980
40982
40983
40988
40989
40991
40992
41002
41005
41006
41009
41015
41016
41018
41022
41037
41038
41039
41044
41047
41057
41058
41070
41075
41078
41079
41091
41094
41096
41100
41107
41114
41125
41128
41130
41131
41135
41140
41141
41144
41152
41154
41156
41162
41163
41167
41168
41172
41174
41176
41183
41202
41207
41209
41214
41215
41218
41221
41229
41234
41235
41238
41247
41249
41254
41256
41258
41260
41261
41262
41265
41266
41272
41282
41285
41286
41288
41297
41299
41301
41314
41315
41319
41321
41329
41334
41342
41344
41345
41349
41352
41360
41365
41370
41374
41377
41381
41386
41390
41392
41394
41396
41403
41404
41406
41414
41415
41419
41421
41426
41427
41429
41430
41434
41436
41437
41438
41440
41444
41445
41454
41459
41466
41474
41479
41484
41486
41490
41492
41493
41494
41495
41497
41498
41502
41503
41505
41513
41522
41525
41527
41530
41533
41535
41537
41541
41562
41563
41565
41582
41584
41586
41589
41601
41610
41611
41613
41615
41616
41617
41618
41620
41622
41624
41629
41631
41635
41639
41652
41654
41655
41657
41659
41660
41666
41667
41682
41684
41688
41691
41694
41695
41698
41703
41722
41723
41736
41737
41738
41741
41746
41751
41756
41757
41762
41765
41767
41783
41784
41791
41793
41799
41800
41809
41812
41818
41824
41825
41826
41831
41832
41833
41835
41838
41839
41840
41851
41864
41865
41866
41867
41873
41874
41880
41884
41892
41901
41904
41908
41917
41918
41926
41935
41937
41942
41944
41952
41955
41956
41963
41973
41978
41986
41995
41998
41999
42002
42003
42006
42011
42017
42031
42032
42036
42038
42039
42040
42045
42046
42050
42058
42064
42065
42067
42073
42079
42082
42096
42106
42111
42122
42125
42128
42134
42143
42145
42146
42156
42157
42158
42161
42166
42170
42171
42172
42173
42185
42192
42197
42202
42203
42208
42216
42217
42223
42229
42230
42234
42236
42239
42241
42242
42246
42247
42250
42255
42263
42267
42269
42270
42272
42273
42274
42281
42282
42284
42293
42299
42300
42306
42316
42317
42318
42323
42325
42328
42329
42331
42337
42338
42346
42347
42348
42363
42369
42371
42376
42384
42388
42389
42390
42403
42406
42408
42409
42410
42411
42413
42433
42434
42436
42437
42446
42447
42450
42451
42456
42465
42472
42478
42486
42488
42491
42495
42500
42502
42505
42506
42508
42509
42511
42519
42522
42525
42527
42528
42533
42537
42541
42545
42555
42559
42567
42570
42574
42582
42583
42585
42587
42588
42593
42594
42598
42600
42601
42607
42614
42621
42625
42626
42636
42640
42642
42643
42649
42652
42656
42663
42664
42667
42671
42672
42679
42687
42699
42711
42714
42716
42720
42722
42727
42736
42740
42747
42751
42754
42758
42760
42761
42763
42767
42773
42779
42780
42781
42787
42789
42794
42796
42804
42813
42816
42817
42826
42827
42830
42835
42843
42848
42852
42863
42866
42868
42869
42870
42871
42875
42886
42887
42890
42893
42899
42901
42905
42906
42907
42908
42909
42915
42917
42919
42924
42939
42940
42941
42942
42945
42949
42951
42952
42973
42975
42976
42977
42980
42981
42983
42986
42992
42998
43002
43009
43014
43022
43026
43035
43037
43038
43041
43044
43047
43049
43057
43060
43068
43083
43091
43094
43102
43109
43113
43123
43127
43131
43135
43136
43142
43146
43148
43151
43156
43159
43161
43168
43169
43172
43182
43183
43184
43187
43190
43202
43203
43205
43206
43215
43218
43220
43224
43228
43237
43242
43250
43251
43255
43256
43257
43278
43290
43292
43296
43300
43301
43305
43308
43317
43321
43331
43333
43344
43345
43352
43353
43358
43380
43384
43385
43387
43391
43396
43404
43408
43412
43413
43414
43419
43428
43431
43434
43436
43443
43447
43451
43456
43459
43460
43462
43470
43475
43478
43479
43481
43483
43499
43501
43505
43506
43512
43516
43524
43525
43537
43541
43545
43555
43559
43560
43563
43565
43568
43571
43580
43587
43594
43597
43598
43606
43614
43617
43622
43625
43627
43628
43634
43637
43647
43652
43654
43655
43665
43666
43669
43672
43681
43693
43695
43696
43698
43699
43700
43701
43702
43703
43717
43720
43725
43726
43731
43733
43741
43745
43759
43766
43767
43768
43773
43774
43776
43787
43789
43790
43791
43796
43798
43800
43810
43811
43814
43816
43821
43827
43841
43842
43847
43850
43854
43856
43858
43859
43861
43864
43865
43874
43876
43882
43883
43889
43890
43894
43901
43903
43908
43909
43911
43919
43922
43927
43930
43932
43933
43934
43944
43947
43950
43954
43961
43963
43967
43968
43971
43985
43988
43989
43991
43998
43999
44000
44002
44008
44012
44014
44018
44022
44032
44035
44037
44038
44041
44044
44048
44053
44058
44072
44073
44077
44079
44081
44082
44088
44093
44101
44103
44106
44110
44115
44117
44120
44131
44133
44135
44137
44141
44148
44151
44152
44154
44158
44163
44171
44176
44177
44180
44189
44190
44191
44192
44197
44203
44204
44214
44217
44227
44228
44234
44235
44237
44238
44244
44245
44248
44249
44258
44259
44260
44269
44270
44276
44279
44280
44285
44289
44293
44297
44303
44306
44308
44314
44315
44317
44318
44319
44324
44331
44332
44342
44344
44347
44356
44363
44365
44369
44370
44371
44375
44382
44387
44389
44390
44410
44413
44417
44420
44422
44433
44435
44436
44437
44444
44447
44451
44455
44456
44457
44473
44474
44476
44477
44478
44489
44496
44499
44506
44510
44512
44516
44518
44526
44535
44539
44547
44559
44567
44569
44571
44575
44590
44596
44603
44605
44610
44612
44628
44631
44634
44645
44652
44653
44662
44668
44669
44676
44677
44681
44683
44684
44685
44686
44692
44695
44696
44700
44705
44718
44721
44722
44729
44730
44734
44735
44739
44741
44751
44760
44761
44766
44768
44769
44770
44771
44781
44785
44788
44790
44801
44802
44803
44807
44809
44817
44818
44822
44823
44824
44833
44838
44840
44853
44854
44860
44864
44868
44869
44870
44872
44884
44886
44887
44892
44897
44898
44900
44902
44905
44909
44910
44913
44914
44921
44927
44933
44937
44947
44954
44958
44959
44960
44962
44964
44970
44971
44980
44984
44987
44990
44991
44998
45000
45001
45003
45004
45005
45006
45007
45011
45013
45014
45015
45016
45019
45020
45021
45023
45024
45029
45031
45032
45035
45036
45039
45040
45041
45047
45048
45051
45052
45056
45058
45062
45063
45065
45066
45067
45073
45075
45078
45081
45082
45085
45087
45089
45093
45094
45095
45099
45103
45104
45105
45109
45112
45115
45116
45117
45118
45119
45121
45124
45127
45128
45131
45133
45136
45138
45141
45142
45143
45144
45145
45149
45150
45151
45154
45155
45159
45160
45161
45162
45164
45165
45166
45167
45169
45170
45171
45173
45177
45178
45182
45183
45187
45189
45191
45193
45195
45196
45198
45200
45202
45204
45205
45207
45208
45212
45213
45219
45221
45222
45223
45224
45225
45227
45228
45229
45231
45232
45233
45234
45238
45241
45242
45243
45244
45245
45248
45249
45252
45253
45254
45255
45259
45260
45262
45263
45265
45266
45271
45273
45276
45277
45281
45282
45283
45287
45288
45289
45290
45297
45299
45300
45301
45302
45305
45307
45309
45313
45316
45322
45325
45330
45332
45335
45336
45340
45341
45344
45345
45347
45349
45350
45352
45353
45356
45358
45359
45360
45362
45363
45365
45366
45369
45373
45376
45377
45384
45386
45388
45390
45391
45395
45396
45399
45402
45403
45410
45412
45413
45415
45416
45419
45420
45421
45423
45425
45426
45427
45430
45431
45433
45436
45438
45439
45440
45442
45444
45445
45446
45447
45450
45452
45453
45454
45455
45461
45464
45465
45467
45472
45474
45478
45482
45483
45485
45486
45488
45490
45491
45492
45493
45494
45495
45496
45500
45501
45502
45505
45508
45510
45511
45515
45523
45524
45525
45526
45527
45529
45536
45538
45542
45544
45545
45546
45549
45550
45552
45554
45555
45557
45558
45560
45561
45568
45571
45572
45573
45577
45579
45581
45585
45588
45590
45591
45594
45596
45597
45602
45603
45604
45608
45609
45610
45611
45613
45618
45623
45624
45627
45629
45630
45632
45634
45635
45638
45642
45646
45651
45652
45659
45660
45664
45665
45666
45667
45668
45669
45670
45672
45676
45679
45684
45685
45688
45689
45690
45691
45692
45698
45700
45701
45702
45703
45707
45708
45713
45715
45718
45719
45722
45723
45724
45731
45733
45738
45743
45744
45745
45746
45747
45754
45755
45759
45761
45765
45768
45769
45772
45773
45777
45778
45780
45781
45786
45788
45789
45792
45794
45798
45799
45800
45803
45805
45809
45810
45815
45816
45817
45819
45820
45821
45823
45825
45827
45828
45835
45838
45840
45841
45842
45843
45844
45845
45848
45849
45851
45853
45855
45856
45858
45859
45860
45862
45865
45866
45869
45874
45875
45879
45880
45881
45883
45885
45886
45888
45889
45891
45892
45895
45907
45908
45910
45911
45913
45914
45916
45917
45918
45920
45924
45927
45933
45935
45936
45942
45944
45945
45948
45951
45952
45955
45956
45960
45963
45967
45972
45973
45977
45979
45980
45984
45985
45986
45987
45988
45991
45994
45996
45999
46004
46005
46008
46009
46013
46014
46017
46022
46023
46024
46025
46027
46029
46033
46036
46037
46038
46043
46044
46047
46048
46049
46050
46051
46052
46057
46058
46063
46064
46065
46070
46071
46072
46079
46080
46083
46084
46087
46090
46091
46094
46095
46096
46097
46098
46099
46100
46101
46102
46111
46112
46115
46117
46118
46121
46123
46124
46125
46127
46128
46134
46138
46140
46144
46146
46153
46154
46155
46158
46165
46166
46167
46172
46174
46175
46176
46177
46178
46180
46183
46189
46192
46195
46199
46201
46205
46210
46212
46213
46216
46220
46221
46224
46225
46231
46235
46238
46240
46241
46242
46243
46245
46248
46249
46250
46252
46253
46254
46255
46258
46262
46264
46272
46274
46276
46279
46280
46281
46283
46284
46294
46297
46298
46299
46300
46302
46303
46304
46307
46308
46311
46316
46317
46318
46320
46321
46325
46327
46328
46330
46334
46335
46337
46338
46339
46341
46342
46345
46346
46349
46351
46355
46357
46358
46362
46363
46364
46368
46370
46374
46381
46384
46393
46395
46396
46398
46400
46402
46403
46404
46405
46406
46408
46409
46410
46411
46412
46416
46417
46419
46421
46423
46424
46426
46427
46431
46435
46436
46437
46438
46439
46443
46446
46447
46448
46449
46452
46453
46454
46455
46456
46457
46458
46459
46460
46461
46464
46465
46469
46471
46474
46478
46479
46480
46481
46482
46484
46490
46491
46494
46495
46496
46497
46498
46500
46503
46504
46505
46508
46512
46513
46516
46518
46520
46521
46523
46526
46527
46529
46532
46541
46542
46543
46546
46548
46549
46550
46551
46552
46559
46560
46562
46563
46566
46567
46568
46569
46570
46572
46575
46576
46582
46584
46585
46588
46590
46591
46592
46594
46595
46596
46597
46598
46599
46600
46601
46603
46604
46605
46606
46613
46614
46615
46617
46619
46620
46623
46624
46627
46630
46632
46635
46637
46639
46640
46641
46643
46645
46649
46650
46653
46656
46657
46658
46661
46666
46668
46672
46673
46675
46681
46685
46686
46688
46694
46699
46700
46701
46704
46705
46706
46707
46709
46710
46713
46714
46717
46719
46721
46722
46723
46726
46727
46731
46733
46735
46737
46738
46739
46740
46743
46745
46748
46750
46751
46754
46758
46759
46761
46767
46768
46769
46770
46773
46775
46776
46777
46779
46781
46783
46786
46787
46791
46793
46796
46797
46802
46805
46806
46807
46809
46811
46812
46813
46822
46823
46824
46828
46830
46832
46836
46840
46841
46842
46843
46845
46846
46847
46848
46851
46852
46853
46854
46855
46856
46857
46858
46860
46864
46866
46868
46869
46870
46871
46872
46875
46876
46880
46882
46885
46888
46889
46891
46892
46894
46896
46898
46900
46901
46904
46905
46907
46908
46910
46913
46915
46917
46920
46922
46923
46925
46926
46927
46928
46929
46930
46937
46938
46939
46941
46943
46944
46950
46952
46955
46958
46960
46962
46964
46967
46969
46973
46981
46983
46985
46986
46987
46988
46990
46991
46992
46994
46998
47000
47001
47002
47003
47008
47010
47013
47014
47015
47016
47020
47022
47026
47027
47029
47032
47035
47037
47040
47045
47048
47049
47050
47052
47054
47055
47056
47059
47060
47061
47063
47066
47070
47072
47074
47075
47076
47077
47079
47080
47082
47083
47086
47091
47094
47095
47096
47097
47101
47104
47105
47107
47109
47110
47111
47113
47115
47116
47118
47120
47121
47122
47123
47124
47125
47129
47130
47131
47132
47133
47135
47136
47141
47142
47144
47145
47147
47150
47151
47154
47155
47157
47160
47165
47166
47167
47170
47178
47179
47181
47182
47183
47189
47190
47195
47196
47198
47199
47201
47202
47203
47204
47206
47208
47212
47214
47215
47218
47219
47227
47231
47238
47242
47244
47253
47254
47259
47261
47265
47271
47277
47279
47281
47285
47287
47290
47292
47296
47297
47298
47300
47304
47305
47306
47308
47310
47312
47316
47317
47319
47324
47325
47331
47334
47336
47337
47338
47340
47342
47343
47346
47349
47350
47357
47360
47361
47363
47364
47365
47367
47372
47374
47376
47377
47378
47379
47380
47383
47384
47385
47386
47387
47389
47396
47399
47400
47403
47405
47406
47411
47412
47418
47419
47422
47423
47426
47428
47429
47430
47431
47432
47437
47439
47440
47448
47452
47453
47455
47457
47458
47460
47461
47462
47465
47466
47467
47471
47475
47476
47477
47480
47485
47487
47488
47491
47492
47493
47495
47497
47498
47499
47500
47501
47502
47503
47505
47509
47510
47512
47517
47518
47519
47522
47525
47532
47534
47539
47540
47543
47544
47546
47548
47550
47551
47552
47554
47555
47558
47559
47560
47562
47566
47567
47574
47577
47578
47579
47580
47581
47582
47585
47586
47587
47588
47589
47592
47593
47597
47598
47599
47600
47601
47603
47605
47607
47608
47610
47611
47614
47615
47616
47618
47623
47625
47632
47634
47636
47638
47639
47640
47643
47644
47646
47648
47649
47658
47660
47663
47664
47667
47668
47671
47672
47674
47675
47676
47678
47679
47680
47683
47685
47686
47687
47693
47694
47699
47700
47703
47704
47705
47710
47711
47713
47716
47718
47719
47724
47725
47726
47729
47731
47739
47742
47745
47746
47748
47756
47758
47760
47772
47773
47774
47779
47780
47783
47786
47788
47789
47793
47794
47796
47800
47805
47807
47810
47815
47816
47817
47818
47820
47821
47823
47824
47829
47833
47839
47842
47845
47846
47847
47849
47850
47855
47857
47858
47859
47860
47862
47863
47864
47866
47869
47870
47873
47877
47878
47879
47881
47883
47886
47891
47893
47894
47896
47897
47901
47904
47906
47908
47909
47911
47912
47913
47917
47920
47922
47927
47928
47930
47933
47936
47937
47942
47944
47946
47950
47953
47954
47958
47962
47967
47971
47974
47976
47978
47980
47984
47987
47988
47990
47992
47993
47995
47996
47997
47999
48001
48002
48003
48009
48012
48015
48016
48017
48019
48022
48023
48024
48026
48029
48030
48031
48032
48035
48037
48038
48039
48043
48045
48047
48051
48055
48056
48063
48065
48069
48070
48073
48074
48075
48076
48077
48079
48083
48084
48086
48087
48088
48090
48091
48093
48094
48097
48102
48103
48105
48107
48108
48110
48112
48113
48116
48118
48121
48134
48136
48139
48140
48141
48142
48145
48146
48148
48149
48151
48152
48153
48156
48157
48158
48160
48163
48164
48168
48169
48171
48173
48174
48175
48176
48180
48181
48183
48192
48196
48197
48198
48203
48206
48209
48210
48214
48218
48219
48220
48223
48224
48225
48231
48234
48236
48238
48239
48241
48244
48246
48250
48255
48256
48258
48259
48260
48262
48265
48266
48269
48271
48273
48274
48276
48279
48282
48284
48286
48291
48293
48297
48299
48302
48303
48304
48305
48309
48312
48319
48320
48322
48323
48325
48327
48331
48333
48334
48335
48336
48340
48342
48344
48347
48348
48350
48351
48352
48353
48356
48359
48361
48364
48370
48373
48376
48377
48378
48379
48381
48382
48384
48389
48390
48391
48394
48396
48399
48402
48403
48406
48410
48411
48412
48413
48414
48416
48418
48419
48420
48424
48425
48430
48432
48435
48439
48440
48443
48444
48447
48448
48452
48455
48456
48458
48460
48463
48465
48468
48474
48475
48479
48481
48483
48487
48489
48491
48493
48494
48497
48498
48499
48504
48505
48510
48511
48512
48514
48515
48516
48517
48520
48522
48523
48527
48528
48529
48535
48538
48539
48540
48543
48546
48547
48548
48549
48550
48554
48555
48557
48559
48563
48565
48567
48569
48570
48576
48577
48579
48581
48582
48584
48585
48587
48588
48589
48590
48591
48593
48594
48595
48596
48597
48600
48601
48602
48607
48608
48609
48613
48614
48615
48618
48621
48629
48633
48634
48635
48636
48637
48638
48640
48641
48642
48645
48646
48647
48648
48653
48654
48655
48656
48658
48663
48664
48667
48668
48670
48673
48675
48676
48678
48680
48681
48684
48686
48687
48690
48692
48695
48699
48702
48703
48710
48711
48716
48717
48721
48722
48727
48728
48730
48732
48734
48735
48736
48737
48740
48742
48745
48751
48752
48754
48755
48756
48757
48758
48760
48761
48762
48763
48764
48765
48770
48772
48774
48776
48777
48778
48779
48780
48782
48783
48784
48785
48786
48788
48790
48792
48794
48796
48798
48799
48802
48808
48813
48814
48818
48820
48825
48827
48829
48835
48840
48841
48844
48851
48852
48855
48857
48859
48860
48861
48865
48867
48869
48871
48877
48878
48880
48881
48884
48885
48886
48887
48889
48892
48894
48896
48897
48898
48901
48904
48906
48909
48910
48912
48914
48920
48922
48923
48925
48927
48928
48932
48933
48936
48937
48938
48939
48942
48945
48946
48947
48948
48949
48950
48951
48952
48953
48956
48957
48958
48960
48963
48964
48965
48966
48967
48971
48979
48981
48982
48984
48985
48988
48992
48993
48994
48996
48998
49000
49004
49006
49007
49008
49009
49013
49017
49018
49019
49020
49024
49025
49026
49028
49029
49032
49033
49034
49037
49039
49042
49045
49046
49048
49049
49050
49054
49056
49057
49059
49060
49068
49069
49073
49077
49078
49079
49080
49081
49083
49084
49086
49087
49088
49089
49090
49092
49094
49098
49105
49106
49109
49112
49114
49119
49120
49122
49127
49128
49129
49131
49132
49133
49139
49141
49142
49143
49145
49147
49148
49149
49150
49151
49152
49153
49154
49155
49156
49161
49162
49163
49165
49171
49174
49177
49180
49188
49190
49192
49194
49196
49197
49200
49201
49207
49209
49210
49211
49217
49219
49220
49221
49223
49224
49225
49226
49227
49228
49229
49230
49231
49232
49234
49239
49240
49241
49247
49248
49253
49254
49256
49261
49265
49272
49273
49274
49275
49279
49283
49284
49285
49286
49290
49292
49297
49298
49300
49302
49303
49304
49306
49307
49308
49309
49312
49314
49316
49318
49319
49320
49323
49326
49327
49331
49333
49334
49336
49339
49342
49343
49346
49349
49356
49357
49361
49362
49363
49368
49369
49370
49371
49372
49373
49374
49376
49380
49385
49391
49392
49394
49395
49396
49397
49401
49402
49403
49411
49415
49417
49420
49421
49422
49424
49425
49427
49428
49429
49430
49434
49435
49436
49437
49438
49443
49444
49452
49457
49459
49460
49461
49464
49468
49471
49472
49474
49475
49476
49482
49483
49485
49488
49490
49491
49492
49493
49494
49498
49505
49508
49513
49519
49522
49523
49525
49526
49532
49534
49536
49537
49539
49540
49541
49542
49544
49546
49549
49550
49551
49553
49554
49559
49560
49561
49565
49568
49572
49575
49577
49578
49579
49582
49583
49584
49587
49588
49589
49590
49595
49597
49598
49599
49600
49601
49603
49604
49605
49607
49608
49614
49621
49622
49625
49629
49630
49631
49637
49641
49643
49644
49646
49647
49648
49650
49655
49660
49661
49663
49665
49667
49671
49673
49674
49676
49679
49680
49681
49682
49686
49691
49697
49698
49700
49701
49702
49705
49707
49708
49710
49711
49713
49714
49717
49718
49719
49721
49723
49726
49727
49728
49732
49733
49734
49736
49738
49739
49741
49744
49747
49751
49752
49753
49755
49758
49763
49770
49771
49774
49775
49777
49779
49780
49781
49782
49790
49792
49797
49798
49800
49805
49808
49809
49810
49814
49817
49818
49820
49821
49822
49823
49824
49825
49829
49830
49831
49834
49838
49839
49843
49847
49848
49849
49850
49853
49854
49860
49861
49866
49867
49868
49870
49877
49879
49881
49882
49883
49885
49888
49890
49891
49895
49897
49898
49899
49900
49901
49904
49905
49906
49908
49909
49911
49915
49916
49917
49919
49921
49922
49924
49928
49930
49931
49937
49938
49940
49941
49942
49944
49945
49946
49948
49949
49950
49952
49953
49954
49957
49958
49959
49961
49964
49965
49968
49969
49970
49977
49978
49979
49980
49981
49982
49983
49985
49986
49987
49989
49991
49994
49997
