4
6
8
16
22
49
55
56
58
76
81
98
100
104
106
123
134
137
148
159
161
166
169
175
176
177
180
203
204
205
210
212
215
219
223
225
230
231
248
254
255
256
265
271
272
290
310
312
322
331
334
335
340
345
353
356
376
382
389
401
405
414
428
431
441
448
460
462
466
475
481
482
488
490
506
518
520
523
528
538
550
556
564
584
588
593
612
614
617
620
630
632
634
641
642
645
649
654
656
657
659
660
669
680
700
708
715
717
732
751
752
755
759
773
775
779
780
782
790
793
796
803
808
809
811
815
816
827
831
835
841
843
846
852
854
858
861
876
887
889
890
904
912
913
914
916
934
935
961
967
973
982
986
1001
1016
1028
1030
1031
1055
1059
1061
1062
1098
1099
1111
1114
1119
1134
1151
1157
1177
1180
1189
1192
1193
1198
1201
1220
1221
1223
1224
1230
1238
1239
1245
1247
1253
1255
1257
1258
1259
1260
1267
1297
1301
1303
1308
1323
1341
1344
1349
1351
1357
1373
1385
1389
1392
1397
1405
1416
1423
1424
1436
1442
1456
1457
1475
1489
1494
1501
1504
1513
1518
1530
1533
1537
1542
1543
1545
1546
1547
1552
1555
1558
1560
1568
1575
1583
1586
1588
1589
1598
1606
1620
1635
1638
1675
1679
1684
1702
1705
1721
1724
1732
1735
1736
1740
1752
1763
1765
1772
1789
1791
1792
1793
1794
1809
1815
1822
1823
1848
1852
1857
1872
1876
1879
1885
1903
1904
1908
1918
1943
1947
1950
1952
1994
2001
2009
2023
2026
2030
2068
2071
2079
2097
2104
2114
2121
2124
2127
2157
2162
2165
2171
2182
2190
2191
2207
2209
2212
2216
2217
2219
2232
2244
2246
2265
2268
2274
2277
2290
2293
2303
2306
2312
2313
2315
2319
2329
2330
2337
2342
2344
2348
2358
2363
2364
2380
2382
2393
2401
2407
2410
2442
2448
2451
2460
2462
2463
2465
2485
2488
2508
2509
2510
2519
2523
2525
2547
2557
2559
2560
2582
2584
2587
2590
2594
2604
2608
2623
2625
2629
2632
2634
2635
2644
2646
2655
2658
2665
2672
2682
2684
2696
2699
2700
2709
2721
2724
2727
2730
2734
2736
2742
2745
2754
2757
2760
2774
2775
2782
2783
2795
2797
2799
2804
2834
2836
2843
2850
2851
2875
2876
2887
2894
2899
2921
2926
2929
2933
2944
2956
2958
2965
2975
2981
2983
2989
3003
3013
3016
3030
3035
3043
3048
3053
3058
3063
3073
3083
3084
3091
3094
3101
3117
3119
3121
3123
3124
3131
3133
3140
3153
3159
3160
3161
3164
3171
3198
3200
3203
3206
3208
3224
3225
3227
3230
3231
3232
3237
3249
3252
3273
3302
3320
3324
3326
3329
3337
3343
3373
3380
3393
3406
3407
3411
3412
3417
3426
3430
3434
3462
3464
3475
3500
3507
3525
3543
3553
3559
3583
3586
3615
3627
3644
3645
3650
3662
3675
3678
3681
3683
3684
3689
3698
3704
3708
3724
3734
3740
3749
3751
3764
3765
3781
3782
3783
3789
3791
3795
3807
3812
3821
3824
3826
3827
3832
3836
3842
3843
3844
3852
3856
3857
3865
3866
3868
3895
3908
3912
3917
3921
3929
3938
3958
3965
3975
3994
4003
4009
4010
4012
4015
4020
4034
4035
4036
4039
4065
4073
4074
4075
4082
4090
4094
4106
4107
4111
4115
4141
4142
4164
4175
4184
4189
4197
4198
4203
4209
4224
4227
4253
4260
4262
4271
4280
4292
4294
4311
4351
4352
4360
4364
4373
4375
4382
4387
4398
4404
4409
4413
4415
4428
4437
4439
4441
4445
4447
4449
4454
4456
4470
4481
4485
4489
4497
4509
4514
4528
4533
4541
4551
4559
4570
4578
4580
4581
4586
4603
4606
4610
4611
4612
4616
4624
4626
4627
4630
4642
4644
4648
4662
4670
4697
4718
4723
4741
4742
4751
4754
4760
4763
4769
4773
4788
4812
4816
4820
4821
4824
4826
4840
4853
4869
4887
4897
4906
4911
4926
4950
4951
4986
4987
4999
5021
5039
5051
5064
5105
5134
5141
5142
5149
5158
5192
5206
5256
5264
5267
5282
5283
5298
5305
5317
5321
5369
5399
5407
5419
5432
5444
5468
5471
5489
5493
5508
5517
5523
5538
5542
5546
5567
5574
5606
5612
5634
5676
5679
5691
5695
5773
5781
5788
5789
5799
5821
5831
5837
5845
5853
5856
5894
5899
5955
5963
5976
5979
6015
6022
6080
6084
6086
6093
6100
6127
6134
6137
6152
6176
6182
6189
6190
6207
6238
6245
6261
6266
6300
6304
6332
6356
6360
6361
6419
6448
6467
6487
6500
6532
6624
6637
6663
6664
6668
6669
6680
6694
6700
6728
6738
6758
6768
6770
6776
6806
6843
6860
6861
6866
6878
6879
6885
6890
6915
6921
6926
6957
6981
6994
7000
7001
7003
7049
7082
7085
7103
7115
7116
7131
7149
7158
7183
7219
7223
7250
7254
7256
7278
7283
7290
7291
7296
7305
7314
7327
7336
7338
7366
7398
7419
7451
7453
7459
7467
7469
7479
7486
7498
7502
7520
7525
7559
7574
7620
7626
7631
7661
7663
7671
7678
7687
7697
7700
7719
7742
7750
7797
7812
7830
7850
7853
7857
7861
7867
7876
7888
7932
7937
7941
7945
7951
7954
7966
7967
7992
8018
8030
8041
8051
8080
8122
8125
8131
8136
8147
8154
8163
8190
8196
8211
8233
8243
8258
8264
8269
8336
8446
8475
8487
8548
8550
8593
8594
8604
8613
8641
8650
8661
8664
8677
8709
8720
8738
8772
8776
8781
8818
8826
8828
8845
8846
8864
8873
8888
8890
8895
8921
8923
8928
8947
8957
8990
8998
9032
9036
9045
9068
9069
9086
9102
9104
9142
9161
9222
9244
9246
9250
9251
9261
9277
9281
9284
9315
9316
9356
9382
9420
9444
9447
9453
9455
9465
9470
9494
9500
9505
9509
9521
9529
9530
9543
9557
9563
9568
9576
9578
9583
9588
9601
9612
9628
9650
9680
9712
9736
9748
9757
9763
9768
9836
9853
9870
9872
9875
9880
9886
9896
9897
9914
9940
9945
9964
9997
10006
10007
10008
10013
10015
10026
10030
10031
10032
10033
10038
10039
10045
10048
10050
10051
10054
10058
10063
10066
10067
10079
10080
10081
10083
10084
10086
10095
10096
10101
10104
10110
10112
10118
10119
10130
10131
10133
10146
10148
10153
10159
10173
10175
10178
10184
10189
10191
10192
10194
10198
10204
10205
10206
10208
10210
10213
10214
10221
10223
10224
10231
10232
10236
10237
10246
10250
10251
10252
10256
10261
10265
10273
10279
10280
10282
10285
10293
10294
10296
10297
10300
10302
10304
10311
10316
10318
10319
10322
10324
10327
10328
10331
10334
10337
10341
10348
10349
10351
10353
10354
10361
10362
10363
10364
10367
10368
10369
10371
10373
10377
10382
10389
10394
10399
10400
10403
10409
10412
10413
10416
10417
10421
10422
10424
10427
10431
10434
10438
10439
10440
10446
10449
10450
10452
10458
10460
10462
10465
10466
10469
10472
10475
10478
10481
10482
10489
10491
10499
10505
10511
10512
10513
10517
10519
10520
10523
10527
10528
10536
10537
10538
10552
10553
10562
10567
10574
10580
10587
10592
10593
10595
10596
10598
10607
10608
10609
10610
10612
10613
10619
10620
10622
10624
10625
10627
10631
10632
10635
10638
10641
10642
10646
10649
10650
10655
10657
10658
10660
10665
10668
10674
10679
10681
10682
10684
10686
10689
10691
10692
10697
10701
10706
10708
10710
10712
10724
10726
10730
10732
10733
10739
10740
10742
10743
10748
10749
10753
10755
10757
10758
10764
10768
10769
10773
10779
10780
10781
10783
10785
10788
10790
10797
10802
10803
10810
10811
10816
10820
10823
10824
10837
10854
10855
10856
10857
10865
10875
10878
10881
10883
10884
10889
10890
10893
10894
10905
10912
10918
10922
10925
10935
10939
10945
10953
10966
10969
10972
10975
10976
10980
10982
10983
10984
10986
10987
10991
10995
11000
11001
11002
11003
11006
11007
11022
11024
11028
11031
11033
11037
11039
11042
11044
11045
11051
11053
11061
11063
11064
11065
11066
11069
11074
11075
11076
11083
11084
11094
11097
11098
11103
11105
11106
11108
11113
11114
11120
11122
11129
11135
11137
11140
11144
11146
11149
11153
11158
11163
11164
11168
11171
11174
11175
11178
11181
11186
11189
11190
11192
11203
11205
11208
11211
11215
11217
11222
11226
11235
11237
11238
11247
11249
11251
11252
11256
11259
11261
11262
11269
11275
11279
11283
11284
11287
11288
11289
11292
11302
11306
11308
11316
11318
11323
11324
11326
11328
11329
11330
11331
11333
11339
11340
11342
11343
11356
11357
11359
11361
11364
11370
11375
11380
11382
11387
11390
11399
11401
11407
11409
11412
11416
11424
11425
11426
11431
11435
11436
11439
11445
11446
11448
11456
11458
11464
11465
11467
11473
11476
11479
11484
11486
11487
11490
11491
11493
11494
11500
11503
11504
11510
11511
11517
11521
11525
11534
11542
11548
11553
11554
11555
11561
11563
11576
11580
11582
11583
11596
11598
11599
11601
11602
11603
11605
11608
11615
11617
11621
11631
11634
11644
11645
11648
11650
11653
11657
11664
11666
11668
11669
11670
11673
11676
11679
11683
11686
11688
11693
11694
11695
11697
11698
11700
11701
11702
11707
11708
11713
11717
11723
11725
11726
11730
11739
11740
11741
11743
11745
11747
11748
11754
11759
11767
11769
11773
11776
11779
11781
11782
11788
11790
11796
11798
11799
11805
11809
11811
11814
11820
11821
11824
11834
11842
11852
11853
11856
11859
11860
11865
11866
11870
11872
11873
11886
11889
11890
11891
11894
11895
11901
11910
11913
11917
11918
11927
11929
11930
11931
11935
11940
11941
11942
11947
11950
11952
11955
11960
11962
11963
11966
11968
11971
11978
11981
11982
11983
11989
11992
11993
11994
11998
12001
12003
12008
12011
12012
12014
12016
12017
12022
12025
12032
12033
12036
12039
12040
12042
12043
12044
12051
12052
12054
12055
12061
12065
12069
12070
12077
12078
12079
12082
12084
12087
12088
12095
12096
12098
12100
12101
12103
12108
12109
12110
12113
12114
12119
12120
12123
12124
12128
12132
12134
12135
12138
12139
12140
12141
12146
12148
12149
12155
12157
12164
12171
12174
12175
12181
12184
12185
12188
12190
12193
12194
12200
12202
12204
12207
12209
12214
12217
12218
12219
12225
12226
12238
12242
12243
12244
12245
12248
12252
12256
12261
12270
12273
12275
12276
12281
12284
12289
12291
12303
12305
12306
12314
12315
12316
12317
12318
12320
12325
12328
12339
12340
12344
12346
12348
12352
12357
12358
12363
12366
12368
12370
12382
12386
12389
12397
12398
12405
12406
12409
12411
12412
12413
12417
12418
12419
12423
12425
12426
12437
12438
12439
12441
12443
12448
12453
12454
12456
12457
12458
12461
12462
12466
12469
12470
12473
12474
12475
12476
12479
12482
12501
12502
12509
12510
12513
12514
12515
12523
12529
12530
12531
12542
12543
12551
12552
12555
12563
12571
12572
12574
12579
12581
12585
12587
12590
12592
12593
12601
12604
12605
12608
12610
12626
12628
12637
12638
12640
12647
12648
12650
12651
12653
12655
12657
12658
12660
12674
12679
12680
12682
12687
12688
12690
12698
12699
12701
12702
12703
12704
12706
12712
12713
12715
12717
12718
12720
12722
12732
12733
12737
12740
12743
12747
12750
12757
12767
12769
12772
12774
12777
12780
12785
12786
12796
12797
12801
12803
12807
12808
12809
12819
12820
12821
12822
12823
12828
12832
12834
12835
12837
12839
12840
12841
12843
12853
12855
12856
12857
12858
12859
12867
12868
12871
12872
12878
12887
12889
12890
12894
12897
12904
12908
12910
12911
12913
12923
12924
12928
12929
12932
12936
12937
12939
12940
12941
12947
12952
12955
12958
12959
12960
12962
12963
12964
12966
12969
12973
12975
12977
12983
12989
12990
12993
12994
12999
13001
13008
13009
13010
13011
13012
13015
13019
13020
13029
13030
13033
13036
13037
13040
13041
13042
13047
13048
13050
13053
13054
13055
13058
13060
13061
13062
13064
13070
13082
13086
13097
13098
13099
13100
13104
13110
13119
13127
13130
13138
13140
13141
13148
13149
13151
13152
13155
13157
13159
13162
13165
13170
13176
13178
13179
13181
13182
13184
13185
13192
13193
13198
13204
13205
13208
13211
13212
13224
13225
13231
13235
13238
13239
13242
13244
13248
13253
13256
13258
13265
13270
13271
13272
13276
13278
13282
13287
13290
13291
13297
13301
13305
13306
13314
13316
13321
13323
13324
13325
13327
13328
13331
13333
13337
13345
13348
13349
13352
13355
13356
13359
13360
13362
13363
13368
13371
13374
13384
13386
13388
13390
13393
13395
13398
13399
13402
13404
13407
13408
13417
13418
13420
13423
13425
13429
13430
13434
13437
13439
13442
13444
13445
13449
13452
13454
13458
13464
13465
13471
13473
13475
13480
13482
13484
13485
13486
13488
13494
13501
13506
13510
13511
13513
13515
13521
13523
13529
13530
13531
13536
13537
13538
13542
13549
13551
13553
13555
13556
13557
13559
13573
13574
13575
13577
13582
13583
13586
13594
13598
13602
13603
13613
13619
13621
13622
13623
13626
13629
13630
13638
13643
13644
13646
13650
13652
13653
13656
13659
13662
13663
13664
13667
13671
13673
13675
13681
13683
13684
13687
13688
13695
13696
13698
13699
13700
13704
13705
13714
13717
13718
13720
13722
13723
13734
13735
13736
13737
13740
13741
13743
13744
13746
13749
13750
13758
13760
13762
13768
13769
13770
13771
13773
13774
13775
13777
13779
13781
13784
13786
13790
13791
13792
13796
13804
13808
13816
13817
13818
13821
13823
13824
13825
13826
13827
13829
13830
13835
13836
13838
13840
13846
13849
13853
13858
13866
13869
13881
13884
13886
13888
13901
13904
13916
13917
13920
13921
13928
13931
13935
13936
13938
13939
13941
13943
13944
13952
13953
13959
13964
13965
13968
13970
13974
13980
13981
13982
13984
13985
13989
13992
13994
13996
13997
14002
14006
14010
14013
14016
14021
14022
14028
14031
14033
14036
14037
14038
14042
14043
14045
14046
14047
14064
14070
14072
14073
14074
14078
14085
14090
14094
14097
14099
14101
14108
14109
14112
14114
14115
14119
14120
14122
14125
14126
14127
14128
14134
14137
14138
14141
14142
14152
14156
14159
14162
14164
14169
14171
14176
14178
14181
14183
14186
14187
14189
14190
14192
14194
14195
14196
14197
14199
14200
14201
14202
14203
14205
14214
14221
14222
14223
14226
14232
14234
14235
14239
14251
14253
14254
14257
14259
14260
14262
14264
14270
14277
14280
14284
14288
14290
14294
14298
14305
14310
14316
14319
14325
14327
14329
14330
14332
14333
14338
14344
14348
14351
14355
14357
14358
14359
14362
14364
14365
14368
14373
14380
14381
14383
14384
14385
14387
14389
14391
14392
14396
14401
14404
14406
14407
14408
14409
14411
14412
14415
14417
14421
14422
14424
14428
14432
14433
14435
14440
14446
14449
14450
14451
14453
14458
14459
14460
14462
14464
14465
14469
14473
14476
14479
14480
14488
14491
14492
14493
14499
14502
14503
14510
14511
14514
14515
14520
14529
14532
14534
14540
14542
14547
14548
14549
14551
14562
14563
14567
14569
14570
14575
14578
14581
14582
14586
14588
14591
14593
14594
14601
14602
14606
14609
14611
14616
14618
14621
14622
14625
14627
14630
14631
14633
14634
14639
14642
14645
14649
14651
14653
14654
14656
14658
14660
14663
14667
14669
14673
14677
14678
14684
14685
14688
14691
14693
14698
14699
14704
14705
14707
14710
14716
14717
14721
14726
14728
14730
14738
14740
14741
14742
14746
14751
14753
14754
14765
14766
14769
14772
14773
14779
14784
14785
14789
14792
14793
14795
14796
14799
14800
14801
14803
14805
14808
14809
14810
14813
14822
14824
14825
14826
14827
14828
14829
14830
14831
14835
14837
14839
14840
14842
14846
14848
14849
14853
14854
14855
14856
14859
14863
14872
14874
14877
14879
14884
14885
14886
14888
14889
14890
14895
14896
14897
14903
14908
14909
14914
14916
14933
14940
14941
14942
14943
14945
14948
14951
14953
14954
14956
14957
14959
14965
14967
14974
14976
14978
14979
14981
14984
14987
14989
14990
14995
14998
14999
15003
15006
15007
15011
15023
15025
15026
15027
15029
15031
15032
15034
15035
15036
15037
15042
15043
15044
15046
15047
15048
15054
15056
15060
15061
15062
15064
15066
15068
15070
15072
15075
15082
15083
15085
15086
15088
15092
15093
15099
15107
15109
15110
15111
15113
15115
15119
15123
15125
15128
15131
15145
15146
15148
15156
15158
15164
15173
15174
15176
15178
15182
15183
15187
15188
15198
15200
15207
15209
15215
15218
15223
15227
15236
15240
15244
15248
15251
15252
15257
15263
15267
15269
15271
15276
15278
15280
15287
15288
15289
15291
15294
15296
15298
15301
15303
15312
15313
15318
15326
15333
15341
15344
15346
15348
15352
15354
15355
15356
15359
15361
15367
15369
15372
15376
15378
15381
15384
15392
15394
15395
15396
15405
15407
15408
15409
15411
15413
15417
15418
15425
15426
15427
15429
15431
15432
15433
15442
15448
15449
15453
15454
15470
15471
15477
15478
15483
15484
15486
15494
15498
15502
15503
15504
15505
15506
15510
15511
15515
15518
15521
15522
15527
15528
15545
15551
15553
15559
15561
15563
15564
15567
15571
15574
15580
15584
15586
15589
15601
15605
15608
15611
15613
15616
15619
15627
15630
15632
15635
15636
15638
15640
15642
15645
15655
15670
15676
15680
15682
15685
15689
15691
15692
15695
15700
15702
15703
15705
15706
15708
15709
15711
15713
15715
15721
15726
15727
15728
15736
15739
15743
15745
15750
15752
15760
15762
15765
15766
15768
15771
15772
15773
15779
15780
15781
15783
15785
15788
15790
15793
15797
15801
15804
15805
15806
15810
15812
15813
15814
15817
15825
15826
15833
15834
15845
15847
15850
15854
15855
15858
15863
15865
15867
15870
15876
15881
15886
15891
15892
15893
15894
15897
15898
15899
15904
15915
15918
15923
15925
15930
15936
15937
15938
15942
15943
15946
15947
15949
15950
15954
15955
15957
15958
15959
15960
15962
15970
15971
15980
15983
15986
15987
15988
15990
15991
15999
16002
16003
16012
16013
16014
16015
16018
16020
16022
16023
16031
16033
16037
16044
16047
16048
16049
16052
16053
16057
16061
16065
16069
16070
16071
16072
16074
16075
16077
16078
16081
16086
16090
16095
16096
16097
16098
16099
16101
16106
16109
16114
16116
16121
16134
16138
16139
16141
16145
16149
16155
16157
16161
16162
16163
16164
16172
16178
16180
16187
16188
16191
16192
16193
16195
16197
16198
16199
16200
16205
16206
16211
16213
16217
16220
16231
16234
16237
16238
16244
16246
16250
16253
16255
16257
16259
16260
16261
16265
16266
16267
16268
16274
16279
16291
16292
16293
16295
16299
16304
16311
16317
16324
16332
16333
16336
16340
16342
16344
16349
16353
16357
16359
16361
16362
16363
16364
16366
16367
16368
16372
16382
16384
16387
16391
16394
16396
16403
16404
16405
16409
16411
16414
16418
16427
16428
16429
16431
16435
16436
16437
16446
16447
16451
16452
16454
16459
16461
16467
16470
16472
16473
16474
16484
16485
16487
16488
16490
16492
16495
16497
16498
16507
16509
16517
16522
16523
16528
16530
16541
16543
16544
16546
16548
16554
16557
16559
16562
16563
16572
16580
16581
16582
16585
16587
16608
16609
16614
16616
16617
16618
16621
16624
16627
16631
16633
16635
16638
16642
16645
16650
16652
16654
16660
16661
16662
16663
16665
16667
16673
16678
16684
16686
16688
16689
16692
16697
16698
16699
16701
16707
16708
16712
16713
16714
16715
16717
16718
16722
16725
16732
16733
16735
16737
16739
16741
16745
16747
16748
16750
16754
16756
16766
16768
16770
16775
16786
16792
16798
16799
16801
16802
16804
16811
16812
16814
16816
16823
16826
16828
16833
16836
16838
16842
16845
16850
16851
16857
16858
16864
16868
16871
16882
16886
16889
16902
16904
16906
16913
16914
16919
16923
16927
16928
16933
16935
16939
16949
16952
16955
16956
16959
16973
16977
16980
16985
16986
16988
16993
16995
17001
17002
17003
17004
17006
17009
17013
17015
17021
17023
17024
17028
17034
17036
17037
17038
17040
17046
17047
17048
17049
17053
17054
17061
17064
17066
17071
17073
17074
17076
17079
17088
17093
17100
17105
17107
17109
17111
17117
17119
17124
17127
17129
17132
17139
17140
17141
17142
17146
17149
17151
17155
17156
17157
17159
17162
17165
17173
17180
17183
17184
17187
17188
17189
17190
17194
17197
17198
17201
17202
17203
17207
17208
17212
17214
17216
17217
17227
17231
17234
17236
17239
17242
17244
17248
17249
17252
17261
17262
17264
17265
17270
17271
17273
17278
17280
17283
17289
17292
17294
17295
17296
17306
17318
17321
17322
17323
17330
17335
17342
17345
17349
17354
17355
17362
17363
17365
17369
17370
17373
17376
17379
17380
17386
17387
17388
17389
17390
17393
17397
17401
17408
17411
17413
17414
17416
17417
17424
17431
17432
17433
17437
17440
17442
17448
17449
17450
17452
17455
17463
17467
17470
17471
17473
17475
17478
17480
17481
17482
17483
17484
17485
17488
17490
17491
17494
17495
17498
17505
17507
17508
17509
17510
17511
17515
17518
17521
17526
17527
17529
17531
17540
17541
17547
17557
17561
17563
17564
17568
17571
17572
17579
17580
17581
17587
17589
17600
17616
17622
17623
17625
17627
17630
17632
17640
17645
17652
17655
17657
17663
17666
17667
17671
17675
17676
17678
17679
17683
17685
17686
17689
17691
17693
17700
17704
17706
17710
17712
17713
17714
17721
17725
17729
17734
17737
17738
17739
17756
17757
17758
17760
17762
17763
17764
17770
17773
17774
17776
17783
17795
17805
17814
17816
17818
17820
17821
17822
17823
17830
17831
17836
17846
17848
17849
17850
17855
17858
17859
17869
17870
17875
17880
17887
17891
17898
17900
17904
17915
17918
17919
17923
17931
17933
17940
17943
17947
17950
17957
17960
17961
17963
17965
17969
17970
17972
17973
17976
17978
17979
17985
17986
17990
17991
17997
18007
18009
18010
18016
18024
18025
18026
18027
18030
18036
18037
18038
18048
18052
18058
18059
18060
18063
18064
18065
18067
18070
18074
18087
18090
18091
18094
18096
18097
18106
18108
18110
18112
18115
18116
18122
18123
18124
18125
18126
18127
18131
18134
18136
18137
18142
18146
18149
18150
18153
18154
18161
18167
18169
18170
18174
18181
18188
18193
18194
18196
18198
18200
18202
18219
18221
18223
18227
18230
18234
18236
18237
18239
18241
18251
18253
18255
18258
18261
18262
18264
18272
18275
18285
18290
18292
18300
18301
18303
18309
18310
18311
18312
18317
18323
18328
18330
18333
18335
18344
18347
18348
18350
18360
18366
18373
18376
18377
18382
18386
18388
18389
18391
18394
18395
18397
18401
18405
18407
18412
18414
18416
18421
18425
18428
18431
18437
18441
18442
18443
18446
18450
18452
18453
18456
18458
18459
18465
18467
18468
18469
18472
18474
18476
18477
18483
18486
18489
18501
18502
18506
18507
18510
18511
18513
18518
18523
18527
18528
18530
18533
18534
18535
18536
18537
18540
18544
18545
18554
18557
18561
18562
18563
18567
18569
18574
18575
18583
18585
18587
18589
18590
18591
18595
18596
18597
18599
18613
18616
18620
18621
18622
18628
18631
18632
18640
18643
18645
18658
18662
18663
18665
18674
18676
18680
18682
18685
18687
18692
18693
18694
18695
18697
18698
18699
18700
18703
18709
18712
18714
18715
18716
18717
18718
18719
18725
18731
18733
18737
18740
18744
18745
18746
18747
18749
18752
18756
18761
18767
18769
18770
18775
18783
18784
18786
18787
18788
18794
18799
18813
18814
18821
18827
18829
18832
18834
18835
18851
18855
18858
18859
18860
18867
18868
18871
18873
18876
18879
18882
18884
18886
18887
18888
18889
18894
18899
18900
18905
18909
18912
18923
18924
18928
18930
18942
18943
18944
18946
18947
18955
18959
18963
18968
18971
18972
18975
18978
18979
18986
18989
18994
18995
18998
19000
19001
19007
19015
19017
19021
19024
19026
19034
19039
19041
19044
19046
19048
19052
19062
19065
19068
19070
19072
19074
19075
19076
19084
19089
19098
19099
19101
19102
19105
19109
19110
19111
19112
19116
19118
19119
19122
19127
19131
19133
19136
19138
19145
19146
19154
19156
19162
19163
19166
19170
19172
19175
19176
19177
19178
19180
19183
19185
19188
19190
19192
19193
19200
19206
19207
19209
19211
19212
19215
19219
19229
19234
19235
19237
19238
19240
19241
19242
19243
19252
19265
19267
19269
19272
19273
19274
19277
19281
19286
19287
19289
19290
19295
19297
19298
19307
19312
19314
19322
19328
19338
19341
19351
19353
19356
19357
19361
19366
19373
19376
19379
19380
19384
19394
19395
19397
19400
19402
19407
19410
19411
19412
19415
19416
19420
19421
19425
19426
19430
19431
19435
19436
19440
19442
19449
19453
19459
19461
19462
19463
19464
19465
19466
19468
19470
19472
19474
19478
19481
19483
19488
19489
19499
19500
19503
19505
19508
19509
19513
19515
19518
19519
19522
19524
19528
19529
19537
19541
19542
19546
19549
19551
19554
19557
19563
19564
19576
19582
19584
19586
19587
19596
19600
19611
19612
19613
19616
19618
19619
19620
19624
19631
19636
19642
19645
19651
19652
19653
19654
19664
19667
19674
19682
19691
19696
19698
19702
19707
19708
19709
19711
19713
19714
19716
19720
19721
19727
19729
19732
19733
19742
19749
19750
19751
19753
19754
19755
19758
19760
19763
19765
19769
19788
19790
19792
19793
19794
19801
19806
19811
19815
19816
19819
19830
19836
19837
19841
19842
19844
19848
19850
19853
19854
19856
19860
19861
19862
19863
19867
19868
19870
19874
19877
19878
19881
19882
19883
19886
19893
19894
19895
19899
19900
19902
19903
19908
19909
19910
19912
19913
19920
19921
19925
19927
19928
19931
19943
19948
19963
19974
19978
19980
19981
19989
19990
19991
19995
19998
19999
20004
20007
20011
20012
20021
20024
20025
20032
20034
20035
20039
20042
20044
20047
20048
20049
20050
20052
20053
20054
20055
20058
20061
20070
20072
20080
20083
20086
20087
20089
20092
20093
20095
20101
20102
20103
20109
20116
20123
20124
20125
20127
20134
20140
20143
20145
20149
20150
20154
20160
20161
20162
20163
20165
20166
20169
20170
20171
20173
20174
20179
20181
20182
20184
20195
20196
20200
20204
20210
20211
20212
20216
20217
20218
20222
20226
20227
20230
20232
20234
20236
20242
20245
20246
20249
20250
20255
20257
20261
20262
20265
20283
20284
20286
20288
20299
20300
20301
20303
20308
20309
20313
20319
20321
20322
20327
20330
20337
20339
20342
20348
20350
20354
20355
20356
20357
20360
20362
20363
20364
20369
20372
20377
20378
20380
20382
20383
20384
20392
20394
20405
20407
20409
20412
20422
20423
20427
20431
20436
20439
20441
20444
20447
20449
20455
20457
20458
20459
20462
20463
20465
20468
20471
20475
20476
20478
20485
20486
20487
20488
20490
20492
20493
20494
20496
20498
20501
20512
20516
20519
20527
20531
20536
20539
20540
20541
20542
20544
20545
20546
20549
20552
20553
20556
20557
20558
20559
20561
20566
20568
20570
20572
20574
20576
20577
20581
20591
20593
20599
20600
20604
20605
20608
20610
20615
20616
20618
20625
20626
20628
20631
20633
20637
20641
20644
20646
20649
20651
20653
20659
20662
20664
20674
20676
20678
20682
20683
20684
20686
20689
20690
20693
20697
20705
20710
20717
20719
20724
20725
20727
20729
20730
20732
20733
20738
20741
20746
20748
20751
20754
20756
20759
20763
20765
20771
20772
20774
20778
20779
20780
20783
20787
20789
20791
20793
20794
20800
20808
20809
20812
20814
20818
20824
20830
20833
20839
20840
20842
20843
20846
20848
20849
20852
20857
20864
20865
20867
20869
20875
20877
20878
20881
20882
20884
20886
20887
20892
20893
20906
20909
20911
20914
20926
20932
20933
20936
20940
20942
20945
20946
20956
20958
20959
20960
20961
20964
20969
20971
20972
20979
20981
20986
20987
20994
20996
21001
21002
21006
21009
21011
21013
21016
21023
21024
21025
21031
21033
21034
21035
21036
21038
21041
21044
21048
21049
21053
21056
21058
21059
21061
21063
21064
21065
21073
21079
21080
21083
21086
21087
21092
21093
21097
21098
21099
21100
21102
21107
21112
21114
21117
21119
21120
21122
21123
21126
21134
21137
21138
21139
21145
21146
21148
21154
21155
21158
21162
21163
21164
21168
21170
21173
21179
21180
21181
21183
21185
21186
21191
21195
21197
21199
21202
21203
21205
21208
21210
21214
21219
21224
21225
21227
21228
21229
21230
21232
21235
21236
21239
21241
21243
21246
21250
21252
21256
21260
21262
21264
21267
21268
21270
21272
21275
21281
21286
21291
21293
21294
21301
21303
21308
21312
21313
21315
21316
21317
21318
21321
21322
21323
21324
21326
21328
21335
21338
21348
21350
21351
21353
21354
21355
21356
21366
21373
21376
21377
21380
21381
21382
21384
21386
21389
21390
21392
21395
21397
21398
21399
21400
21410
21413
21414
21415
21417
21421
21422
21423
21425
21426
21429
21431
21432
21433
21435
21436
21437
21440
21445
21446
21447
21449
21455
21457
21459
21460
21462
21470
21473
21481
21482
21488
21489
21491
21494
21498
21499
21501
21503
21510
21513
21514
21515
21516
21524
21526
21536
21537
21539
21545
21546
21551
21555
21560
21563
21565
21566
21569
21576
21577
21579
21581
21582
21584
21585
21589
21590
21592
21593
21594
21600
21601
21602
21606
21608
21619
21628
21632
21634
21641
21647
21649
21651
21652
21658
21661
21662
21665
21666
21672
21680
21690
21694
21696
21697
21699
21701
21703
21709
21710
21711
21715
21717
21720
21726
21732
21737
21742
21744
21745
21751
21753
21754
21757
21759
21760
21761
21762
21764
21768
21769
21775
21779
21785
21787
21788
21790
21792
21793
21794
21795
21796
21804
21806
21816
21819
21820
21821
21824
21826
21831
21834
21835
21836
21837
21839
21841
21842
21843
21846
21856
21857
21860
21861
21863
21865
21868
21870
21872
21878
21879
21882
21883
21885
21886
21889
21890
21891
21892
21897
21900
21903
21904
21906
21910
21911
21913
21919
21921
21922
21924
21928
21932
21933
21934
21937
21944
21945
21950
21956
21958
21959
21960
21963
21966
21967
21979
21982
21985
21990
21992
21993
21996
22002
22003
22004
22007
22009
22010
22012
22014
22018
22021
22028
22029
22030
22031
22037
22040
22042
22045
22049
22052
22055
22056
22059
22060
22061
22063
22065
22066
22070
22071
22073
22076
22077
22078
22080
22081
22082
22084
22085
22088
22099
22101
22103
22105
22108
22114
22115
22124
22127
22128
22129
22130
22131
22132
22136
22137
22138
22140
22144
22149
22151
22157
22158
22164
22166
22169
22172
22174
22176
22177
22179
22180
22183
22195
22196
22198
22199
22200
22207
22209
22211
22214
22216
22217
22221
22223
22224
22226
22231
22232
22233
22235
22240
22243
22244
22245
22247
22251
22252
22254
22255
22260
22261
22262
22264
22266
22268
22275
22277
22278
22282
22283
22285
22289
22291
22296
22297
22299
22302
22303
22304
22308
22309
22320
22322
22324
22325
22337
22338
22340
22345
22347
22349
22351
22354
22355
22360
22361
22362
22363
22365
22368
22371
22376
22380
22383
22385
22386
22387
22393
22396
22398
22403
22406
22411
22412
22414
22417
22420
22422
22424
22425
22426
22427
22432
22438
22444
22446
22448
22449
22450
22458
22461
22462
22463
22464
22465
22469
22475
22477
22478
22481
22483
22484
22493
22495
22496
22499
22500
22501
22505
22507
22509
22511
22515
22517
22522
22525
22530
22531
22534
22535
22536
22540
22541
22543
22548
22549
22553
22554
22555
22557
22558
22559
22560
22563
22565
22567
22568
22569
22570
22573
22574
22577
22578
22581
22582
22584
22587
22591
22593
22596
22597
22604
22607
22609
22610
22613
22615
22621
22622
22625
22632
22633
22637
22638
22639
22640
22642
22644
22645
22646
22648
22651
22654
22660
22666
22671
22675
22682
22686
22691
22697
22700
22702
22704
22707
22708
22714
22719
22725
22726
22732
22733
22740
22744
22747
22748
22749
22756
22759
22761
22763
22765
22766
22768
22771
22776
22779
22780
22781
22785
22789
22792
22798
22801
22802
22805
22807
22808
22810
22814
22816
22830
22841
22843
22845
22850
22853
22859
22860
22865
22867
22868
22870
22872
22879
22881
22885
22889
22893
22896
22897
22900
22902
22904
22906
22908
22912
22914
22915
22916
22917
22928
22930
22934
22938
22939
22940
22942
22945
22948
22951
22952
22954
22957
22959
22961
22964
22971
22973
22978
22982
22983
22984
22985
22986
22987
22988
22989
22991
22993
22996
22997
22998
22999
23000
23006
23011
23013
23016
23019
23021
23022
23026
23030
23033
23034
23035
23053
23056
23065
23069
23071
23072
23073
23074
23081
23082
23088
23089
23096
23097
23099
23102
23105
23109
23110
23111
23113
23114
23119
23121
23126
23128
23129
23134
23135
23136
23137
23138
23140
23142
23144
23150
23153
23155
23159
23166
23168
23171
23172
23183
23188
23190
23194
23196
23197
23198
23203
23206
23209
23210
23217
23220
23224
23233
23236
23238
23239
23242
23243
23251
23252
23254
23255
23256
23260
23262
23265
23269
23274
23276
23280
23284
23288
23290
23292
23294
23295
23297
23304
23306
23311
23312
23316
23322
23323
23329
23330
23334
23337
23338
23341
23344
23346
23350
23352
23353
23354
23361
23363
23367
23372
23374
23376
23377
23378
23381
23385
23387
23389
23391
23393
23394
23395
23396
23397
23399
23401
23402
23404
23411
23417
23418
23424
23428
23429
23434
23435
23436
23438
23444
23450
23452
23453
23455
23459
23463
23465
23466
23469
23470
23480
23482
23483
23484
23488
23491
23492
23493
23495
23496
23501
23502
23507
23509
23511
23517
23519
23520
23522
23528
23530
23533
23536
23537
23541
23543
23547
23548
23549
23550
23554
23556
23559
23564
23565
23566
23567
23572
23573
23574
23575
23578
23584
23585
23587
23592
23594
23598
23601
23602
23604
23608
23609
23612
23613
23614
23616
23619
23623
23627
23628
23629
23630
23632
23633
23635
23651
23657
23660
23663
23670
23671
23674
23682
23683
23684
23691
23696
23697
23698
23699
23702
23704
23706
23713
23715
23717
23719
23720
23721
23722
23723
23724
23726
23734
23738
23740
23741
23742
23744
23748
23751
23753
23754
23755
23757
23760
23766
23768
23770
23773
23778
23780
23783
23784
23786
23788
23790
23791
23793
23798
23802
23803
23807
23810
23811
23812
23813
23815
23816
23819
23827
23829
23836
23844
23845
23855
23857
23862
23865
23866
23867
23869
23871
23877
23884
23886
23890
23897
23901
23905
23908
23911
23915
23919
23922
23924
23925
23929
23931
23934
23935
23937
23941
23946
23949
23951
23952
23962
23967
23968
23969
23971
23973
23975
23978
23982
23987
23990
23991
23992
23993
23994
23997
23999
24000
24005
24006
24012
24015
24023
24025
24031
24032
24034
24041
24043
24052
24057
24062
24064
24066
24070
24071
24076
24081
24084
24087
24092
24093
24102
24104
24110
24111
24113
24118
24119
24121
24122
24124
24125
24127
24128
24131
24132
24133
24135
24136
24140
24143
24145
24146
24147
24148
24150
24154
24157
24160
24162
24165
24166
24171
24172
24173
24175
24186
24187
24193
24196
24198
24199
24204
24208
24209
24210
24212
24223
24225
24228
24231
24232
24233
24238
24240
24244
24245
24249
24250
24254
24255
24256
24264
24266
24267
24269
24272
24273
24274
24276
24279
24281
24283
24285
24286
24287
24288
24290
24292
24294
24295
24303
24305
24311
24314
24320
24323
24329
24331
24334
24335
24337
24338
24341
24348
24351
24353
24356
24358
24359
24360
24364
24366
24368
24374
24376
24377
24382
24384
24386
24388
24397
24399
24408
24409
24411
24413
24414
24417
24424
24427
24430
24431
24435
24437
24439
24441
24445
24447
24450
24454
24458
24459
24462
24471
24473
24475
24478
24479
24481
24483
24486
24490
24491
24500
24502
24503
24505
24507
24508
24509
24518
24519
24522
24528
24536
24538
24539
24541
24545
24546
24553
24554
24555
24562
24563
24567
24570
24571
24572
24577
24578
24582
24585
24586
24589
24590
24591
24592
24594
24596
24601
24606
24609
24614
24615
24616
24622
24624
24625
24629
24632
24634
24638
24649
24650
24652
24654
24656
24659
24660
24663
24666
24677
24680
24681
24683
24686
24688
24691
24693
24696
24697
24701
24704
24705
24707
24708
24710
24717
24725
24726
24731
24735
24737
24739
24744
24748
24752
24753
24754
24755
24756
24759
24761
24762
24765
24766
24767
24768
24771
24774
24775
24780
24781
24784
24788
24794
24802
24808
24811
24812
24814
24816
24819
24820
24825
24826
24834
24838
24842
24844
24846
24848
24852
24856
24866
24867
24872
24873
24874
24877
24879
24882
24883
24890
24891
24892
24895
24900
24901
24906
24909
24910
24911
24912
24913
24914
24915
24919
24920
24921
24923
24925
24929
24930
24931
24936
24941
24942
24943
24947
24951
24952
24955
24956
24959
24960
24961
24963
24966
24967
24970
24972
24978
24982
24983
24987
24989
24991
24993
24996
24998
24999
25001
25005
25007
25013
25016
25020
25021
25033
25034
25036
25038
25040
25044
25045
25048
25050
25051
25055
25063
25068
25070
25073
25074
25077
25086
25090
25091
25102
25106
25108
25112
25114
25115
25118
25119
25120
25125
25136
25137
25141
25143
25144
25146
25148
25149
25151
25153
25154
25155
25165
25166
25172
25177
25181
25184
25187
25189
25191
25192
25196
25197
25199
25200
25201
25202
25203
25206
25207
25213
25216
25217
25218
25226
25231
25235
25242
25249
25254
25256
25258
25262
25263
25264
25272
25280
25284
25285
25296
25304
25305
25309
25310
25312
25316
25317
25322
25323
25324
25326
25327
25329
25334
25336
25337
25345
25346
25350
25351
25355
25356
25358
25362
25370
25375
25380
25382
25387
25392
25394
25396
25398
25400
25406
25413
25417
25421
25422
25423
25431
25440
25441
25443
25452
25454
25458
25460
25463
25468
25470
25471
25477
25479
25480
25481
25487
25488
25489
25496
25497
25498
25502
25504
25511
25512
25514
25516
25520
25527
25528
25531
25533
25534
25537
25538
25540
25543
25544
25548
25552
25553
25558
25559
25561
25563
25567
25570
25571
25572
25577
25580
25581
25584
25591
25597
25600
25604
25605
25609
25611
25612
25616
25620
25621
25623
25625
25629
25636
25640
25645
25660
25666
25669
25671
25677
25678
25686
25688
25689
25694
25696
25705
25716
25721
25722
25724
25725
25727
25732
25733
25736
25738
25743
25745
25751
25753
25757
25758
25760
25761
25762
25764
25766
25767
25785
25786
25787
25788
25793
25795
25802
25806
25808
25809
25816
25817
25818
25820
25821
25827
25829
25831
25832
25833
25834
25851
25856
25860
25863
25864
25870
25874
25880
25881
25885
25886
25897
25899
25901
25913
25914
25915
25919
25927
25929
25933
25936
25940
25942
25946
25950
25953
25955
25956
25957
25967
25970
25972
25975
25976
25977
25978
25979
25981
25983
25991
25995
25996
25997
25999
26000
26002
26004
26010
26012
26013
26016
26017
26029
26033
26034
26037
26039
26040
26044
26045
26046
26048
26049
26053
26055
26058
26061
26067
26068
26069
26073
26074
26077
26079
26083
26087
26088
26092
26098
26100
26101
26105
26106
26107
26109
26113
26117
26124
26128
26135
26137
26138
26142
26144
26149
26150
26154
26156
26157
26162
26170
26171
26181
26187
26188
26193
26196
26198
26199
26202
26208
26214
26216
26217
26219
26220
26224
26227
26232
26233
26234
26235
26244
26247
26248
26249
26254
26255
26256
26260
26262
26267
26271
26272
26275
26277
26281
26283
26284
26286
26288
26298
26299
26300
26301
26306
26313
26319
26322
26324
26331
26333
26334
26335
26337
26340
26342
26343
26347
26351
26353
26356
26358
26360
26364
26367
26371
26372
26378
26379
26380
26383
26385
26391
26392
26404
26405
26409
26411
26413
26415
26416
26417
26419
26428
26430
26439
26440
26445
26446
26447
26448
26450
26451
26453
26454
26456
26459
26466
26468
26474
26476
26482
26485
26499
26500
26508
26511
26513
26518
26523
26530
26533
26535
26538
26539
26542
26543
26548
26555
26556
26563
26565
26567
26570
26575
26576
26577
26578
26582
26592
26598
26602
26607
26608
26610
26615
26616
26619
26620
26621
26622
26623
26624
26625
26627
26628
26630
26633
26634
26635
26638
26645
26654
26656
26658
26665
26667
26669
26670
26677
26678
26679
26680
26682
26683
26686
26687
26689
26692
26693
26695
26702
26704
26706
26707
26709
26710
26713
26714
26721
26724
26728
26731
26739
26740
26741
26743
26752
26753
26757
26762
26770
26776
26781
26783
26785
26787
26789
26790
26798
26802
26806
26808
26815
26816
26817
26822
26823
26828
26830
26834
26837
26844
26847
26852
26858
26860
26864
26865
26871
26874
26875
26877
26879
26880
26882
26883
26884
26885
26887
26890
26892
26893
26896
26900
26904
26906
26907
26909
26910
26911
26914
26919
26920
26923
26926
26933
26936
26939
26940
26943
26947
26952
26954
26955
26959
26961
26964
26968
26969
26973
26978
26980
26981
26991
26993
26994
26997
27007
27011
27012
27020
27021
27023
27024
27028
27031
27032
27034
27037
27046
27047
27048
27051
27054
27055
27056
27059
27061
27070
27071
27072
27074
27075
27076
27077
27078
27084
27087
27093
27094
27095
27103
27104
27108
27110
27115
27118
27119
27120
27122
27123
27125
27126
27133
27139
27143
27148
27150
27154
27155
27160
27164
27169
27171
27177
27180
27183
27203
27206
27208
27209
27210
27212
27217
27218
27220
27224
27226
27228
27229
27232
27239
27244
27245
27246
27250
27252
27259
27264
27267
27271
27273
27274
27281
27282
27283
27289
27292
27293
27299
27302
27305
27308
27312
27314
27317
27321
27323
27325
27327
27328
27330
27331
27332
27333
27334
27339
27340
27344
27345
27346
27353
27355
27361
27366
27374
27379
27382
27384
27389
27392
27394
27396
27397
27398
27400
27402
27404
27406
27410
27411
27414
27415
27416
27420
27421
27423
27427
27431
27434
27435
27442
27444
27449
27450
27452
27456
27459
27463
27465
27467
27468
27470
27471
27493
27494
27495
27504
27505
27506
27512
27516
27519
27522
27524
27528
27529
27534
27536
27537
27541
27542
27544
27550
27552
27555
27561
27565
27567
27570
27571
27574
27577
27578
27579
27584
27585
27587
27590
27592
27593
27595
27596
27598
27600
27603
27605
27606
27607
27610
27614
27615
27618
27622
27624
27625
27626
27628
27629
27631
27637
27638
27641
27642
27643
27645
27646
27647
27649
27650
27654
27659
27662
27664
27667
27672
27673
27682
27687
27692
27702
27705
27708
27716
27718
27719
27720
27723
27725
27731
27732
27733
27735
27736
27738
27740
27744
27749
27752
27755
27767
27768
27769
27777
27780
27781
27790
27791
27792
27800
27802
27803
27806
27808
27814
27815
27816
27818
27824
27828
27829
27833
27834
27838
27841
27844
27846
27847
27848
27851
27854
27857
27861
27873
27879
27882
27883
27884
27897
27899
27907
27913
27916
27919
27924
27925
27926
27927
27936
27939
27945
27951
27953
27955
27956
27957
27962
27966
27975
27983
27994
27995
27996
28000
28002
28004
28006
28007
28008
28009
28012
28013
28020
28021
28027
28031
28032
28040
28045
28046
28049
28051
28052
28054
28059
28063
28064
28065
28067
28068
28070
28075
28076
28077
28078
28081
28088
28090
28093
28100
28101
28102
28104
28107
28114
28116
28121
28128
28132
28133
28135
28137
28139
28144
28145
28147
28148
28151
28153
28157
28168
28169
28170
28173
28174
28177
28178
28182
28183
28187
28188
28190
28209
28213
28214
28216
28220
28227
28229
28232
28233
28237
28241
28243
28246
28249
28253
28257
28258
28259
28261
28262
28264
28271
28275
28277
28278
28284
28291
28300
28312
28316
28323
28330
28331
28334
28337
28338
28344
28349
28351
28355
28356
28357
28359
28360
28363
28371
28375
28377
28384
28385
28386
28388
28389
28390
28393
28395
28396
28398
28399
28400
28402
28403
28406
28408
28411
28412
28414
28426
28428
28430
28434
28435
28438
28448
28449
28452
28459
28461
28467
28471
28476
28477
28481
28482
28488
28490
28492
28499
28504
28506
28509
28510
28511
28515
28517
28522
28523
28525
28526
28528
28529
28533
28534
28539
28540
28546
28549
28553
28556
28557
28558
28560
28561
28562
28564
28566
28567
28572
28574
28582
28583
28584
28585
28586
28587
28589
28590
28601
28603
28604
28605
28606
28607
28613
28618
28625
28626
28627
28629
28631
28636
28642
28643
28646
28647
28650
28651
28653
28659
28661
28662
28666
28668
28670
28671
28674
28675
28676
28682
28683
28686
28687
28688
28692
28695
28698
28704
28705
28706
28711
28712
28714
28716
28721
28724
28734
28735
28742
28743
28749
28754
28755
28757
28764
28767
28768
28769
28770
28771
28774
28776
28778
28782
28784
28787
28788
28793
28801
28803
28804
28810
28813
28815
28817
28819
28820
28822
28823
28825
28826
28827
28832
28838
28839
28841
28845
28846
28851
28854
28866
28870
28875
28877
28886
28887
28889
28892
28894
28903
28904
28909
28910
28915
28916
28918
28921
28924
28925
28928
28930
28931
28932
28938
28940
28944
28946
28947
28950
28951
28963
28966
28967
28971
28984
28985
28987
28990
28996
29006
29014
29015
29016
29021
29026
29035
29040
29044
29047
29048
29050
29058
29061
29064
29065
29071
29072
29074
29075
29076
29077
29079
29081
29082
29085
29088
29089
29090
29093
29098
29099
29100
29107
29108
29111
29116
29118
29120
29121
29128
29137
29142
29144
29145
29152
29154
29156
29157
29163
29164
29168
29171
29172
29174
29175
29176
29179
29180
29189
29193
29195
29197
29202
29204
29206
29210
29215
29219
29220
29223
29226
29234
29244
29245
29247
29252
29255
29258
29259
29260
29261
29262
29263
29267
29273
29274
29275
29279
29280
29283
29284
29285
29286
29289
29311
29314
29319
29320
29321
29323
29327
29331
29333
29336
29340
29344
29355
29358
29361
29363
29364
29365
29366
29370
29374
29376
29378
29379
29382
29384
29385
29386
29390
29394
29396
29397
29408
29411
29412
29416
29417
29419
29432
29442
29446
29449
29451
29452
29454
29456
29457
29462
29464
29467
29469
29472
29473
29482
29485
29486
29490
29491
29497
29498
29502
29504
29507
29511
29513
29514
29520
29526
29533
29536
29537
29540
29543
29544
29545
29546
29547
29560
29561
29562
29565
29566
29567
29570
29571
29572
29576
29579
29580
29582
29586
29589
29590
29592
29597
29598
29603
29605
29606
29612
29616
29618
29620
29622
29623
29626
29627
29628
29633
29635
29636
29639
29640
29650
29651
29652
29655
29667
29668
29672
29680
29686
29690
29692
29694
29696
29697
29701
29703
29706
29709
29710
29713
29715
29718
29720
29721
29722
29731
29733
29743
29748
29752
29753
29756
29757
29761
29762
29766
29769
29776
29783
29789
29790
29797
29799
29806
29807
29809
29817
29819
29823
29828
29836
29842
29844
29847
29849
29852
29854
29856
29858
29860
29863
29865
29867
29870
29873
29879
29881
29885
29889
29890
29893
29894
29896
29901
29903
29905
29909
29920
29924
29927
29929
29930
29931
29935
29936
29937
29939
29941
29950
29953
29962
29969
29971
29977
29989
29998
30000
30004
30020
30035
30043
30050
30068
30072
30084
30087
30090
30098
30111
30114
30125
30130
30145
30149
30173
30193
30195
30209
30213
30220
30227
30228
30241
30244
30247
30250
30261
30271
30283
30291
30299
30315
30318
30320
30327
30330
30334
30342
30344
30352
30368
30370
30371
30372
30374
30387
30409
30412
30425
30448
30457
30460
30462
30465
30472
30485
30494
30512
30529
30539
30543
30562
30577
30581
30594
30632
30646
30650
30653
30656
30661
30665
30673
30676
30678
30681
30685
30689
30693
30714
30719
30736
30746
30761
30765
30768
30776
30784
30789
30793
30794
30796
30809
30852
30861
30863
30864
30865
30873
30876
30885
30890
30893
30905
30906
30910
30921
30931
30933
30937
30950
30951
30953
30957
30960
30972
30977
30982
30989
30998
31001
31004
31011
31013
31019
31024
31042
31048
31074
31078
31081
31084
31091
31093
31105
31107
31109
31111
31112
31114
31121
31130
31133
31135
31138
31145
31146
31165
31168
31170
31175
31180
31191
31201
31208
31209
31217
31218
31219
31228
31237
31241
31249
31254
31262
31265
31278
31291
31292
31296
31297
31298
31308
31314
31315
31323
31332
31344
31345
31347
31360
31375
31381
31395
31396
31400
31401
31413
31459
31471
31486
31487
31488
31507
31509
31529
31530
31538
31562
31563
31570
31571
31575
31592
31602
31609
31618
31620
31626
31628
31632
31636
31642
31649
31653
31658
31665
31676
31677
31678
31689
31696
31697
31708
31718
31739
31740
31744
31747
31766
31772
31775
31776
31784
31785
31788
31791
31805
31807
31809
31813
31829
31839
31842
31844
31857
31863
31880
31883
31887
31896
31919
31926
31935
31952
31953
31954
31973
31981
31983
31986
31990
31994
31997
32004
32018
32021
32024
32036
32048
32058
32069
32073
32074
32075
32080
32086
32087
32092
32099
32127
32130
32148
32169
32175
32183
32184
32186
32196
32222
32241
32246
32250
32260
32264
32275
32281
32285
32293
32302
32304
32306
32307
32312
32315
32326
32337
32342
32355
32362
32367
32383
32390
32393
32394
32395
32396
32403
32432
32434
32443
32449
32453
32456
32465
32473
32474
32483
32494
32510
32522
32523
32550
32559
32561
32565
32585
32588
32589
32602
32609
32610
32612
32613
32615
32636
32642
32650
32653
32659
32675
32682
32686
32689
32693
32700
32705
32709
32713
32735
32760
32764
32773
32775
32778
32787
32789
32816
32827
32828
32842
32849
32850
32860
32862
32863
32869
32880
32890
32903
32915
32916
32921
32927
32929
32948
32954
32960
32970
32971
32972
32973
32982
32983
32990
32991
32996
32997
33012
33027
33029
33030
33041
33044
33051
33055
33058
33059
33061
33063
33065
33071
33072
33079
33097
33107
33120
33126
33127
33128
33131
33133
33135
33146
33148
33156
33168
33186
33195
33197
33201
33205
33212
33213
33218
33223
33235
33247
33249
33268
33291
33292
33301
33320
33323
33324
33352
33357
33358
33363
33365
33366
33381
33385
33386
33393
33398
33404
33411
33433
33438
33440
33445
33464
33468
33473
33481
33493
33503
33504
33513
33518
33526
33532
33552
33557
33560
33585
33605
33607
33616
33640
33645
33656
33659
33682
33691
33699
33705
33710
33712
33716
33717
33718
33743
33752
33770
33772
33789
33802
33804
33806
33809
33810
33815
33822
33832
33834
33842
33846
33847
33860
33878
33879
33888
33892
33894
33895
33896
33915
33926
33927
33929
33931
33933
33936
33941
33947
33951
33955
33962
33967
33969
33972
33988
33991
33994
33999
34013
34017
34018
34031
34039
34044
34045
34056
34059
34063
34071
34076
34089
34091
34094
34097
34098
34104
34105
34123
34127
34136
34140
34145
34160
34161
34185
34192
34195
34197
34203
34208
34210
34216
34217
34226
34249
34251
34261
34265
34280
34286
34291
34299
34306
34316
34319
34324
34326
34334
34339
34350
34353
34362
34378
34379
34385
34386
34394
34408
34412
34420
34421
34424
34425
34434
34453
34461
34465
34483
34488
34493
34501
34505
34512
34521
34526
34551
34552
34557
34565
34572
34574
34577
34591
34592
34595
34599
34602
34621
34622
34628
34637
34648
34650
34662
34663
34668
34670
34674
34681
34691
34702
34711
34718
34719
34726
34727
34729
34733
34741
34748
34752
34772
34776
34779
34782
34793
34815
34826
34827
34839
34864
34873
34895
34896
34910
34927
34928
34929
34930
34932
34952
34966
34970
34978
34980
34984
34993
34998
35001
35020
35043
35045
35046
35050
35063
35066
35067
35070
35078
35080
35081
35083
35084
35085
35092
35093
35096
35114
35126
35142
35155
35166
35167
35170
35174
35181
35183
35184
35194
35197
35210
35215
35239
35249
35257
35258
35274
35275
35276
35281
35290
35301
35309
35311
35313
35326
35327
35336
35346
35347
35352
35367
35378
35388
35392
35404
35409
35416
35419
35424
35430
35432
35434
35443
35448
35449
35456
35492
35498
35508
35509
35514
35517
35518
35520
35526
35534
35543
35552
35567
35568
35569
35574
35576
35577
35597
35605
35606
35619
35621
35624
35628
35655
35657
35671
35674
35677
35678
35681
35701
35705
35708
35709
35711
35715
35718
35719
35724
35733
35746
35791
35807
35809
35820
35832
35837
35838
35841
35855
35877
35889
35899
35902
35908
35909
35912
35933
35940
35947
35953
35957
35961
35964
35969
35981
35989
35990
35991
35999
36002
36006
36033
36034
36037
36046
36047
36052
36075
36091
36112
36119
36122
36132
36136
36137
36140
36146
36149
36156
36159
36166
36178
36187
36189
36195
36201
36228
36233
36235
36257
36265
36274
36280
36281
36291
36292
36293
36294
36314
36316
36329
36331
36334
36335
36336
36342
36363
36376
36377
36383
36399
36405
36406
36416
36419
36423
36425
36426
36427
36433
36435
36442
36447
36449
36450
36458
36462
36476
36481
36491
36493
36512
36513
36515
36518
36519
36531
36535
36540
36548
36581
36587
36606
36633
36634
36636
36639
36643
36644
36654
36655
36657
36659
36663
36665
36667
36687
36696
36697
36703
36707
36708
36715
36716
36722
36725
36733
36740
36743
36749
36756
36757
36759
36782
36790
36791
36798
36803
36807
36815
36819
36834
36846
36852
36854
36856
36858
36863
36866
36869
36873
36885
36891
36893
36899
36900
36905
36912
36921
36926
36927
36952
36961
36967
36980
36982
36992
36993
37010
37011
37027
37038
37045
37049
37054
37057
37060
37062
37069
37074
37075
37076
37080
37101
37104
37108
37125
37130
37145
37156
37157
37162
37167
37174
37175
37176
37180
37187
37196
37204
37207
37211
37220
37223
37229
37234
37239
37263
37265
37269
37288
37289
37292
37293
37296
37316
37329
37332
37335
37349
37353
37369
37373
37378
37380
37399
37408
37415
37422
37437
37439
37440
37448
37449
37481
37482
37487
37488
37489
37494
37501
37504
37506
37507
37508
37527
37531
37537
37543
37548
37555
37558
37560
37563
37564
37565
37570
37579
37590
37600
37604
37609
37610
37620
37622
37625
37626
37628
37630
37638
37639
37652
37655
37664
37667
37671
37690
37695
37704
37719
37729
37736
37739
37752
37760
37777
37779
37781
37782
37797
37798
37838
37844
37847
37859
37867
37871
37879
37880
37883
37884
37892
37900
37901
37910
37912
37914
37916
37921
37928
37930
37934
37952
37955
37959
37977
37978
38002
38010
38017
38018
38026
38031
38036
38039
38042
38050
38060
38061
38065
38082
38092
38096
38101
38107
38111
38117
38124
38126
38137
38138
38143
38144
38145
38161
38166
38180
38211
38221
38227
38229
38230
38232
38267
38271
38272
38279
38288
38289
38296
38297
38301
38307
38322
38330
38331
38334
38341
38345
38351
38359
38364
38369
38373
38375
38377
38379
38394
38400
38418
38419
38425
38434
38458
38465
38471
38474
38492
38493
38507
38511
38513
38514
38524
38546
38556
38558
38562
38563
38573
38578
38598
38605
38613
38620
38627
38629
38634
38641
38663
38669
38671
38683
38685
38686
38703
38710
38740
38781
38789
38797
38804
38805
38829
38831
38836
38840
38842
38845
38846
38847
38848
38858
38864
38869
38874
38884
38886
38888
38895
38905
38914
38935
38937
38939
38963
38974
38981
38991
39000
39001
39023
39061
39069
39079
39080
39084
39098
39099
39121
39130
39141
39152
39158
39166
39168
39170
39179
39213
39224
39241
39246
39247
39257
39260
39264
39283
39286
39297
39339
39349
39353
39355
39358
39361
39362
39376
39390
39398
39399
39419
39424
39433
39439
39441
39446
39480
39482
39483
39488
39495
39503
39504
39513
39522
39525
39532
39535
39543
39555
39572
39579
39582
39589
39608
39609
39618
39619
39620
39624
39633
39634
39636
39648
39676
39686
39696
39699
39700
39712
39718
39721
39733
39737
39748
39751
39761
39763
39764
39770
39776
39788
39789
39797
39806
39816
39817
39821
39841
39848
39851
39864
39885
39890
39903
39904
39910
39913
39917
39931
39937
39948
39952
39964
39965
39976
39983
40008
40014
40024
40043
40044
40045
40048
40050
40061
40068
40084
40087
40092
40122
40131
40135
40151
40157
40160
40164
40166
40168
40169
40187
40203
40208
40211
40218
40224
40225
40226
40236
40237
40246
40247
40249
40255
40257
40260
40263
40264
40272
40281
40285
40298
40309
40312
40326
40327
40340
40343
40352
40355
40359
40361
40373
40378
40379
40383
40401
40407
40410
40417
40420
40435
40449
40450
40468
40491
40498
40511
40516
40521
40523
40527
40535
40536
40538
40544
40548
40551
40564
40581
40597
40599
40608
40620
40623
40627
40628
40654
40660
40676
40678
40683
40692
40702
40722
40739
40744
40760
40775
40782
40797
40803
40806
40823
40824
40830
40841
40845
40850
40855
40858
40864
40877
40881
40883
40885
40888
40894
40908
40909
40911
40915
40921
40923
40933
40954
40958
40959
40963
40965
40980
40982
40989
40991
41002
41006
41015
41016
41017
41018
41038
41039
41046
41047
41075
41078
41096
41100
41107
41114
41128
41130
41140
41144
41154
41156
41167
41168
41169
41172
41176
41209
41212
41218
41234
41236
41254
41261
41265
41266
41272
41285
41286
41289
41292
41297
41299
41314
41315
41317
41321
41334
41344
41352
41365
41370
41374
41377
41381
41392
41396
41403
41404
41415
41436
41438
41444
41454
41459
41474
41479
41483
41495
41497
41505
41522
41525
41537
41544
41562
41568
41574
41586
41589
41594
41601
41610
41618
41620
41629
41631
41635
41657
41659
41660
41666
41667
41682
41688
41691
41694
41703
41722
41727
41746
41751
41757
41762
41771
41783
41784
41787
41793
41794
41800
41824
41825
41831
41832
41833
41838
41840
41851
41866
41871
41873
41884
41901
41937
41942
41944
41960
41963
41973
41978
41998
42003
42006
42017
42031
42032
42036
42038
42040
42046
42061
42075
42078
42082
42106
42134
42156
42161
42171
42172
42185
42192
42203
42212
42229
42235
42236
42242
42247
42267
42269
42272
42273
42276
42282
42284
42299
42316
42329
42337
42345
42346
42347
42348
42369
42384
42390
42391
42401
42406
42411
42413
42436
42437
42440
42446
42465
42478
42486
42496
42500
42501
42506
42519
42522
42525
42528
42531
42537
42566
42570
42575
42579
42583
42588
42600
42614
42636
42642
42643
42648
42653
42656
42664
42667
42668
42679
42681
42687
42706
42714
42716
42720
42748
42751
42758
42760
42766
42767
42779
42787
42798
42804
42810
42813
42817
42827
42856
42861
42863
42868
42869
42871
42875
42877
42884
42886
42887
42899
42901
42905
42907
42915
42917
42919
42924
42929
42940
42945
42951
42952
42957
42964
42968
42976
42977
42980
42992
42998
43009
43013
43047
43057
43067
43094
43106
43116
43131
43136
43141
43142
43147
43159
43161
43172
43184
43187
43190
43203
43222
43242
43250
43255
43257
43279
43305
43313
43333
43344
43358
43360
43370
43377
43380
43384
43385
43391
43412
43414
43422
43428
43442
43447
43456
43459
43475
43478
43479
43483
43494
43500
43512
43514
43516
43520
43526
43528
43537
43559
43560
43563
43568
43587
43594
43597
43624
43625
43627
43647
43652
43654
43672
43681
43687
43693
43695
43698
43701
43702
43717
43718
43720
43745
43747
43766
43768
43774
43776
43796
43800
43803
43810
43811
43814
43841
43842
43845
43858
43859
43861
43864
43865
43867
43881
43882
43889
43894
43901
43908
43909
43919
43929
43932
43954
43961
43967
43968
43971
43980
43984
43985
43988
44012
44022
44032
44037
44038
44073
44077
44079
44081
44082
44088
44093
44099
44101
44106
44110
44117
44120
44133
44135
44141
44148
44152
44171
44188
44191
44197
44214
44227
44228
44234
44235
44244
44245
44249
44263
44269
44270
44274
44284
44285
44289
44303
44314
44317
44318
44326
44342
44365
44366
44368
44371
44375
44377
44389
44413
44435
44436
44447
44451
44455
44456
44476
44478
44489
44492
44518
44525
44535
44547
44569
44571
44590
44596
44605
44622
44627
44628
44631
44649
44653
44662
44668
44670
44676
44683
44684
44686
44695
44700
44705
44708
44709
44718
44721
44728
44730
44735
44761
44769
44770
44785
44788
44790
44792
44813
44818
44822
44823
44824
44840
44853
44854
44870
44872
44899
44905
44914
44921
44927
44933
44937
44947
44950
44954
44958
44959
44971
44974
44975
44986
44991
44998
45005
45027
45067
45075
45078
45104
45118
45119
45121
45128
45138
45145
45149
45161
45166
45171
45182
45185
45187
45193
45195
45202
45204
45205
45207
45213
45228
45234
45241
45252
45254
45255
45259
45262
45276
45281
45282
45287
45302
45305
45307
45316
45336
45341
45347
45349
45390
45403
45412
45427
45440
45442
45461
45482
45486
45492
45515
45526
45554
45555
45558
45588
45591
45604
45609
45611
45632
45634
45651
45652
45664
45670
45672
45679
45700
45701
45708
45719
45722
45724
45738
45744
45745
45746
45747
45759
45761
45768
45777
45799
45803
45817
45820
45821
45823
45827
45844
45849
45858
45859
45866
45869
45883
45886
45891
45907
45910
45911
45920
45923
45942
45956
45972
45977
45986
45988
45994
45996
46004
46009
46025
46029
46037
46038
46091
46096
46121
46124
46138
46144
46154
46158
46165
46167
46175
46189
46212
46235
46240
46241
46243
46245
46250
46254
46262
46276
46283
46293
46294
46297
46316
46339
46342
46345
46370
46381
46393
46396
46398
46400
46402
46404
46412
46416
46423
46424
46426
46437
46438
46447
46453
46455
46456
46474
46490
46497
46512
46532
46543
46549
46582
46600
46627
46641
46649
46656
46657
46672
46681
46701
46704
46719
46721
46727
46735
46738
46767
46768
46769
46791
46802
46805
46813
46823
46843
46848
46851
46854
46860
46880
46908
46920
46927
46943
46952
46965
46994
47016
47035
47040
47048
47055
47056
47060
47063
47066
47074
47079
47095
47105
47110
47113
47120
47129
47131
47144
47167
47178
47181
47212
47218
47227
47242
47259
47286
47287
47297
47300
47304
47305
47317
47325
47331
47342
47365
47380
47386
47387
47389
47400
47412
47419
47422
47426
47437
47452
47455
47462
47476
47480
47485
47491
47493
47495
47497
47503
47519
47548
47550
47554
47555
47559
47562
47567
47578
47579
47581
47586
47589
47592
47597
47601
47610
47611
47640
47648
47685
47700
47704
47705
47710
47713
47716
47748
47760
47789
47794
47807
47816
47842
47857
47859
47866
47869
47870
47873
47891
47906
47909
47917
47976
48002
48003
48023
48030
48031
48035
48037
48063
48077
48088
48096
48103
48108
48110
48112
48142
48146
48149
48157
48163
48174
48180
48181
48197
48206
48239
48241
48250
48259
48291
48304
48305
48312
48319
48325
48334
48347
48348
48376
48381
48384
48390
48394
48402
48411
48412
48414
48416
48418
48423
48455
48458
48491
48510
48511
48514
48516
48528
48538
48539
48546
48557
48563
48576
48588
48589
48590
48594
48595
48596
48607
48645
48646
48650
48656
48670
48673
48678
48680
48686
48687
48690
48692
48699
48717
48736
48737
48752
48761
48765
48777
48778
48782
48784
48785
48792
48814
48859
48861
48865
48871
48881
48886
48898
48909
48925
48927
48928
48952
48956
48967
48971
48984
48985
48994
48998
49024
49028
49032
49033
49034
49037
49045
49068
49079
49080
49083
49088
49094
49095
49098
49105
49109
49112
49129
49139
49145
49150
49151
49153
49161
49162
49163
49171
49177
49192
49197
49200
49201
49217
49226
49232
49247
49248
49253
49272
49274
49275
49290
49297
49304
49319
49320
49323
49357
49361
49363
49376
49394
49401
49402
49403
49425
49459
49471
49472
49476
49488
49490
49494
49505
49523
49532
49535
49542
49550
49559
49572
49579
49581
49583
49589
49595
49598
49614
49622
49625
49643
49650
49655
49676
49691
49697
49711
49717
49723
49747
49753
49775
49781
49817
49818
49821
49823
49824
49834
49843
49860
49867
49868
49870
49877
49879
49897
49905
49909
49911
49919
49922
49924
49930
49931
49941
49942
49948
49950
49961
49968
49973
49977
49978
49982
49985
49987
