4
6
8
11
16
22
29
49
55
56
58
67
68
76
81
85
96
98
100
104
106
120
123
130
133
134
137
147
148
151
157
159
160
161
164
166
169
175
176
177
180
186
187
199
202
203
204
205
210
212
215
219
223
225
229
230
231
247
248
253
254
255
256
260
262
263
265
271
272
290
310
312
318
320
322
326
330
331
334
335
340
341
345
350
353
356
357
375
376
382
385
387
389
391
397
401
405
414
428
429
431
441
448
450
455
460
462
465
466
475
481
482
488
489
490
493
498
506
518
520
523
528
537
538
541
548
550
556
558
564
580
584
588
593
612
614
616
617
620
630
632
634
641
642
645
646
649
650
654
656
657
659
660
669
677
679
680
688
691
693
694
698
699
700
702
703
705
708
712
713
715
717
732
748
751
752
755
759
773
775
776
779
780
782
790
793
794
796
802
803
808
809
811
813
814
815
816
819
826
827
831
834
835
837
841
843
846
849
852
854
858
859
860
861
862
876
887
889
890
904
912
913
914
916
934
935
939
961
965
967
973
977
982
986
987
990
1001
1009
1016
1022
1027
1028
1030
1031
1033
1035
1042
1048
1055
1059
1061
1062
1063
1066
1069
1072
1086
1098
1099
1111
1114
1119
1134
1150
1151
1154
1156
1157
1177
1180
1189
1192
1193
1198
1201
1202
1220
1221
1223
1224
1230
1236
1238
1239
1245
1246
1247
1250
1253
1255
1257
1258
1259
1260
1267
1278
1281
1297
1301
1302
1303
1308
1313
1323
1325
1326
1327
1334
1341
1343
1344
1349
1351
1357
1358
1360
1365
1367
1369
1373
1381
1385
1389
1392
1397
1405
1416
1423
1424
1428
1436
1437
1442
1456
1457
1460
1471
1475
1488
1489
1490
1494
1501
1504
1513
1514
1518
1530
1533
1534
1537
1542
1543
1545
1546
1547
1550
1552
1555
1558
1560
1568
1575
1581
1582
1583
1586
1588
1589
1594
1598
1601
1602
1606
1612
1616
1620
1626
1635
1637
1638
1646
1666
1669
1672
1675
1679
1684
1686
1695
1702
1705
1721
1724
1732
1735
1736
1740
1752
1754
1755
1756
1763
1765
1769
1772
1789
1791
1792
1793
1794
1800
1805
1806
1809
1814
1815
1822
1823
1842
1848
1852
1857
1872
1876
1879
1885
1894
1896
1903
1904
1908
1918
1922
1943
1947
1948
1950
1952
1956
1971
1973
1985
1989
1991
1994
2001
2009
2023
2026
2030
2039
2057
2061
2067
2068
2071
2072
2075
2079
2094
2096
2097
2104
2114
2121
2123
2124
2127
2146
2147
2149
2153
2157
2162
2164
2165
2167
2170
2171
2173
2182
2187
2190
2191
2203
2207
2209
2212
2216
2217
2219
2221
2232
2239
2244
2245
2246
2255
2257
2260
2265
2268
2274
2276
2277
2285
2290
2293
2303
2306
2312
2313
2314
2315
2319
2329
2330
2331
2337
2342
2344
2347
2348
2354
2357
2358
2363
2364
2368
2370
2376
2380
2381
2382
2393
2398
2401
2406
2407
2408
2410
2422
2441
2442
2448
2451
2460
2462
2463
2465
2477
2478
2485
2488
2498
2499
2508
2509
2510
2512
2519
2523
2525
2542
2547
2549
2552
2555
2557
2559
2560
2563
2577
2580
2582
2584
2587
2588
2590
2594
2604
2608
2610
2623
2625
2629
2632
2633
2634
2635
2644
2646
2650
2655
2658
2665
2672
2673
2678
2679
2682
2684
2696
2699
2700
2709
2721
2724
2727
2729
2730
2731
2732
2734
2736
2742
2745
2747
2751
2754
2757
2760
2774
2775
2782
2783
2795
2796
2797
2798
2799
2802
2804
2834
2836
2840
2843
2850
2851
2852
2875
2876
2878
2885
2887
2889
2894
2899
2907
2913
2914
2919
2921
2926
2929
2933
2942
2944
2948
2952
2956
2958
2965
2975
2976
2979
2981
2983
2988
2989
2990
2996
3001
3003
3006
3013
3016
3023
3024
3030
3035
3036
3039
3043
3048
3053
3057
3058
3063
3064
3072
3073
3079
3083
3084
3091
3092
3094
3101
3106
3117
3119
3120
3121
3123
3124
3131
3133
3137
3138
3140
3150
3153
3159
3160
3161
3163
3164
3171
3182
3198
3200
3202
3203
3206
3208
3220
3224
3225
3227
3230
3231
3232
3235
3237
3241
3249
3252
3258
3266
3272
3273
3274
3289
3302
3309
3320
3324
3326
3329
3337
3343
3353
3370
3373
3380
3381
3390
3393
3404
3406
3407
3411
3412
3417
3426
3430
3434
3436
3439
3440
3441
3443
3457
3462
3464
3466
3475
3482
3484
3496
3497
3500
3507
3514
3525
3526
3535
3543
3548
3550
3553
3554
3559
3561
3565
3570
3576
3577
3580
3583
3586
3590
3603
3610
3611
3615
3616
3623
3627
3638
3644
3645
3649
3650
3657
3659
3662
3670
3675
3678
3681
3683
3684
3689
3698
3704
3708
3723
3724
3725
3730
3734
3740
3749
3751
3756
3760
3761
3762
3763
3764
3765
3769
3777
3778
3781
3782
3783
3789
3790
3791
3795
3807
3809
3812
3820
3821
3824
3826
3827
3832
3836
3838
3842
3843
3844
3852
3856
3857
3865
3866
3868
3887
3895
3908
3912
3916
3917
3918
3921
3923
3929
3936
3938
3958
3965
3975
3977
3980
3994
4002
4003
4004
4009
4010
4012
4015
4018
4020
4025
4034
4035
4036
4039
4042
4045
4058
4061
4065
4068
4073
4074
4075
4082
4090
4094
4106
4107
4111
4115
4116
4135
4136
4139
4141
4142
4151
4164
4169
4171
4172
4175
4184
4189
4190
4197
4198
4203
4205
4209
4217
4224
4227
4231
4237
4252
4253
4260
4262
4270
4271
4278
4280
4283
4285
4290
4292
4294
4302
4311
4319
4328
4343
4345
4351
4352
4360
4364
4373
4375
4381
4382
4385
4387
4398
4400
4402
4404
4409
4412
4413
4415
4418
4428
4437
4439
4441
4445
4447
4449
4454
4456
4457
4470
4477
4481
4482
4483
4485
4489
4497
4501
4506
4507
4509
4514
4528
4533
4536
4538
4541
4542
4550
4551
4558
4559
4570
4578
4580
4581
4582
4583
4584
4586
4600
4603
4606
4610
4611
4612
4613
4614
4616
4618
4623
4624
4626
4627
4630
4640
4642
4644
4648
4662
4666
4670
4671
4682
4696
4697
4707
4712
4718
4723
4741
4742
4751
4754
4757
4760
4761
4763
4766
4769
4773
4778
4784
4788
4799
4804
4807
4812
4816
4820
4821
4824
4826
4830
4832
4840
4843
4853
4869
4877
4879
4886
4887
4897
4906
4911
4912
4923
4926
4940
4950
4951
4955
4957
4961
4962
4967
4982
4986
4987
4998
4999
5021
5037
5039
5040
5047
5051
5064
5088
5092
5105
5134
5135
5141
5142
5149
5154
5158
5171
5186
5192
5206
5228
5234
5239
5247
5256
5258
5264
5267
5282
5283
5295
5298
5305
5313
5317
5321
5326
5369
5398
5399
5407
5410
5414
5419
5432
5444
5460
5468
5471
5472
5479
5489
5493
5501
5508
5517
5519
5523
5526
5538
5542
5546
5561
5565
5567
5574
5575
5586
5606
5612
5634
5637
5658
5676
5679
5691
5695
5700
5710
5773
5781
5786
5788
5789
5799
5812
5821
5829
5831
5832
5837
5840
5845
5853
5856
5888
5894
5899
5939
5944
5955
5963
5968
5976
5979
5980
5987
6001
6012
6015
6022
6052
6080
6084
6086
6093
6100
6127
6128
6134
6137
6152
6176
6182
6189
6190
6207
6238
6245
6261
6266
6300
6304
6307
6315
6332
6354
6356
6360
6361
6375
6409
6419
6448
6452
6454
6467
6487
6489
6500
6503
6506
6532
6554
6624
6626
6637
6642
6660
6663
6664
6668
6669
6680
6689
6694
6700
6706
6728
6736
6738
6758
6768
6770
6776
6806
6809
6829
6843
6852
6860
6861
6866
6878
6879
6880
6885
6890
6915
6921
6926
6933
6949
6957
6981
6994
7000
7001
7003
7028
7029
7049
7063
7082
7085
7099
7103
7115
7116
7129
7131
7135
7136
7137
7139
7149
7156
7158
7183
7219
7223
7250
7254
7256
7278
7283
7290
7291
7296
7305
7314
7316
7327
7336
7338
7351
7366
7375
7384
7398
7419
7429
7451
7453
7459
7467
7469
7479
7486
7498
7502
7520
7525
7544
7547
7559
7574
7620
7626
7631
7632
7636
7642
7656
7661
7663
7671
7678
7687
7697
7700
7706
7719
7737
7742
7744
7746
7750
7797
7808
7812
7830
7850
7853
7857
7858
7861
7867
7872
7876
7878
7881
7885
7888
7928
7932
7934
7937
7939
7941
7945
7951
7954
7966
7967
7972
7992
8018
8030
8041
8051
8080
8088
8092
8108
8122
8125
8131
8136
8143
8147
8154
8163
8169
8171
8190
8196
8199
8211
8224
8233
8243
8246
8258
8264
8269
8272
8278
8280
8304
8336
8341
8363
8375
8415
8427
8446
8475
8476
8487
8498
8525
8531
8539
8548
8550
8573
8593
8594
8604
8613
8620
8641
8643
8644
8650
8661
8664
8674
8677
8709
8716
8720
8738
8772
8776
8781
8810
8818
8826
8828
8831
8843
8845
8846
8850
8855
8864
8867
8873
8888
8889
8890
8895
8907
8908
8921
8923
8928
8947
8957
8973
8988
8990
8992
8998
9003
9013
9024
9029
9032
9036
9045
9055
9068
9069
9086
9102
9104
9120
9142
9161
9164
9178
9187
9216
9222
9244
9246
9248
9250
9251
9261
9277
9278
9281
9284
9290
9315
9316
9356
9382
9401
9420
9426
9444
9447
9451
9453
9455
9465
9470
9494
9500
9505
9509
9513
9521
9525
9529
9530
9541
9543
9557
9563
9568
9573
9576
9578
9583
9588
9601
9612
9628
9649
9650
9653
9680
9704
9712
9736
9738
9746
9747
9748
9757
9763
9768
9811
9813
9820
9821
9822
9826
9836
9853
9870
9872
9875
9880
9886
9896
9897
9914
9924
9932
9940
9945
9946
9953
9956
9964
9970
9994
9997
10004
10006
10007
10008
10009
10010
10013
10015
10017
10021
10022
10024
10026
10030
10031
10032
10033
10034
10038
10039
10040
10045
10047
10048
10050
10051
10054
10058
10063
10066
10067
10068
10069
10075
10079
10080
10081
10083
10084
10086
10092
10095
10096
10097
10098
10099
10101
10104
10110
10112
10118
10119
10122
10128
10130
10131
10133
10134
10137
10140
10146
10147
10148
10153
10157
10159
10167
10171
10173
10175
10178
10180
10182
10183
10184
10185
10187
10189
10190
10191
10192
10194
10196
10198
10204
10205
10206
10208
10210
10213
10214
10221
10223
10224
10225
10231
10232
10233
10236
10237
10240
10246
10247
10250
10251
10252
10253
10256
10261
10265
10268
10269
10272
10273
10275
10279
10280
10282
10285
10291
10293
10294
10295
10296
10297
10300
10302
10303
10304
10311
10313
10314
10315
10316
10318
10319
10322
10324
10325
10327
10328
10331
10332
10334
10337
10341
10348
10349
10351
10353
10354
10361
10362
10363
10364
10367
10368
10369
10371
10372
10373
10375
10377
10382
10383
10389
10394
10399
10400
10401
10403
10404
10409
10412
10413
10416
10417
10421
10422
10424
10425
10427
10431
10434
10438
10439
10440
10446
10447
10449
10450
10452
10458
10459
10460
10462
10465
10466
10467
10469
10472
10474
10475
10478
10480
10481
10482
10487
10489
10491
10496
10499
10504
10505
10506
10511
10512
10513
10514
10517
10519
10520
10523
10527
10528
10532
10534
10536
10537
10538
10542
10545
10552
10553
10562
10565
10567
10571
10573
10574
10576
10577
10578
10579
10580
10587
10592
10593
10595
10596
10597
10598
10607
10608
10609
10610
10612
10613
10616
10618
10619
10620
10621
10622
10624
10625
10627
10630
10631
10632
10635
10637
10638
10641
10642
10643
10646
10649
10650
10652
10655
10657
10658
10660
10661
10665
10668
10674
10675
10678
10679
10681
10682
10684
10686
10689
10691
10692
10695
10697
10700
10701
10706
10708
10710
10712
10724
10726
10728
10730
10731
10732
10733
10739
10740
10742
10743
10746
10747
10748
10749
10752
10753
10755
10757
10758
10760
10762
10764
10768
10769
10773
10779
10780
10781
10783
10784
10785
10786
10788
10789
10790
10794
10797
10802
10803
10805
10809
10810
10811
10813
10814
10816
10818
10820
10823
10824
10828
10836
10837
10845
10849
10850
10854
10855
10856
10857
10861
10863
10865
10875
10878
10881
10883
10884
10889
10890
10893
10894
10900
10902
10905
10906
10912
10918
10920
10922
10925
10926
10932
10935
10939
10945
10950
10953
10963
10966
10968
10969
10972
10973
10975
10976
10980
10982
10983
10984
10986
10987
10990
10991
10995
11000
11001
11002
11003
11006
11007
11011
11016
11018
11019
11022
11024
11025
11028
11031
11033
11034
11037
11039
11041
11042
11044
11045
11048
11049
11051
11053
11054
11061
11063
11064
11065
11066
11067
11069
11073
11074
11075
11076
11077
11081
11083
11084
11085
11089
11094
11097
11098
11103
11105
11106
11108
11113
11114
11117
11118
11120
11122
11126
11128
11129
11133
11134
11135
11137
11140
11141
11144
11145
11146
11149
11150
11153
11154
11158
11163
11164
11168
11171
11172
11174
11175
11178
11180
11181
11186
11189
11190
11192
11193
11196
11197
11200
11203
11204
11205
11208
11211
11215
11216
11217
11218
11222
11223
11225
11226
11227
11232
11235
11237
11238
11247
11249
11251
11252
11253
11255
11256
11259
11261
11262
11265
11269
11272
11275
11277
11279
11280
11283
11284
11287
11288
11289
11292
11296
11300
11302
11303
11306
11308
11315
11316
11317
11318
11321
11322
11323
11324
11326
11328
11329
11330
11331
11333
11338
11339
11340
11342
11343
11348
11349
11356
11357
11359
11361
11364
11370
11372
11373
11375
11378
11380
11382
11387
11390
11393
11394
11399
11401
11405
11407
11409
11411
11412
11416
11417
11422
11424
11425
11426
11431
11432
11435
11436
11439
11440
11443
11445
11446
11448
11449
11456
11458
11462
11463
11464
11465
11467
11473
11476
11479
11484
11486
11487
11490
11491
11493
11494
11500
11503
11504
11509
11510
11511
11513
11517
11520
11521
11525
11527
11534
11542
11545
11547
11548
11553
11554
11555
11558
11561
11563
11565
11573
11574
11576
11579
11580
11582
11583
11593
11594
11595
11596
11598
11599
11601
11602
11603
11605
11608
11615
11617
11621
11624
11631
11632
11633
11634
11637
11644
11645
11648
11650
11653
11657
11664
11665
11666
11668
11669
11670
11673
11676
11679
11683
11686
11688
11693
11694
11695
11696
11697
11698
11700
11701
11702
11707
11708
11713
11715
11717
11718
11720
11723
11724
11725
11726
11730
11739
11740
11741
11743
11745
11746
11747
11748
11754
11759
11764
11767
11768
11769
11770
11772
11773
11774
11776
11779
11781
11782
11788
11790
11796
11798
11799
11802
11805
11809
11811
11813
11814
11820
11821
11823
11824
11826
11829
11832
11833
11834
11836
11842
11848
11849
11852
11853
11856
11859
11860
11865
11866
11867
11868
11869
11870
11872
11873
11876
11885
11886
11887
11889
11890
11891
11893
11894
11895
11897
11899
11901
11902
11910
11913
11917
11918
11920
11922
11927
11929
11930
11931
11935
11940
11941
11942
11947
11948
11950
11951
11952
11953
11954
11955
11956
11960
11961
11962
11963
11964
11966
11967
11968
11969
11971
11973
11978
11981
11982
11983
11985
11989
11992
11993
11994
11998
12001
12003
12005
12006
12008
12011
12012
12014
12016
12017
12019
12022
12025
12026
12030
12032
12033
12036
12039
12040
12042
12043
12044
12051
12052
12054
12055
12056
12061
12065
12069
12070
12072
12076
12077
12078
12079
12082
12084
12086
12087
12088
12090
12095
12096
12098
12100
12101
12102
12103
12105
12108
12109
12110
12113
12114
12119
12120
12121
12123
12124
12127
12128
12132
12134
12135
12138
12139
12140
12141
12144
12146
12148
12149
12154
12155
12156
12157
12164
12171
12174
12175
12181
12184
12185
12187
12188
12190
12193
12194
12196
12200
12201
12202
12204
12207
12209
12214
12215
12216
12217
12218
12219
12220
12225
12226
12227
12230
12232
12238
12239
12240
12241
12242
12243
12244
12245
12248
12250
12252
12253
12256
12258
12259
12261
12266
12268
12270
12272
12273
12275
12276
12277
12280
12281
12284
12289
12291
12292
12295
12298
12303
12305
12306
12309
12314
12315
12316
12317
12318
12320
12325
12328
12331
12332
12333
12339
12340
12344
12346
12348
12352
12357
12358
12361
12363
12366
12368
12370
12371
12375
12376
12380
12382
12386
12389
12390
12391
12393
12397
12398
12404
12405
12406
12409
12411
12412
12413
12417
12418
12419
12421
12423
12424
12425
12426
12429
12432
12435
12437
12438
12439
12441
12443
12444
12447
12448
12453
12454
12456
12457
12458
12461
12462
12464
12466
12468
12469
12470
12472
12473
12474
12475
12476
12479
12481
12482
12486
12487
12492
12493
12496
12501
12502
12504
12505
12509
12510
12512
12513
12514
12515
12519
12521
12522
12523
12529
12530
12531
12533
12542
12543
12549
12551
12552
12555
12563
12571
12572
12574
12576
12579
12581
12583
12585
12586
12587
12590
12591
12592
12593
12600
12601
12604
12605
12608
12609
12610
12613
12624
12626
12628
12629
12631
12634
12637
12638
12640
12644
12647
12648
12650
12651
12653
12654
12655
12657
12658
12660
12663
12664
12674
12679
12680
12682
12687
12688
12690
12695
12698
12699
12701
12702
12703
12704
12706
12712
12713
12715
12717
12718
12720
12721
12722
12729
12732
12733
12734
12737
12740
12741
12743
12746
12747
12748
12750
12754
12756
12757
12761
12766
12767
12769
12772
12774
12775
12777
12780
12785
12786
12788
12789
12795
12796
12797
12800
12801
12803
12807
12808
12809
12811
12814
12819
12820
12821
12822
12823
12826
12828
12832
12833
12834
12835
12837
12839
12840
12841
12843
12844
12848
12853
12854
12855
12856
12857
12858
12859
12861
12862
12867
12868
12871
12872
12873
12876
12877
12878
12882
12883
12884
12887
12889
12890
12894
12897
12901
12904
12908
12910
12911
12912
12913
12915
12920
12923
12924
12928
12929
12932
12936
12937
12938
12939
12940
12941
12944
12947
12952
12954
12955
12958
12959
12960
12962
12963
12964
12966
12969
12970
12973
12975
12976
12977
12978
12983
12984
12985
12989
12990
12993
12994
12999
13001
13007
13008
13009
13010
13011
13012
13013
13015
13018
13019
13020
13024
13029
13030
13033
13035
13036
13037
13040
13041
13042
13044
13047
13048
13050
13053
13054
13055
13058
13060
13061
13062
13063
13064
13065
13070
13072
13077
13081
13082
13085
13086
13094
13097
13098
13099
13100
13104
13109
13110
13119
13122
13127
13129
13130
13132
13134
13138
13140
13141
13143
13147
13148
13149
13151
13152
13154
13155
13156
13157
13159
13162
13165
13170
13173
13176
13178
13179
13181
13182
13183
13184
13185
13187
13189
13192
13193
13198
13204
13205
13208
13209
13211
13212
13213
13223
13224
13225
13228
13231
13235
13238
13239
13242
13243
13244
13245
13248
13253
13256
13258
13261
13265
13267
13270
13271
13272
13276
13278
13282
13287
13288
13290
13291
13297
13300
13301
13305
13306
13314
13315
13316
13321
13323
13324
13325
13327
13328
13331
13333
13337
13339
13341
13342
13345
13348
13349
13352
13355
13356
13359
13360
13362
13363
13365
13368
13369
13371
13374
13377
13384
13385
13386
13388
13390
13392
13393
13395
13398
13399
13401
13402
13404
13407
13408
13410
13416
13417
13418
13420
13422
13423
13425
13426
13429
13430
13434
13435
13437
13439
13442
13444
13445
13449
13451
13452
13454
13457
13458
13464
13465
13471
13473
13475
13480
13482
13484
13485
13486
13488
13489
13494
13501
13504
13505
13506
13510
13511
13512
13513
13515
13519
13521
13523
13525
13529
13530
13531
13536
13537
13538
13542
13544
13548
13549
13550
13551
13553
13555
13556
13557
13558
13559
13563
13569
13572
13573
13574
13575
13576
13577
13579
13580
13582
13583
13586
13587
13588
13594
13598
13599
13602
13603
13612
13613
13619
13620
13621
13622
13623
13626
13629
13630
13634
13637
13638
13643
13644
13646
13650
13652
13653
13654
13656
13658
13659
13660
13662
13663
13664
13667
13668
13671
13673
13674
13675
13681
13683
13684
13685
13687
13688
13695
13696
13698
13699
13700
13704
13705
13706
13714
13717
13718
13720
13722
13723
13727
13730
13734
13735
13736
13737
13738
13740
13741
13743
13744
13745
13746
13749
13750
13752
13758
13759
13760
13762
13763
13768
13769
13770
13771
13773
13774
13775
13777
13778
13779
13781
13784
13785
13786
13790
13791
13792
13794
13796
13801
13804
13808
13816
13817
13818
13821
13823
13824
13825
13826
13827
13829
13830
13831
13835
13836
13838
13840
13843
13846
13849
13853
13854
13858
13866
13869
13872
13879
13881
13883
13884
13886
13888
13895
13896
13901
13904
13914
13916
13917
13919
13920
13921
13928
13931
13933
13935
13936
13938
13939
13940
13941
13943
13944
13945
13948
13952
13953
13954
13959
13964
13965
13968
13970
13974
13978
13980
13981
13982
13984
13985
13989
13990
13992
13994
13996
13997
14002
14005
14006
14007
14010
14011
14012
14013
14016
14020
14021
14022
14023
14024
14026
14027
14028
14031
14033
14034
14036
14037
14038
14042
14043
14045
14046
14047
14062
14064
14067
14070
14072
14073
14074
14078
14081
14082
14085
14086
14088
14090
14091
14093
14094
14097
14099
14101
14103
14108
14109
14112
14114
14115
14119
14120
14122
14124
14125
14126
14127
14128
14131
14134
14137
14138
14141
14142
14146
14152
14156
14159
14162
14164
14167
14169
14170
14171
14176
14178
14181
14183
14186
14187
14188
14189
14190
14191
14192
14194
14195
14196
14197
14199
14200
14201
14202
14203
14205
14214
14221
14222
14223
14225
14226
14229
14232
14234
14235
14239
14242
14249
14251
14253
14254
14257
14259
14260
14262
14264
14270
14274
14277
14280
14284
14285
14288
14290
14294
14297
14298
14305
14307
14310
14313
14314
14316
14319
14321
14325
14326
14327
14328
14329
14330
14332
14333
14338
14341
14344
14348
14350
14351
14353
14355
14357
14358
14359
14362
14364
14365
14366
14368
14373
14376
14380
14381
14383
14384
14385
14387
14388
14389
14391
14392
14394
14396
14401
14404
14406
14407
14408
14409
14411
14412
14415
14416
14417
14418
14421
14422
14424
14428
14432
14433
14435
14440
14442
14444
14445
14446
14449
14450
14451
14453
14455
14458
14459
14460
14461
14462
14464
14465
14469
14473
14476
14479
14480
14482
14483
14488
14491
14492
14493
14499
14501
14502
14503
14510
14511
14514
14515
14518
14520
14527
14529
14532
14534
14540
14541
14542
14547
14548
14549
14550
14551
14555
14557
14562
14563
14565
14567
14569
14570
14574
14575
14578
14581
14582
14584
14586
14587
14588
14590
14591
14593
14594
14599
14601
14602
14606
14608
14609
14611
14615
14616
14618
14621
14622
14625
14627
14629
14630
14631
14633
14634
14639
14642
14645
14649
14650
14651
14652
14653
14654
14656
14658
14659
14660
14661
14663
14667
14669
14673
14676
14677
14678
14679
14680
14684
14685
14688
14691
14693
14695
14698
14699
14700
14702
14704
14705
14707
14710
14714
14715
14716
14717
14721
14722
14726
14728
14729
14730
14738
14740
14741
14742
14746
14751
14752
14753
14754
14760
14765
14766
14769
14770
14772
14773
14779
14782
14784
14785
14789
14792
14793
14794
14795
14796
14799
14800
14801
14803
14805
14807
14808
14809
14810
14813
14814
14815
14819
14822
14824
14825
14826
14827
14828
14829
14830
14831
14832
14835
14837
14838
14839
14840
14842
14843
14845
14846
14848
14849
14853
14854
14855
14856
14859
14862
14863
14864
14872
14874
14876
14877
14879
14884
14885
14886
14888
14889
14890
14891
14892
14895
14896
14897
14898
14903
14904
14908
14909
14910
14911
14912
14914
14916
14918
14921
14933
14937
14939
14940
14941
14942
14943
14945
14946
14948
14951
14953
14954
14956
14957
14959
14963
14965
14967
14974
14976
14978
14979
14981
14984
14985
14987
14988
14989
14990
14995
14998
14999
15003
15006
15007
15010
15011
15014
15015
15019
15020
15023
15025
15026
15027
15028
15029
15030
15031
15032
15034
15035
15036
15037
15039
15042
15043
15044
15046
15047
15048
15053
15054
15056
15060
15061
15062
15063
15064
15066
15068
15070
15072
15073
15075
15082
15083
15084
15085
15086
15088
15089
15092
15093
15094
15096
15098
15099
15103
15105
15107
15109
15110
15111
15113
15115
15116
15117
15119
15120
15123
15125
15126
15128
15131
15133
15137
15140
15143
15145
15146
15148
15149
15150
15151
15152
15156
15158
15159
15161
15162
15164
15170
15173
15174
15176
15178
15179
15182
15183
15184
15187
15188
15192
15194
15196
15198
15200
15207
15209
15211
15215
15216
15217
15218
15221
15223
15227
15232
15236
15237
15240
15241
15243
15244
15247
15248
15249
15251
15252
15254
15257
15260
15263
15267
15269
15270
15271
15273
15276
15278
15280
15281
15287
15288
15289
15290
15291
15294
15296
15298
15299
15301
15303
15310
15311
15312
15313
15314
15317
15318
15321
15326
15328
15330
15333
15335
15341
15344
15346
15348
15352
15354
15355
15356
15359
15360
15361
15362
15367
15369
15372
15374
15375
15376
15378
15380
15381
15384
15392
15394
15395
15396
15398
15402
15405
15407
15408
15409
15411
15413
15415
15416
15417
15418
15422
15424
15425
15426
15427
15429
15431
15432
15433
15436
15437
15440
15442
15444
15446
15448
15449
15451
15453
15454
15462
15465
15466
15468
15470
15471
15474
15475
15477
15478
15480
15483
15484
15486
15487
15494
15498
15502
15503
15504
15505
15506
15509
15510
15511
15512
15515
15518
15519
15521
15522
15523
15524
15527
15528
15529
15532
15536
15537
15538
15539
15541
15545
15547
15551
15553
15555
15556
15558
15559
15561
15563
15564
15565
15566
15567
15568
15570
15571
15572
15573
15574
15575
15580
15583
15584
15586
15587
15589
15597
15601
15602
15605
15607
15608
15611
15613
15614
15616
15618
15619
15621
15622
15627
15628
15630
15632
15635
15636
15638
15640
15642
15644
15645
15652
15653
15655
15657
15659
15663
15664
15666
15667
15670
15676
15678
15679
15680
15682
15683
15685
15689
15691
15692
15695
15696
15700
15702
15703
15705
15706
15707
15708
15709
15711
15713
15714
15715
15721
15726
15727
15728
15731
15733
15736
15739
15740
15743
15745
15746
15748
15749
15750
15752
15760
15762
15763
15765
15766
15767
15768
15769
15771
15772
15773
15775
15778
15779
15780
15781
15783
15784
15785
15788
15790
15793
15797
15799
15801
15802
15804
15805
15806
15809
15810
15812
15813
15814
15817
15821
15825
15826
15829
15833
15834
15839
15840
15842
15844
15845
15847
15849
15850
15853
15854
15855
15856
15858
15863
15865
15867
15870
15876
15881
15886
15888
15889
15890
15891
15892
15893
15894
15897
15898
15899
15904
15905
15910
15915
15918
15923
15925
15930
15936
15937
15938
15940
15942
15943
15946
15947
15949
15950
15951
15954
15955
15956
15957
15958
15959
15960
15962
15967
15970
15971
15978
15980
15983
15986
15987
15988
15990
15991
15999
16002
16003
16011
16012
16013
16014
16015
16018
16019
16020
16022
16023
16027
16030
16031
16033
16037
16044
16047
16048
16049
16050
16051
16052
16053
16055
16057
16060
16061
16062
16065
16069
16070
16071
16072
16074
16075
16076
16077
16078
16081
16084
16086
16087
16090
16095
16096
16097
16098
16099
16101
16104
16105
16106
16108
16109
16112
16113
16114
16116
16118
16120
16121
16122
16124
16125
16130
16133
16134
16138
16139
16141
16143
16144
16145
16149
16155
16157
16161
16162
16163
16164
16166
16167
16169
16172
16175
16178
16180
16183
16184
16187
16188
16189
16190
16191
16192
16193
16195
16197
16198
16199
16200
16201
16203
16205
16206
16207
16211
16213
16216
16217
16220
16229
16231
16234
16237
16238
16244
16245
16246
16247
16250
16251
16253
16255
16256
16257
16258
16259
16260
16261
16265
16266
16267
16268
16269
16273
16274
16275
16276
16279
16280
16281
16282
16288
16291
16292
16293
16295
16299
16302
16304
16305
16309
16311
16317
16320
16321
16324
16330
16332
16333
16336
16339
16340
16341
16342
16344
16346
16349
16353
16354
16357
16359
16361
16362
16363
16364
16366
16367
16368
16371
16372
16375
16378
16379
16381
16382
16384
16385
16387
16391
16392
16394
16396
16399
16402
16403
16404
16405
16409
16411
16414
16418
16419
16422
16425
16427
16428
16429
16431
16432
16435
16436
16437
16440
16443
16446
16447
16449
16451
16452
16454
16456
16458
16459
16461
16467
16469
16470
16472
16473
16474
16475
16477
16479
16480
16481
16482
16483
16484
16485
16487
16488
16489
16490
16492
16495
16497
16498
16504
16507
16508
16509
16510
16514
16517
16522
16523
16524
16528
16530
16541
16542
16543
16544
16546
16548
16554
16557
16558
16559
16562
16563
16564
16565
16566
16567
16569
16570
16572
16573
16575
16579
16580
16581
16582
16585
16587
16597
16606
16608
16609
16614
16616
16617
16618
16621
16622
16624
16627
16630
16631
16633
16635
16638
16640
16642
16645
16647
16648
16650
16652
16654
16657
16660
16661
16662
16663
16665
16667
16669
16673
16678
16681
16682
16684
16686
16687
16688
16689
16691
16692
16695
16697
16698
16699
16701
16702
16707
16708
16710
16712
16713
16714
16715
16717
16718
16722
16725
16729
16730
16732
16733
16735
16736
16737
16739
16740
16741
16743
16745
16747
16748
16750
16753
16754
16756
16762
16763
16764
16765
16766
16768
16769
16770
16775
16780
16786
16789
16792
16798
16799
16801
16802
16804
16811
16812
16814
16815
16816
16823
16826
16828
16829
16832
16833
16835
16836
16838
16842
16845
16847
16850
16851
16857
16858
16860
16861
16863
16864
16866
16868
16871
16882
16885
16886
16887
16888
16889
16892
16896
16902
16904
16905
16906
16907
16910
16913
16914
16918
16919
16923
16926
16927
16928
16931
16932
16933
16935
16937
16939
16945
16946
16949
16950
16952
16955
16956
16957
16958
16959
16961
16962
16964
16967
16969
16973
16974
16976
16977
16980
16984
16985
16986
16988
16993
16995
16999
17000
17001
17002
17003
17004
17005
17006
17009
17013
17015
17019
17021
17022
17023
17024
17025
17028
17029
17032
17034
17036
17037
17038
17040
17041
17046
17047
17048
17049
17050
17052
17053
17054
17061
17064
17066
17067
17071
17072
17073
17074
17076
17079
17088
17090
17091
17092
17093
17100
17105
17107
17109
17111
17116
17117
17119
17124
17127
17129
17132
17139
17140
17141
17142
17146
17149
17150
17151
17155
17156
17157
17159
17162
17164
17165
17171
17173
17177
17180
17182
17183
17184
17186
17187
17188
17189
17190
17191
17192
17194
17195
17197
17198
17201
17202
17203
17204
17207
17208
17209
17212
17214
17215
17216
17217
17224
17227
17228
17231
17234
17236
17238
17239
17240
17241
17242
17244
17246
17247
17248
17249
17252
17257
17261
17262
17264
17265
17270
17271
17273
17277
17278
17280
17283
17284
17289
17290
17292
17294
17295
17296
17302
17306
17307
17308
17316
17318
17321
17322
17323
17324
17326
17327
17328
17330
17332
17335
17336
17342
17343
17345
17349
17351
17354
17355
17359
17362
17363
17365
17369
17370
17373
17374
17376
17377
17379
17380
17386
17387
17388
17389
17390
17393
17395
17397
17398
17401
17403
17408
17409
17410
17411
17413
17414
17415
17416
17417
17418
17424
17425
17431
17432
17433
17437
17440
17442
17448
17449
17450
17452
17453
17454
17455
17459
17463
17464
17466
17467
17468
17470
17471
17472
17473
17475
17478
17479
17480
17481
17482
17483
17484
17485
17487
17488
17490
17491
17494
17495
17498
17503
17505
17507
17508
17509
17510
17511
17513
17515
17517
17518
17521
17526
17527
17528
17529
17530
17531
17534
17538
17540
17541
17546
17547
17548
17549
17557
17558
17560
17561
17563
17564
17566
17568
17570
17571
17572
17573
17577
17579
17580
17581
17583
17585
17587
17589
17598
17600
17604
17605
17609
17610
17614
17616
17622
17623
17625
17627
17630
17631
17632
17637
17638
17640
17645
17648
17649
17650
17652
17653
17655
17657
17659
17660
17663
17666
17667
17668
17671
17675
17676
17678
17679
17683
17685
17686
17687
17689
17691
17693
17697
17699
17700
17701
17702
17704
17706
17707
17710
17712
17713
17714
17715
17719
17721
17722
17725
17727
17729
17734
17735
17737
17738
17739
17740
17746
17747
17752
17753
17755
17756
17757
17758
17760
17762
17763
17764
17765
17767
17770
17771
17772
17773
17774
17776
17779
17780
17781
17782
17783
17795
17805
17806
17808
17809
17814
17815
17816
17818
17820
17821
17822
17823
17829
17830
17831
17835
17836
17841
17846
17848
17849
17850
17855
17857
17858
17859
17860
17865
17868
17869
17870
17875
17879
17880
17882
17886
17887
17891
17895
17896
17897
17898
17900
17904
17905
17915
17917
17918
17919
17923
17931
17932
17933
17939
17940
17942
17943
17945
17946
17947
17950
17951
17952
17957
17958
17960
17961
17963
17965
17968
17969
17970
17972
17973
17976
17977
17978
17979
17985
17986
17990
17991
17994
17995
17997
17998
17999
18002
18007
18009
18010
18015
18016
18017
18018
18020
18023
18024
18025
18026
18027
18028
18029
18030
18031
18032
18036
18037
18038
18043
18045
18048
18052
18053
18054
18058
18059
18060
18063
18064
18065
18067
18068
18070
18072
18074
18079
18083
18084
18087
18090
18091
18094
18096
18097
18101
18103
18106
18108
18110
18112
18115
18116
18122
18123
18124
18125
18126
18127
18131
18134
18136
18137
18140
18142
18146
18148
18149
18150
18151
18153
18154
18155
18158
18159
18161
18163
18166
18167
18169
18170
18174
18177
18181
18187
18188
18189
18193
18194
18196
18197
18198
18200
18202
18204
18206
18209
18216
18219
18221
18222
18223
18227
18230
18234
18236
18237
18239
18241
18243
18249
18251
18252
18253
18255
18257
18258
18261
18262
18264
18267
18269
18270
18272
18275
18277
18278
18280
18282
18284
18285
18287
18290
18292
18294
18298
18299
18300
18301
18302
18303
18309
18310
18311
18312
18317
18321
18323
18325
18326
18327
18328
18330
18333
18335
18336
18337
18338
18339
18342
18344
18347
18348
18350
18356
18360
18365
18366
18369
18370
18372
18373
18375
18376
18377
18382
18384
18385
18386
18388
18389
18390
18391
18392
18394
18395
18396
18397
18398
18401
18405
18407
18411
18412
18414
18416
18417
18421
18423
18425
18428
18430
18431
18435
18437
18439
18441
18442
18443
18446
18447
18450
18452
18453
18454
18456
18458
18459
18461
18465
18467
18468
18469
18471
18472
18474
18476
18477
18479
18481
18483
18486
18489
18490
18494
18495
18497
18498
18501
18502
18503
18505
18506
18507
18508
18509
18510
18511
18513
18514
18517
18518
18519
18523
18525
18527
18528
18530
18533
18534
18535
18536
18537
18540
18543
18544
18545
18550
18554
18556
18557
18561
18562
18563
18567
18569
18574
18575
18579
18583
18585
18586
18587
18589
18590
18591
18594
18595
18596
18597
18598
18599
18603
18613
18616
18619
18620
18621
18622
18627
18628
18631
18632
18637
18640
18643
18644
18645
18649
18651
18652
18654
18655
18656
18658
18662
18663
18665
18674
18676
18677
18678
18679
18680
18682
18685
18687
18690
18692
18693
18694
18695
18697
18698
18699
18700
18703
18709
18712
18714
18715
18716
18717
18718
18719
18720
18724
18725
18729
18731
18732
18733
18737
18739
18740
18742
18744
18745
18746
18747
18749
18752
18755
18756
18759
18760
18761
18763
18764
18765
18767
18769
18770
18775
18777
18778
18783
18784
18786
18787
18788
18791
18794
18796
18797
18799
18803
18804
18808
18809
18812
18813
18814
18821
18826
18827
18829
18832
18834
18835
18842
18844
18845
18847
18848
18850
18851
18854
18855
18856
18858
18859
18860
18862
18865
18866
18867
18868
18871
18873
18876
18879
18882
18884
18886
18887
18888
18889
18894
18899
18900
18901
18905
18909
18910
18912
18923
18924
18926
18928
18930
18937
18938
18941
18942
18943
18944
18946
18947
18950
18953
18955
18959
18960
18963
18965
18967
18968
18969
18971
18972
18975
18978
18979
18981
18985
18986
18989
18993
18994
18995
18998
19000
19001
19002
19006
19007
19015
19017
19019
19021
19024
19026
19027
19034
19038
19039
19041
19044
19046
19047
19048
19052
19059
19062
19065
19068
19069
19070
19072
19074
19075
19076
19078
19079
19084
19086
19089
19097
19098
19099
19101
19102
19103
19105
19106
19109
19110
19111
19112
19116
19118
19119
19121
19122
19126
19127
19130
19131
19132
19133
19136
19137
19138
19145
19146
19154
19156
19158
19159
19162
19163
19166
19170
19172
19174
19175
19176
19177
19178
19180
19183
19185
19188
19190
19192
19193
19195
19197
19200
19204
19206
19207
19209
19210
19211
19212
19214
19215
19219
19220
19225
19227
19229
19232
19233
19234
19235
19236
19237
19238
19240
19241
19242
19243
19245
19251
19252
19253
19254
19256
19261
19262
19265
19267
19268
19269
19270
19272
19273
19274
19277
19279
19281
19283
19286
19287
19289
19290
19292
19295
19297
19298
19299
19300
19301
19305
19306
19307
19312
19314
19315
19316
19320
19322
19323
19328
19329
19332
19336
19337
19338
19341
19342
19347
19349
19351
19353
19355
19356
19357
19361
19365
19366
19370
19373
19376
19377
19379
19380
19384
19390
19394
19395
19397
19400
19402
19406
19407
19409
19410
19411
19412
19415
19416
19418
19420
19421
19422
19425
19426
19430
19431
19433
19434
19435
19436
19440
19442
19449
19453
19459
19461
19462
19463
19464
19465
19466
19468
19469
19470
19472
19474
19476
19477
19478
19480
19481
19483
19486
19488
19489
19498
19499
19500
19503
19505
19508
19509
19513
19515
19518
19519
19522
19524
19525
19528
19529
19530
19531
19532
19533
19537
19538
19539
19541
19542
19545
19546
19549
19550
19551
19554
19557
19560
19562
19563
19564
19576
19581
19582
19584
19586
19587
19588
19594
19595
19596
19600
19601
19604
19607
19610
19611
19612
19613
19616
19618
19619
19620
19624
19627
19631
19633
19634
19636
19639
19640
19642
19645
19646
19651
19652
19653
19654
19657
19661
19663
19664
19667
19669
19674
19679
19680
19682
19683
19691
19692
19696
19697
19698
19701
19702
19703
19704
19707
19708
19709
19711
19713
19714
19716
19720
19721
19727
19729
19731
19732
19733
19734
19735
19740
19742
19743
19744
19746
19749
19750
19751
19753
19754
19755
19758
19760
19763
19765
19766
19769
19770
19775
19784
19785
19786
19787
19788
19790
19792
19793
19794
19796
19801
19806
19807
19808
19811
19813
19815
19816
19817
19819
19822
19823
19830
19836
19837
19838
19839
19840
19841
19842
19844
19848
19850
19853
19854
19856
19860
19861
19862
19863
19865
19867
19868
19870
19873
19874
19876
19877
19878
19881
19882
19883
19884
19886
19887
19892
19893
19894
19895
19899
19900
19902
19903
19905
19908
19909
19910
19911
19912
19913
19914
19916
19920
19921
19925
19927
19928
19929
19930
19931
19933
19937
19943
19948
19952
19956
19958
19963
19966
19969
19974
19978
19980
19981
19982
19985
19987
19989
19990
19991
19995
19998
19999
20000
20004
20007
20010
20011
20012
20015
20016
20021
20022
20024
20025
20032
20033
20034
20035
20039
20042
20044
20047
20048
20049
20050
20052
20053
20054
20055
20058
20061
20063
20070
20072
20076
20080
20083
20086
20087
20089
20092
20093
20095
20101
20102
20103
20107
20109
20116
20123
20124
20125
20127
20131
20134
20137
20138
20139
20140
20143
20145
20148
20149
20150
20152
20154
20159
20160
20161
20162
20163
20165
20166
20168
20169
20170
20171
20173
20174
20179
20181
20182
20184
20191
20194
20195
20196
20200
20204
20209
20210
20211
20212
20213
20214
20216
20217
20218
20222
20223
20224
20226
20227
20230
20232
20234
20236
20239
20242
20245
20246
20247
20249
20250
20251
20253
20255
20257
20258
20260
20261
20262
20265
20275
20276
20283
20284
20286
20288
20291
20292
20293
20299
20300
20301
20303
20304
20308
20309
20313
20314
20316
20319
20321
20322
20327
20330
20337
20339
20342
20348
20349
20350
20351
20353
20354
20355
20356
20357
20359
20360
20362
20363
20364
20369
20372
20377
20378
20380
20382
20383
20384
20387
20390
20391
20392
20393
20394
20396
20399
20404
20405
20407
20408
20409
20412
20422
20423
20427
20431
20435
20436
20439
20441
20442
20444
20447
20449
20455
20457
20458
20459
20462
20463
20465
20466
20468
20471
20475
20476
20477
20478
20482
20485
20486
20487
20488
20490
20492
20493
20494
20495
20496
20498
20499
20501
20508
20509
20511
20512
20514
20516
20519
20525
20526
20527
20531
20534
20536
20539
20540
20541
20542
20544
20545
20546
20549
20552
20553
20556
20557
20558
20559
20561
20566
20567
20568
20570
20572
20574
20575
20576
20577
20581
20583
20585
20591
20592
20593
20595
20598
20599
20600
20603
20604
20605
20608
20610
20611
20612
20614
20615
20616
20618
20622
20625
20626
20628
20631
20633
20634
20637
20641
20642
20644
20646
20648
20649
20651
20653
20659
20662
20664
20668
20670
20674
20676
20678
20682
20683
20684
20686
20689
20690
20693
20697
20698
20702
20704
20705
20710
20711
20712
20717
20719
20721
20724
20725
20726
20727
20729
20730
20731
20732
20733
20738
20741
20746
20747
20748
20750
20751
20754
20756
20759
20763
20765
20771
20772
20774
20778
20779
20780
20782
20783
20784
20787
20789
20791
20793
20794
20797
20800
20802
20804
20808
20809
20812
20814
20816
20818
20822
20824
20830
20831
20832
20833
20838
20839
20840
20842
20843
20846
20848
20849
20852
20853
20854
20857
20858
20861
20862
20864
20865
20867
20868
20869
20871
20873
20875
20876
20877
20878
20881
20882
20884
20886
20887
20888
20892
20893
20906
20909
20910
20911
20914
20916
20917
20922
20926
20929
20932
20933
20934
20936
20937
20938
20940
20942
20945
20946
20948
20949
20951
20954
20956
20958
20959
20960
20961
20962
20964
20967
20969
20971
20972
20973
20976
20978
20979
20980
20981
20986
20987
20988
20990
20993
20994
20996
20999
21001
21002
21006
21009
21011
21012
21013
21016
21021
21023
21024
21025
21028
21029
21031
21033
21034
21035
21036
21038
21040
21041
21044
21046
21048
21049
21053
21055
21056
21057
21058
21059
21061
21063
21064
21065
21067
21073
21075
21079
21080
21083
21084
21086
21087
21088
21090
21092
21093
21097
21098
21099
21100
21102
21105
21106
21107
21112
21114
21115
21117
21119
21120
21121
21122
21123
21125
21126
21130
21134
21137
21138
21139
21143
21144
21145
21146
21148
21149
21151
21154
21155
21158
21161
21162
21163
21164
21168
21170
21172
21173
21174
21179
21180
21181
21183
21185
21186
21191
21195
21196
21197
21199
21200
21202
21203
21205
21208
21209
21210
21214
21216
21217
21219
21224
21225
21227
21228
21229
21230
21232
21235
21236
21238
21239
21241
21242
21243
21246
21250
21252
21256
21260
21261
21262
21264
21267
21268
21270
21272
21275
21279
21281
21282
21286
21291
21292
21293
21294
21300
21301
21303
21308
21312
21313
21315
21316
21317
21318
21321
21322
21323
21324
21325
21326
21328
21335
21337
21338
21339
21345
21347
21348
21349
21350
21351
21353
21354
21355
21356
21363
21365
21366
21373
21374
21376
21377
21378
21380
21381
21382
21383
21384
21386
21388
21389
21390
21392
21393
21395
21397
21398
21399
21400
21407
21408
21410
21413
21414
21415
21417
21421
21422
21423
21425
21426
21429
21431
21432
21433
21435
21436
21437
21440
21445
21446
21447
21449
21453
21454
21455
21457
21459
21460
21462
21470
21473
21474
21478
21481
21482
21483
21486
21488
21489
21491
21494
21497
21498
21499
21501
21503
21505
21507
21510
21512
21513
21514
21515
21516
21524
21526
21530
21534
21535
21536
21537
21539
21545
21546
21551
21552
21553
21555
21559
21560
21563
21565
21566
21567
21569
21572
21573
21574
21576
21577
21579
21581
21582
21584
21585
21589
21590
21591
21592
21593
21594
21600
21601
21602
21606
21608
21611
21612
21613
21617
21618
21619
21624
21628
21632
21634
21638
21641
21646
21647
21649
21650
21651
21652
21653
21655
21656
21658
21659
21661
21662
21665
21666
21672
21673
21674
21676
21678
21680
21682
21690
21694
21696
21697
21699
21701
21703
21709
21710
21711
21715
21717
21720
21726
21731
21732
21733
21734
21736
21737
21742
21744
21745
21747
21751
21752
21753
21754
21755
21756
21757
21759
21760
21761
21762
21764
21766
21768
21769
21775
21778
21779
21784
21785
21787
21788
21790
21792
21793
21794
21795
21796
21797
21804
21805
21806
21808
21813
21816
21818
21819
21820
21821
21822
21824
21826
21827
21830
21831
21832
21834
21835
21836
21837
21838
21839
21841
21842
21843
21846
21851
21856
21857
21860
21861
21863
21865
21868
21870
21872
21877
21878
21879
21882
21883
21885
21886
21888
21889
21890
21891
21892
21897
21900
21902
21903
21904
21906
21907
21908
21910
21911
21913
21916
21918
21919
21921
21922
21924
21925
21928
21932
21933
21934
21937
21940
21942
21944
21945
21946
21950
21956
21958
21959
21960
21961
21963
21964
21965
21966
21967
21976
21979
21980
21982
21983
21984
21985
21988
21990
21992
21993
21996
22002
22003
22004
22007
22009
22010
22012
22014
22018
22020
22021
22027
22028
22029
22030
22031
22037
22040
22041
22042
22045
22046
22048
22049
22051
22052
22055
22056
22059
22060
22061
22063
22065
22066
22070
22071
22073
22076
22077
22078
22080
22081
22082
22084
22085
22088
22099
22101
22102
22103
22105
22108
22113
22114
22115
22116
22124
22125
22127
22128
22129
22130
22131
22132
22135
22136
22137
22138
22140
22142
22144
22146
22147
22149
22150
22151
22152
22157
22158
22159
22161
22162
22164
22165
22166
22169
22172
22174
22176
22177
22179
22180
22181
22182
22183
22185
22188
22192
22195
22196
22198
22199
22200
22207
22208
22209
22211
22214
22216
22217
22218
22221
22223
22224
22226
22231
22232
22233
22235
22236
22237
22238
22240
22243
22244
22245
22247
22251
22252
22254
22255
22257
22258
22260
22261
22262
22264
22266
22267
22268
22275
22277
22278
22281
22282
22283
22285
22286
22289
22291
22296
22297
22299
22302
22303
22304
22308
22309
22312
22314
22319
22320
22322
22323
22324
22325
22326
22335
22337
22338
22340
22345
22347
22349
22350
22351
22352
22354
22355
22356
22360
22361
22362
22363
22364
22365
22368
22371
22376
22380
22381
22383
22385
22386
22387
22393
22394
22396
22398
22401
22403
22404
22406
22407
22411
22412
22414
22417
22420
22421
22422
22424
22425
22426
22427
22432
22433
22438
22439
22442
22444
22446
22447
22448
22449
22450
22452
22453
22458
22460
22461
22462
22463
22464
22465
22469
22471
22475
22476
22477
22478
22481
22483
22484
22490
22493
22495
22496
22499
22500
22501
22505
22506
22507
22508
22509
22510
22511
22515
22517
22518
22522
22524
22525
22526
22529
22530
22531
22534
22535
22536
22540
22541
22543
22544
22546
22548
22549
22553
22554
22555
22557
22558
22559
22560
22563
22565
22567
22568
22569
22570
22573
22574
22577
22578
22579
22581
22582
22583
22584
22586
22587
22590
22591
22593
22596
22597
22601
22604
22605
22606
22607
22609
22610
22613
22615
22620
22621
22622
22625
22627
22630
22632
22633
22634
22637
22638
22639
22640
22642
22644
22645
22646
22648
22651
22653
22654
22655
22656
22660
22664
22666
22671
22674
22675
22677
22682
22686
22688
22689
22691
22692
22697
22698
22700
22702
22704
22707
22708
22714
22715
22719
22723
22725
22726
22728
22729
22732
22733
22738
22740
22743
22744
22747
22748
22749
22754
22756
22757
22759
22761
22763
22765
22766
22768
22771
22776
22777
22779
22780
22781
22782
22785
22788
22789
22790
22792
22798
22801
22802
22805
22807
22808
22810
22814
22816
22817
22825
22830
22831
22834
22839
22840
22841
22843
22844
22845
22850
22853
22859
22860
22865
22866
22867
22868
22870
22872
22879
22881
22884
22885
22889
22893
22896
22897
22900
22902
22903
22904
22906
22908
22912
22914
22915
22916
22917
22923
22928
22930
22933
22934
22935
22938
22939
22940
22942
22945
22948
22951
22952
22953
22954
22957
22959
22961
22962
22964
22968
22971
22973
22975
22978
22981
22982
22983
22984
22985
22986
22987
22988
22989
22991
22993
22994
22996
22997
22998
22999
23000
23006
23011
23013
23016
23019
23021
23022
23026
23030
23033
23034
23035
23044
23053
23054
23056
23061
23064
23065
23069
23070
23071
23072
23073
23074
23077
23079
23081
23082
23088
23089
23091
23096
23097
23099
23102
23105
23107
23109
23110
23111
23113
23114
23115
23116
23119
23121
23126
23128
23129
23134
23135
23136
23137
23138
23140
23142
23144
23150
23153
23155
23159
23161
23166
23168
23170
23171
23172
23174
23179
23183
23184
23185
23188
23190
23194
23196
23197
23198
23200
23201
23202
23203
23206
23208
23209
23210
23217
23220
23223
23224
23233
23236
23238
23239
23242
23243
23249
23251
23252
23253
23254
23255
23256
23257
23259
23260
23261
23262
23264
23265
23269
23274
23275
23276
23280
23284
23286
23288
23290
23292
23294
23295
23297
23298
23300
23301
23304
23306
23309
23311
23312
23316
23317
23321
23322
23323
23326
23329
23330
23334
23336
23337
23338
23340
23341
23342
23343
23344
23346
23350
23352
23353
23354
23358
23361
23363
23367
23372
23374
23376
23377
23378
23379
23381
23385
23387
23389
23391
23392
23393
23394
23395
23396
23397
23399
23401
23402
23403
23404
23411
23415
23417
23418
23424
23425
23428
23429
23431
23432
23434
23435
23436
23438
23444
23447
23448
23450
23452
23453
23455
23459
23461
23463
23465
23466
23467
23469
23470
23471
23477
23479
23480
23482
23483
23484
23488
23490
23491
23492
23493
23494
23495
23496
23497
23501
23502
23503
23507
23509
23511
23517
23519
23520
23521
23522
23526
23528
23529
23530
23532
23533
23536
23537
23541
23543
23545
23547
23548
23549
23550
23554
23555
23556
23558
23559
23563
23564
23565
23566
23567
23572
23573
23574
23575
23578
23584
23585
23587
23592
23593
23594
23597
23598
23600
23601
23602
23604
23607
23608
23609
23612
23613
23614
23615
23616
23619
23622
23623
23624
23625
23626
23627
23628
23629
23630
23632
23633
23635
23638
23643
23650
23651
23655
23657
23660
23663
23667
23668
23670
23671
23672
23674
23682
23683
23684
23686
23690
23691
23696
23697
23698
23699
23702
23704
23706
23710
23713
23715
23717
23719
23720
23721
23722
23723
23724
23725
23726
23729
23732
23734
23738
23740
23741
23742
23744
23748
23751
23753
23754
23755
23757
23760
23761
23766
23768
23770
23771
23773
23774
23778
23780
23782
23783
23784
23785
23786
23788
23790
23791
23793
23794
23795
23797
23798
23800
23802
23803
23806
23807
23810
23811
23812
23813
23814
23815
23816
23819
23822
23826
23827
23828
23829
23831
23832
23835
23836
23839
23840
23841
23844
23845
23846
23855
23857
23862
23865
23866
23867
23869
23871
23875
23877
23878
23883
23884
23885
23886
23890
23892
23897
23898
23901
23905
23908
23910
23911
23912
23915
23917
23919
23920
23921
23922
23923
23924
23925
23929
23931
23934
23935
23937
23941
23946
23948
23949
23951
23952
23959
23960
23962
23967
23968
23969
23971
23973
23975
23978
23979
23982
23984
23987
23990
23991
23992
23993
23994
23997
23999
24000
24005
24006
24008
24012
24013
24015
24017
24018
24021
24023
24025
24031
24032
24034
24036
24040
24041
24042
24043
24046
24051
24052
24054
24057
24061
24062
24064
24066
24068
24070
24071
24072
24074
24076
24079
24080
24081
24084
24087
24092
24093
24095
24102
24104
24106
24110
24111
24112
24113
24115
24118
24119
24121
24122
24123
24124
24125
24127
24128
24131
24132
24133
24135
24136
24140
24143
24144
24145
24146
24147
24148
24150
24154
24157
24158
24159
24160
24162
24163
24165
24166
24167
24171
24172
24173
24175
24186
24187
24188
24193
24196
24198
24199
24204
24208
24209
24210
24212
24217
24223
24225
24228
24229
24231
24232
24233
24238
24240
24241
24242
24244
24245
24249
24250
24251
24253
24254
24255
24256
24258
24264
24266
24267
24268
24269
24272
24273
24274
24276
24279
24281
24283
24285
24286
24287
24288
24290
24291
24292
24294
24295
24296
24303
24305
24309
24311
24313
24314
24317
24320
24323
24324
24329
24331
24332
24334
24335
24337
24338
24340
24341
24346
24348
24351
24353
24355
24356
24357
24358
24359
24360
24364
24365
24366
24367
24368
24374
24376
24377
24378
24380
24382
24384
24386
24387
24388
24396
24397
24399
24406
24407
24408
24409
24411
24413
24414
24417
24420
24422
24423
24424
24426
24427
24430
24431
24435
24437
24439
24440
24441
24445
24447
24450
24454
24456
24457
24458
24459
24460
24462
24467
24471
24473
24475
24478
24479
24481
24483
24484
24486
24490
24491
24495
24496
24500
24502
24503
24505
24507
24508
24509
24514
24515
24518
24519
24521
24522
24524
24526
24527
24528
24530
24531
24535
24536
24537
24538
24539
24540
24541
24542
24545
24546
24553
24554
24555
24562
24563
24564
24566
24567
24570
24571
24572
24575
24577
24578
24582
24585
24586
24587
24589
24590
24591
24592
24594
24596
24597
24598
24601
24604
24606
24609
24614
24615
24616
24617
24618
24622
24623
24624
24625
24627
24629
24632
24633
24634
24638
24641
24649
24650
24652
24654
24656
24659
24660
24663
24666
24670
24671
24676
24677
24680
24681
24683
24686
24687
24688
24689
24690
24691
24693
24696
24697
24701
24703
24704
24705
24707
24708
24710
24711
24714
24717
24718
24719
24720
24725
24726
24729
24731
24734
24735
24737
24738
24739
24740
24744
24747
24748
24752
24753
24754
24755
24756
24757
24759
24761
24762
24765
24766
24767
24768
24771
24773
24774
24775
24776
24780
24781
24784
24785
24786
24787
24788
24791
24793
24794
24795
24802
24806
24808
24811
24812
24813
24814
24816
24817
24819
24820
24822
24823
24825
24826
24834
24837
24838
24842
24844
24846
24848
24852
24856
24860
24862
24866
24867
24868
24869
24871
24872
24873
24874
24875
24877
24879
24880
24881
24882
24883
24887
24888
24890
24891
24892
24895
24900
24901
24904
24906
24909
24910
24911
24912
24913
24914
24915
24919
24920
24921
24923
24924
24925
24929
24930
24931
24936
24937
24938
24940
24941
24942
24943
24947
24948
24951
24952
24953
24954
24955
24956
24959
24960
24961
24963
24966
24967
24968
24970
24972
24975
24978
24982
24983
24984
24986
24987
24989
24991
24993
24996
24998
24999
25001
25002
25005
25007
25010
25011
25013
25016
25020
25021
25022
25026
25033
25034
25036
25038
25039
25040
25044
25045
25048
25050
25051
25052
25055
25063
25065
25067
25068
25070
25073
25074
25077
25082
25086
25090
25091
25092
25099
25102
25106
25107
25108
25109
25112
25114
25115
25116
25118
25119
25120
25121
25124
25125
25128
25136
25137
25141
25143
25144
25146
25148
25149
25150
25151
25153
25154
25155
25157
25164
25165
25166
25168
25169
25172
25177
25179
25180
25181
25184
25187
25189
25191
25192
25196
25197
25199
25200
25201
25202
25203
25205
25206
25207
25213
25216
25217
25218
25221
25223
25226
25231
25235
25236
25239
25242
25243
25248
25249
25251
25254
25256
25258
25260
25262
25263
25264
25265
25268
25272
25277
25279
25280
25284
25285
25289
25290
25292
25296
25300
25304
25305
25308
25309
25310
25312
25314
25316
25317
25319
25322
25323
25324
25326
25327
25329
25332
25333
25334
25335
25336
25337
25341
25345
25346
25347
25350
25351
25352
25355
25356
25358
25362
25363
25370
25375
25376
25380
25382
25383
25387
25392
25394
25396
25398
25400
25406
25413
25414
25417
25421
25422
25423
25424
25431
25436
25437
25440
25441
25443
25452
25454
25455
25456
25458
25460
25463
25467
25468
25470
25471
25474
25477
25478
25479
25480
25481
25483
25486
25487
25488
25489
25495
25496
25497
25498
25502
25504
25507
25508
25510
25511
25512
25513
25514
25515
25516
25520
25527
25528
25530
25531
25533
25534
25537
25538
25540
25543
25544
25546
25547
25548
25552
25553
25556
25558
25559
25560
25561
25563
25567
25570
25571
25572
25575
25577
25580
25581
25584
25588
25589
25591
25595
25597
25600
25602
25604
25605
25606
25607
25609
25611
25612
25615
25616
25617
25620
25621
25622
25623
25625
25629
25631
25633
25636
25639
25640
25641
25645
25649
25652
25657
25660
25666
25669
25671
25672
25675
25677
25678
25679
25681
25682
25684
25686
25688
25689
25690
25691
25694
25696
25703
25705
25706
25716
25719
25721
25722
25724
25725
25727
25732
25733
25735
25736
25738
25743
25744
25745
25751
25753
25756
25757
25758
25760
25761
25762
25764
25766
25767
25774
25785
25786
25787
25788
25793
25795
25797
25799
25802
25805
25806
25808
25809
25811
25816
25817
25818
25819
25820
25821
25827
25829
25831
25832
25833
25834
25838
25849
25851
25856
25860
25863
25864
25870
25874
25880
25881
25883
25885
25886
25887
25897
25899
25901
25911
25913
25914
25915
25919
25923
25927
25929
25930
25933
25936
25937
25940
25942
25943
25946
25950
25953
25955
25956
25957
25967
25970
25972
25975
25976
25977
25978
25979
25980
25981
25983
25986
25991
25994
25995
25996
25997
25999
26000
26002
26003
26004
26006
26010
26012
26013
26016
26017
26020
26023
26029
26033
26034
26037
26039
26040
26044
26045
26046
26048
26049
26053
26054
26055
26058
26059
26061
26063
26064
26065
26066
26067
26068
26069
26070
26073
26074
26076
26077
26079
26083
26084
26087
26088
26090
26091
26092
26095
26098
26100
26101
26104
26105
26106
26107
26108
26109
26113
26117
26124
26128
26132
26135
26137
26138
26139
26142
26144
26149
26150
26154
26156
26157
26160
26162
26167
26170
26171
26172
26181
26187
26188
26190
26193
26195
26196
26198
26199
26202
26208
26212
26214
26215
26216
26217
26218
26219
26220
26224
26227
26229
26231
26232
26233
26234
26235
26236
26237
26244
26247
26248
26249
26253
26254
26255
26256
26260
26262
26264
26265
26267
26268
26269
26271
26272
26275
26277
26280
26281
26283
26284
26286
26287
26288
26296
26298
26299
26300
26301
26302
26306
26310
26311
26312
26313
26314
26319
26322
26324
26329
26331
26333
26334
26335
26337
26340
26342
26343
26346
26347
26348
26351
26352
26353
26356
26358
26360
26364
26367
26371
26372
26373
26378
26379
26380
26383
26385
26391
26392
26393
26395
26396
26401
26404
26405
26409
26410
26411
26413
26415
26416
26417
26419
26421
26428
26429
26430
26434
26438
26439
26440
26441
26445
26446
26447
26448
26450
26451
26452
26453
26454
26456
26459
26461
26466
26468
26469
26473
26474
26476
26477
26481
26482
26484
26485
26489
26494
26496
26498
26499
26500
26505
26506
26508
26510
26511
26513
26518
26523
26530
26531
26532
26533
26535
26538
26539
26542
26543
26544
26548
26555
26556
26563
26565
26567
26568
26570
26571
26575
26576
26577
26578
26579
26581
26582
26585
26591
26592
26598
26599
26602
26605
26607
26608
26610
26615
26616
26617
26619
26620
26621
26622
26623
26624
26625
26626
26627
26628
26630
26633
26634
26635
26636
26638
26640
26641
26645
26646
26647
26648
26654
26656
26658
26665
26666
26667
26668
26669
26670
26672
26677
26678
26679
26680
26682
26683
26686
26687
26688
26689
26690
26692
26693
26694
26695
26696
26697
26702
26704
26706
26707
26709
26710
26711
26713
26714
26715
26721
26724
26728
26730
26731
26733
26735
26738
26739
26740
26741
26743
26747
26752
26753
26757
26761
26762
26768
26770
26773
26776
26781
26783
26785
26786
26787
26789
26790
26793
26795
26798
26802
26806
26808
26813
26815
26816
26817
26822
26823
26828
26830
26834
26837
26844
26847
26852
26858
26859
26860
26864
26865
26870
26871
26874
26875
26877
26879
26880
26881
26882
26883
26884
26885
26886
26887
26888
26890
26892
26893
26894
26896
26900
26904
26906
26907
26909
26910
26911
26914
26917
26919
26920
26921
26922
26923
26925
26926
26933
26936
26939
26940
26941
26943
26944
26946
26947
26948
26952
26954
26955
26956
26959
26960
26961
26964
26968
26969
26973
26974
26978
26980
26981
26985
26986
26990
26991
26993
26994
26995
26997
26998
26999
27001
27003
27005
27007
27008
27011
27012
27015
27020
27021
27023
27024
27028
27030
27031
27032
27034
27035
27037
27043
27045
27046
27047
27048
27051
27052
27054
27055
27056
27059
27061
27062
27070
27071
27072
27074
27075
27076
27077
27078
27079
27082
27083
27084
27087
27093
27094
27095
27096
27100
27103
27104
27108
27110
27111
27115
27118
27119
27120
27122
27123
27125
27126
27130
27132
27133
27137
27138
27139
27140
27143
27146
27147
27148
27150
27154
27155
27156
27157
27159
27160
27164
27169
27171
27175
27177
27178
27180
27181
27183
27185
27188
27189
27193
27194
27195
27198
27202
27203
27206
27208
27209
27210
27212
27214
27217
27218
27220
27221
27224
27226
27228
27229
27232
27239
27243
27244
27245
27246
27249
27250
27252
27258
27259
27260
27264
27267
27268
27271
27273
27274
27277
27278
27281
27282
27283
27284
27289
27290
27292
27293
27294
27299
27302
27305
27307
27308
27312
27314
27317
27321
27322
27323
27325
27327
27328
27330
27331
27332
27333
27334
27335
27337
27339
27340
27343
27344
27345
27346
27347
27348
27353
27354
27355
27356
27358
27360
27361
27366
27369
27374
27377
27379
27382
27384
27385
27386
27389
27390
27392
27394
27396
27397
27398
27400
27402
27403
27404
27406
27409
27410
27411
27414
27415
27416
27420
27421
27422
27423
27425
27427
27429
27431
27433
27434
27435
27437
27442
27444
27449
27450
27451
27452
27456
27457
27459
27463
27465
27467
27468
27470
27471
27475
27481
27492
27493
27494
27495
27504
27505
27506
27507
27512
27515
27516
27517
27519
27522
27524
27527
27528
27529
27533
27534
27536
27537
27541
27542
27544
27550
27552
27555
27557
27561
27562
27565
27567
27570
27571
27574
27576
27577
27578
27579
27581
27584
27585
27587
27590
27591
27592
27593
27595
27596
27598
27600
27603
27605
27606
27607
27609
27610
27613
27614
27615
27617
27618
27622
27624
27625
27626
27627
27628
27629
27630
27631
27632
27635
27637
27638
27641
27642
27643
27645
27646
27647
27649
27650
27651
27654
27659
27662
27664
27666
27667
27668
27672
27673
27674
27679
27681
27682
27684
27686
27687
27688
27689
27691
27692
27695
27702
27705
27708
27716
27717
27718
27719
27720
27723
27725
27729
27731
27732
27733
27734
27735
27736
27738
27740
27741
27744
27747
27748
27749
27752
27753
27755
27767
27768
27769
27772
27777
27780
27781
27782
27790
27791
27792
27800
27802
27803
27804
27806
27808
27811
27814
27815
27816
27818
27821
27824
27827
27828
27829
27830
27831
27833
27834
27838
27839
27841
27843
27844
27845
27846
27847
27848
27849
27850
27851
27854
27857
27861
27867
27868
27870
27872
27873
27874
27876
27879
27882
27883
27884
27888
27890
27896
27897
27899
27902
27907
27910
27911
27912
27913
27916
27919
27922
27924
27925
27926
27927
27935
27936
27939
27940
27941
27945
27947
27949
27951
27953
27955
27956
27957
27962
27966
27975
27976
27983
27984
27985
27986
27987
27989
27994
27995
27996
28000
28002
28003
28004
28005
28006
28007
28008
28009
28012
28013
28014
28020
28021
28027
28030
28031
28032
28033
28040
28045
28046
28047
28049
28051
28052
28054
28059
28063
28064
28065
28067
28068
28070
28072
28074
28075
28076
28077
28078
28080
28081
28088
28089
28090
28093
28100
28101
28102
28104
28106
28107
28108
28114
28116
28119
28121
28128
28132
28133
28135
28137
28139
28144
28145
28147
28148
28151
28153
28155
28157
28163
28165
28168
28169
28170
28173
28174
28177
28178
28182
28183
28187
28188
28190
28200
28202
28209
28213
28214
28216
28220
28226
28227
28229
28230
28232
28233
28235
28237
28238
28239
28241
28243
28246
28247
28249
28253
28257
28258
28259
28260
28261
28262
28263
28264
28267
28271
28273
28275
28277
28278
28279
28284
28291
28292
28299
28300
28302
28304
28305
28309
28312
28313
28315
28316
28322
28323
28329
28330
28331
28334
28337
28338
28341
28344
28347
28349
28351
28354
28355
28356
28357
28359
28360
28361
28362
28363
28366
28367
28370
28371
28372
28375
28377
28384
28385
28386
28387
28388
28389
28390
28393
28395
28396
28398
28399
28400
28402
28403
28406
28408
28411
28412
28414
28415
28416
28421
28426
28428
28430
28431
28432
28434
28435
28438
28448
28449
28452
28454
28456
28459
28461
28464
28467
28469
28470
28471
28476
28477
28480
28481
28482
28485
28486
28488
28490
28492
28494
28499
28504
28506
28509
28510
28511
28512
28515
28517
28518
28521
28522
28523
28525
28526
28527
28528
28529
28530
28533
28534
28539
28540
28544
28546
28547
28549
28550
28553
28556
28557
28558
28560
28561
28562
28564
28565
28566
28567
28569
28572
28574
28581
28582
28583
28584
28585
28586
28587
28589
28590
28592
28601
28603
28604
28605
28606
28607
28613
28615
28618
28622
28623
28625
28626
28627
28628
28629
28630
28631
28636
28642
28643
28645
28646
28647
28648
28650
28651
28653
28659
28661
28662
28665
28666
28668
28670
28671
28672
28674
28675
28676
28682
28683
28686
28687
28688
28691
28692
28695
28698
28704
28705
28706
28708
28711
28712
28714
28716
28721
28724
28725
28729
28734
28735
28738
28742
28743
28745
28746
28749
28750
28754
28755
28757
28764
28767
28768
28769
28770
28771
28774
28776
28778
28779
28782
28784
28787
28788
28791
28793
28800
28801
28803
28804
28807
28810
28813
28815
28817
28819
28820
28822
28823
28825
28826
28827
28828
28829
28830
28832
28838
28839
28841
28842
28845
28846
28851
28852
28853
28854
28855
28856
28864
28866
28870
28871
28873
28874
28875
28877
28878
28881
28882
28886
28887
28888
28889
28892
28894
28898
28901
28903
28904
28908
28909
28910
28915
28916
28918
28921
28924
28925
28928
28929
28930
28931
28932
28938
28940
28941
28944
28946
28947
28950
28951
28952
28954
28963
28966
28967
28971
28972
28978
28982
28984
28985
28987
28988
28989
28990
28994
28996
29003
29006
29013
29014
29015
29016
29018
29021
29024
29026
29030
29031
29035
29040
29043
29044
29047
29048
29050
29058
29061
29063
29064
29065
29071
29072
29074
29075
29076
29077
29078
29079
29081
29082
29083
29085
29087
29088
29089
29090
29093
29095
29098
29099
29100
29107
29108
29111
29113
29116
29117
29118
29120
29121
29123
29127
29128
29131
29133
29135
29137
29142
29143
29144
29145
29152
29154
29156
29157
29163
29164
29168
29171
29172
29173
29174
29175
29176
29177
29179
29180
29182
29183
29185
29189
29192
29193
29195
29197
29198
29200
29202
29204
29206
29210
29211
29215
29219
29220
29223
29226
29234
29244
29245
29246
29247
29252
29253
29255
29256
29257
29258
29259
29260
29261
29262
29263
29267
29269
29272
29273
29274
29275
29279
29280
29282
29283
29284
29285
29286
29288
29289
29291
29292
29295
29302
29303
29304
29305
29311
29314
29319
29320
29321
29323
29327
29331
29333
29334
29336
29339
29340
29344
29346
29348
29354
29355
29356
29358
29359
29361
29363
29364
29365
29366
29367
29370
29374
29375
29376
29378
29379
29382
29384
29385
29386
29390
29393
29394
29396
29397
29399
29401
29408
29411
29412
29414
29416
29417
29419
29423
29425
29430
29431
29432
29438
29442
29444
29446
29449
29451
29452
29453
29454
29456
29457
29460
29462
29464
29465
29467
29468
29469
29470
29472
29473
29482
29485
29486
29487
29490
29491
29494
29497
29498
29502
29503
29504
29507
29509
29511
29513
29514
29520
29526
29529
29533
29536
29537
29539
29540
29541
29542
29543
29544
29545
29546
29547
29550
29556
29558
29560
29561
29562
29563
29565
29566
29567
29569
29570
29571
29572
29575
29576
29578
29579
29580
29582
29583
29585
29586
29588
29589
29590
29592
29594
29597
29598
29603
29604
29605
29606
29609
29611
29612
29615
29616
29617
29618
29620
29621
29622
29623
29626
29627
29628
29630
29633
29635
29636
29639
29640
29641
29650
29651
29652
29654
29655
29661
29664
29666
29667
29668
29672
29673
29674
29680
29686
29690
29692
29694
29695
29696
29697
29701
29703
29705
29706
29709
29710
29711
29713
29714
29715
29716
29718
29720
29721
29722
29731
29733
29736
29739
29743
29747
29748
29752
29753
29754
29756
29757
29761
29762
29766
29769
29776
29778
29783
29787
29789
29790
29794
29795
29797
29799
29801
29804
29806
29807
29809
29812
29817
29819
29820
29823
29825
29828
29829
29830
29836
29837
29840
29842
29844
29847
29849
29852
29853
29854
29856
29858
29860
29862
29863
29865
29867
29870
29873
29879
29881
29885
29889
29890
29893
29894
29896
29901
29903
29905
29909
29910
29920
29924
29927
29929
29930
29931
29932
29935
29936
29937
29939
29941
29943
29950
29953
29954
29957
29958
29959
29962
29969
29970
29971
29975
29977
29979
29984
29986
29989
29994
29996
29997
29998
30000
30004
30009
30010
30013
30017
30020
30025
30028
30035
30043
30048
30050
30053
30068
30069
30072
30084
30087
30090
30091
30092
30098
30102
30108
30111
30114
30116
30124
30125
30130
30142
30145
30149
30151
30153
30162
30172
30173
30177
30193
30195
30197
30206
30209
30213
30220
30226
30227
30228
30241
30243
30244
30247
30249
30250
30261
30270
30271
30276
30283
30291
30296
30299
30300
30315
30318
30320
30327
30330
30334
30336
30342
30344
30352
30367
30368
30370
30371
30372
30374
30375
30383
30387
30391
30395
30400
30409
30412
30418
30421
30425
30437
30444
30448
30449
30457
30458
30460
30461
30462
30463
30464
30465
30472
30478
30483
30485
30494
30508
30512
30525
30527
30529
30532
30539
30543
30562
30567
30575
30577
30578
30581
30591
30594
30598
30612
30615
30632
30641
30646
30650
30653
30654
30656
30660
30661
30665
30667
30669
30673
30676
30678
30681
30685
30689
30693
30704
30714
30718
30719
30721
30727
30730
30734
30736
30745
30746
30755
30761
30765
30767
30768
30773
30776
30784
30785
30787
30788
30789
30791
30793
30794
30796
30797
30809
30810
30811
30832
30848
30852
30859
30861
30863
30864
30865
30873
30875
30876
30885
30890
30893
30898
30905
30906
30910
30918
30919
30921
30931
30933
30937
30947
30950
30951
30953
30957
30960
30967
30972
30977
30982
30988
30989
30998
31001
31002
31004
31010
31011
31013
31014
31019
31024
31038
31040
31042
31043
31048
31055
31065
31068
31074
31078
31080
31081
31084
31091
31093
31101
31105
31107
31109
31111
31112
31114
31116
31121
31124
31130
31133
31135
31138
31145
31146
31165
31168
31170
31175
31180
31191
31195
31197
31201
31204
31208
31209
31217
31218
31219
31222
31225
31228
31233
31237
31241
31248
31249
31254
31256
31262
31265
31278
31280
31284
31291
31292
31295
31296
31297
31298
31301
31302
31308
31314
31315
31323
31326
31332
31344
31345
31347
31360
31371
31375
31381
31393
31395
31396
31400
31401
31406
31413
31418
31429
31436
31437
31454
31456
31459
31465
31471
31477
31483
31486
31487
31488
31495
31500
31502
31507
31508
31509
31512
31518
31521
31529
31530
31533
31535
31538
31539
31549
31551
31561
31562
31563
31570
31571
31575
31579
31580
31588
31589
31592
31593
31602
31609
31618
31620
31626
31627
31628
31632
31636
31640
31641
31642
31649
31653
31654
31658
31660
31664
31665
31666
31670
31676
31677
31678
31689
31696
31697
31707
31708
31710
31711
31715
31718
31720
31725
31739
31740
31744
31747
31755
31766
31770
31772
31775
31776
31784
31785
31788
31791
31805
31807
31809
31813
31816
31826
31829
31831
31834
31839
31842
31844
31855
31857
31863
31880
31883
31887
31892
31896
31898
31907
31909
31914
31915
31919
31926
31933
31935
31936
31941
31950
31952
31953
31954
31956
31957
31968
31971
31973
31981
31983
31986
31988
31990
31994
31997
32000
32001
32004
32018
32019
32021
32024
32028
32036
32038
32041
32046
32048
32058
32061
32065
32069
32073
32074
32075
32080
32086
32087
32092
32099
32104
32119
32122
32127
32130
32138
32143
32148
32167
32169
32175
32176
32183
32184
32186
32190
32191
32196
32215
32222
32228
32233
32235
32241
32242
32246
32247
32248
32250
32253
32255
32260
32261
32264
32273
32275
32280
32281
32282
32284
32285
32293
32294
32302
32303
32304
32306
32307
32312
32315
32325
32326
32332
32337
32342
32355
32362
32367
32375
32383
32385
32389
32390
32393
32394
32395
32396
32398
32403
32410
32431
32432
32434
32436
32443
32449
32452
32453
32456
32458
32459
32461
32462
32465
32473
32474
32477
32483
32484
32494
32495
32496
32498
32501
32506
32510
32517
32522
32523
32530
32532
32544
32550
32559
32561
32562
32564
32565
32579
32585
32588
32589
32598
32602
32603
32605
32609
32610
32612
32613
32614
32615
32627
32636
32642
32650
32652
32653
32659
32675
32677
32682
32685
32686
32689
32693
32696
32700
32705
32709
32713
32714
32716
32717
32719
32721
32733
32735
32736
32743
32746
32760
32763
32764
32771
32773
32774
32775
32777
32778
32780
32784
32786
32787
32788
32789
32802
32810
32813
32816
32821
32827
32828
32833
32842
32849
32850
32860
32862
32863
32866
32869
32876
32877
32880
32890
32903
32906
32907
32910
32915
32916
32921
32926
32927
32929
32937
32939
32948
32949
32954
32958
32960
32962
32968
32970
32971
32972
32973
32982
32983
32989
32990
32991
32996
32997
33006
33012
33022
33027
33028
33029
33030
33033
33035
33038
33039
33040
33041
33044
33050
33051
33053
33055
33058
33059
33060
33061
33063
33064
33065
33071
33072
33078
33079
33097
33105
33107
33114
33120
33126
33127
33128
33129
33131
33133
33135
33137
33142
33146
33148
33156
33163
33165
33168
33186
33188
33195
33197
33201
33205
33207
33208
33210
33212
33213
33218
33223
33229
33235
33238
33247
33249
33260
33265
33268
33277
33278
33283
33287
33291
33292
33298
33301
33320
33323
33324
33334
33352
33357
33358
33363
33365
33366
33376
33381
33384
33385
33386
33388
33393
33398
33404
33406
33408
33411
33412
33422
33433
33438
33440
33445
33464
33468
33473
33481
33490
33493
33498
33503
33504
33506
33513
33515
33518
33522
33526
33531
33532
33552
33553
33557
33560
33565
33584
33585
33605
33607
33608
33616
33617
33626
33629
33638
33640
33645
33647
33649
33656
33659
33661
33669
33682
33691
33694
33699
33704
33705
33710
33712
33716
33717
33718
33730
33737
33741
33743
33748
33752
33768
33770
33772
33773
33780
33781
33789
33795
33802
33804
33806
33809
33810
33815
33821
33822
33824
33832
33834
33842
33843
33844
33846
33847
33860
33867
33875
33878
33879
33883
33886
33888
33892
33894
33895
33896
33904
33908
33915
33926
33927
33929
33931
33933
33936
33941
33946
33947
33949
33951
33952
33954
33955
33959
33962
33963
33964
33967
33969
33972
33975
33981
33988
33989
33991
33994
33999
34013
34016
34017
34018
34028
34031
34039
34040
34044
34045
34054
34056
34058
34059
34063
34071
34076
34077
34086
34088
34089
34091
34094
34097
34098
34104
34105
34107
34111
34122
34123
34127
34136
34138
34140
34145
34147
34155
34160
34161
34167
34171
34176
34185
34192
34195
34197
34203
34208
34210
34216
34217
34224
34226
34232
34247
34249
34251
34252
34254
34260
34261
34263
34265
34269
34271
34274
34280
34283
34286
34291
34293
34299
34306
34314
34316
34319
34324
34326
34327
34331
34334
34339
34350
34352
34353
34362
34365
34378
34379
34385
34386
34394
34395
34408
34409
34412
34417
34420
34421
34424
34425
34428
34434
34435
34439
34453
34459
34461
34465
34473
34483
34487
34488
34493
34494
34496
34499
34501
34505
34512
34513
34517
34521
34525
34526
34527
34539
34550
34551
34552
34554
34557
34562
34565
34568
34572
34574
34577
34591
34592
34595
34599
34602
34607
34611
34616
34621
34622
34628
34631
34637
34639
34640
34641
34645
34647
34648
34650
34655
34662
34663
34668
34670
34674
34680
34681
34683
34690
34691
34694
34699
34701
34702
34711
34718
34719
34726
34727
34729
34733
34735
34741
34747
34748
34750
34752
34772
34776
34779
34782
34787
34793
34797
34803
34815
34826
34827
34833
34838
34839
34847
34864
34870
34873
34885
34891
34895
34896
34910
34919
34924
34927
34928
34929
34930
34932
34945
34952
34958
34960
34966
34968
34970
34973
34978
34979
34980
34984
34993
34998
35001
35004
35005
35010
35014
35020
35025
35027
35042
35043
35045
35046
35050
35063
35066
35067
35069
35070
35074
35078
35080
35081
35083
35084
35085
35092
35093
35096
35101
35102
35103
35109
35114
35125
35126
35136
35137
35139
35142
35151
35155
35166
35167
35170
35172
35174
35175
35181
35183
35184
35187
35190
35194
35197
35210
35215
35220
35223
35230
35237
35239
35249
35257
35258
35265
35274
35275
35276
35281
35290
35301
35302
35309
35311
35313
35326
35327
35335
35336
35340
35346
35347
35350
35352
35366
35367
35369
35378
35388
35392
35404
35409
35416
35419
35424
35428
35430
35432
35434
35438
35441
35443
35448
35449
35454
35456
35464
35466
35471
35476
35477
35486
35492
35498
35508
35509
35512
35514
35516
35517
35518
35520
35526
35534
35535
35537
35543
35552
35563
35567
35568
35569
35573
35574
35576
35577
35579
35580
35581
35597
35600
35601
35605
35606
35619
35621
35624
35626
35628
35635
35648
35655
35656
35657
35671
35674
35675
35677
35678
35680
35681
35682
35683
35685
35701
35705
35708
35709
35710
35711
35715
35718
35719
35723
35724
35729
35733
35741
35744
35746
35756
35757
35759
35773
35791
35807
35809
35811
35813
35814
35820
35821
35832
35837
35838
35840
35841
35850
35855
35859
35877
35889
35895
35896
35899
35902
35903
35907
35908
35909
35912
35933
35940
35944
35947
35953
35957
35961
35964
35969
35975
35981
35985
35986
35989
35990
35991
35999
36002
36006
36014
36025
36033
36034
36037
36046
36047
36052
36068
36075
36091
36110
36112
36117
36119
36122
36129
36132
36134
36136
36137
36140
36146
36149
36150
36156
36159
36164
36166
36168
36178
36187
36189
36195
36197
36201
36227
36228
36233
36235
36247
36252
36257
36259
36265
36267
36273
36274
36280
36281
36284
36291
36292
36293
36294
36295
36312
36314
36316
36329
36331
36332
36334
36335
36336
36339
36342
36347
36356
36360
36363
36369
36376
36377
36383
36388
36394
36399
36405
36406
36413
36414
36416
36419
36423
36425
36426
36427
36429
36433
36435
36438
36442
36447
36449
36450
36458
36462
36466
36476
36481
36491
36493
36504
36511
36512
36513
36515
36518
36519
36531
36535
36540
36548
36551
36574
36575
36580
36581
36587
36594
36605
36606
36611
36620
36623
36632
36633
36634
36636
36639
36643
36644
36651
36653
36654
36655
36657
36659
36663
36665
36667
36669
36687
36696
36697
36703
36707
36708
36712
36715
36716
36722
36725
36733
36740
36743
36745
36749
36750
36756
36757
36759
36769
36782
36784
36787
36790
36791
36793
36798
36803
36807
36815
36819
36829
36832
36834
36846
36852
36854
36856
36858
36863
36866
36869
36873
36885
36891
36893
36895
36897
36899
36900
36903
36905
36912
36921
36923
36924
36926
36927
36939
36943
36952
36961
36965
36967
36979
36980
36982
36992
36993
37004
37010
37011
37015
37027
37038
37045
37049
37050
37054
37057
37060
37062
37069
37074
37075
37076
37078
37080
37091
37092
37096
37098
37101
37104
37106
37108
37125
37130
37132
37142
37145
37156
37157
37160
37162
37167
37174
37175
37176
37180
37181
37184
37187
37195
37196
37203
37204
37205
37207
37211
37220
37223
37224
37228
37229
37230
37234
37239
37248
37252
37259
37263
37265
37269
37277
37286
37288
37289
37291
37292
37293
37294
37296
37309
37313
37316
37329
37332
37335
37349
37353
37357
37362
37367
37369
37373
37378
37380
37395
37399
37400
37404
37408
37409
37413
37414
37415
37422
37437
37439
37440
37441
37448
37449
37453
37470
37476
37481
37482
37487
37488
37489
37494
37501
37504
37506
37507
37508
37524
37527
37531
37537
37543
37548
37551
37553
37555
37558
37560
37563
37564
37565
37567
37570
37572
37579
37581
37590
37592
37593
37600
37604
37609
37610
37617
37620
37622
37625
37626
37628
37630
37638
37639
37641
37652
37653
37655
37660
37664
37667
37671
37672
37679
37683
37690
37695
37704
37719
37729
37733
37736
37739
37746
37752
37760
37777
37779
37781
37782
37787
37790
37797
37798
37836
37838
37844
37847
37859
37867
37871
37874
37879
37880
37883
37884
37892
37900
37901
37910
37912
37914
37916
37919
37921
37928
37930
37934
37942
37951
37952
37955
37959
37977
37978
38002
38009
38010
38012
38017
38018
38020
38026
38027
38030
38031
38035
38036
38037
38039
38042
38044
38048
38050
38059
38060
38061
38065
38072
38077
38079
38082
38092
38094
38096
38101
38107
38111
38117
38124
38126
38133
38137
38138
38143
38144
38145
38158
38161
38166
38174
38180
38211
38221
38223
38227
38229
38230
38232
38233
38238
38267
38268
38271
38272
38279
38288
38289
38296
38297
38301
38306
38307
38314
38317
38322
38330
38331
38334
38341
38345
38349
38351
38353
38359
38364
38369
38373
38375
38377
38379
38394
38400
38418
38419
38422
38425
38434
38452
38458
38462
38465
38471
38474
38479
38482
38492
38493
38494
38505
38507
38511
38513
38514
38523
38524
38538
38546
38556
38558
38562
38563
38573
38578
38580
38581
38584
38588
38594
38595
38598
38603
38605
38609
38613
38620
38627
38629
38634
38638
38641
38653
38663
38666
38669
38671
38683
38684
38685
38686
38694
38703
38710
38725
38739
38740
38745
38750
38761
38764
38781
38789
38797
38804
38805
38808
38811
38817
38819
38823
38827
38829
38831
38836
38840
38842
38845
38846
38847
38848
38852
38858
38864
38869
38873
38874
38884
38886
38888
38892
38895
38905
38908
38914
38916
38924
38927
38935
38937
38939
38956
38958
38963
38967
38974
38981
38991
38994
39000
39001
39011
39014
39023
39030
39032
39041
39044
39046
39055
39061
39068
39069
39079
39080
39084
39089
39093
39096
39097
39098
39099
39105
39112
39117
39120
39121
39130
39131
39141
39152
39158
39166
39168
39170
39179
39188
39193
39202
39207
39213
39224
39241
39246
39247
39257
39260
39264
39267
39283
39284
39286
39297
39304
39305
39316
39321
39322
39325
39329
39330
39336
39339
39349
39352
39353
39355
39358
39361
39362
39376
39380
39383
39390
39398
39399
39416
39419
39424
39433
39436
39439
39441
39446
39448
39460
39465
39480
39482
39483
39488
39490
39495
39497
39503
39504
39513
39522
39523
39525
39532
39535
39541
39543
39545
39555
39564
39572
39579
39582
39589
39590
39595
39608
39609
39618
39619
39620
39624
39626
39628
39632
39633
39634
39636
39637
39642
39643
39648
39660
39669
39676
39686
39696
39699
39700
39712
39714
39718
39721
39727
39733
39737
39741
39745
39746
39748
39751
39753
39760
39761
39762
39763
39764
39770
39776
39785
39788
39789
39797
39806
39816
39817
39819
39821
39841
39848
39851
39857
39862
39863
39864
39869
39873
39876
39880
39881
39885
39890
39903
39904
39910
39913
39917
39931
39934
39937
39943
39945
39948
39950
39952
39964
39965
39968
39976
39981
39982
39983
39998
40008
40014
40024
40037
40043
40044
40045
40048
40050
40055
40056
40061
40064
40065
40068
40074
40082
40084
40087
40089
40092
40112
40118
40122
40131
40132
40133
40135
40151
40154
40157
40159
40160
40164
40166
40167
40168
40169
40187
40188
40190
40195
40203
40208
40211
40214
40218
40223
40224
40225
40226
40236
40237
40245
40246
40247
40249
40255
40257
40260
40263
40264
40266
40272
40273
40281
40283
40285
40298
40309
40312
40326
40327
40328
40340
40343
40344
40347
40352
40355
40359
40360
40361
40363
40373
40376
40378
40379
40383
40394
40401
40407
40410
40417
40420
40429
40430
40435
40443
40444
40449
40450
40467
40468
40477
40485
40491
40498
40511
40516
40521
40523
40527
40535
40536
40537
40538
40544
40548
40551
40564
40566
40581
40586
40593
40594
40597
40599
40604
40606
40607
40608
40609
40612
40617
40620
40623
40626
40627
40628
40630
40635
40642
40654
40655
40657
40659
40660
40666
40667
40673
40674
40676
40678
40679
40683
40685
40692
40697
40702
40722
40736
40739
40744
40750
40759
40760
40775
40782
40797
40803
40806
40823
40824
40830
40831
40837
40839
40840
40841
40845
40847
40848
40850
40855
40858
40864
40869
40871
40876
40877
40881
40883
40884
40885
40888
40894
40902
40908
40909
40911
40913
40915
40921
40922
40923
40933
40937
40950
40954
40958
40959
40963
40965
40980
40982
40985
40988
40989
40991
41002
41005
41006
41015
41016
41017
41018
41038
41039
41046
41047
41056
41057
41075
41077
41078
41096
41100
41107
41109
41114
41124
41128
41130
41140
41144
41150
41154
41156
41162
41167
41168
41169
41172
41176
41183
41200
41203
41209
41212
41214
41218
41229
41232
41234
41236
41238
41249
41254
41258
41260
41261
41265
41266
41272
41285
41286
41288
41289
41292
41297
41299
41314
41315
41317
41318
41319
41321
41334
41344
41352
41365
41367
41370
41374
41375
41377
41381
41386
41387
41392
41393
41394
41396
41403
41404
41406
41408
41414
41415
41418
41421
41426
41427
41436
41438
41440
41444
41454
41459
41461
41474
41477
41478
41479
41483
41486
41493
41494
41495
41497
41498
41502
41503
41505
41508
41513
41514
41522
41525
41528
41529
41537
41544
41562
41568
41574
41582
41586
41589
41594
41601
41610
41616
41617
41618
41620
41622
41624
41626
41629
41631
41635
41654
41657
41659
41660
41666
41667
41681
41682
41684
41688
41691
41694
41698
41700
41703
41705
41722
41727
41730
41737
41738
41746
41751
41757
41762
41769
41771
41776
41783
41784
41787
41793
41794
41795
41799
41800
41806
41814
41818
41819
41824
41825
41831
41832
41833
41838
41840
41841
41851
41857
41864
41866
41871
41873
41874
41884
41893
41901
41904
41918
41926
41933
41935
41937
41938
41942
41944
41957
41960
41963
41973
41978
41998
41999
42002
42003
42006
42017
42031
42032
42034
42036
42038
42040
42045
42046
42056
42061
42064
42075
42078
42079
42082
42096
42106
42134
42145
42146
42156
42161
42171
42172
42185
42192
42197
42200
42203
42212
42216
42217
42229
42235
42236
42242
42246
42247
42250
42252
42267
42269
42272
42273
42276
42282
42283
42284
42287
42293
42299
42306
42316
42324
42329
42331
42337
42338
42345
42346
42347
42348
42360
42369
42370
42376
42381
42384
42390
42391
42401
42402
42406
42410
42411
42413
42429
42432
42436
42437
42440
42444
42446
42449
42455
42465
42478
42486
42496
42500
42501
42506
42509
42519
42522
42525
42528
42531
42533
42537
42550
42559
42566
42567
42570
42573
42575
42579
42583
42587
42588
42600
42614
42617
42636
42638
42642
42643
42644
42647
42648
42653
42656
42663
42664
42667
42668
42671
42672
42679
42681
42687
42689
42706
42714
42716
42720
42727
42743
42745
42748
42751
42758
42760
42761
42766
42767
42773
42779
42781
42787
42790
42794
42796
42798
42804
42810
42813
42817
42826
42827
42834
42837
42843
42844
42856
42861
42863
42866
42868
42869
42870
42871
42872
42875
42877
42884
42886
42887
42888
42890
42899
42901
42905
42907
42908
42915
42917
42919
42920
42924
42929
42940
42941
42945
42950
42951
42952
42957
42958
42964
42968
42975
42976
42977
42980
42988
42992
42998
43002
43009
43013
43014
43016
43022
43041
43046
43047
43049
43057
43060
43065
43067
43068
43091
43094
43102
43106
43109
43116
43131
43136
43138
43140
43141
43142
43143
43146
43147
43148
43156
43159
43161
43168
43172
43173
43182
43183
43184
43187
43190
43193
43203
43216
43220
43222
43224
43228
43237
43242
43246
43250
43252
43255
43257
43261
43268
43272
43278
43279
43289
43305
43307
43309
43313
43317
43320
43330
43333
43344
43353
43354
43358
43360
43370
43376
43377
43380
43384
43385
43391
43396
43408
43412
43414
43419
43422
43423
43428
43431
43442
43443
43447
43456
43459
43460
43475
43478
43479
43483
43484
43488
43494
43496
43499
43500
43507
43512
43514
43516
43520
43524
43526
43528
43537
43545
43559
43560
43563
43567
43568
43587
43591
43594
43596
43597
43624
43625
43627
43634
43647
43652
43654
43655
43666
43672
43681
43687
43693
43695
43698
43699
43701
43702
43717
43718
43719
43720
43721
43726
43733
43745
43747
43760
43766
43768
43773
43774
43776
43787
43790
43796
43800
43802
43803
43810
43811
43814
43821
43822
43841
43842
43845
43852
43854
43856
43858
43859
43861
43864
43865
43867
43876
43881
43882
43889
43894
43901
43908
43909
43913
43919
43929
43930
43932
43933
43934
43944
43947
43954
43961
43967
43968
43971
43974
43977
43980
43984
43985
43988
43989
44006
44012
44013
44014
44018
44021
44022
44032
44037
44038
44052
44053
44072
44073
44077
44079
44081
44082
44083
44085
44088
44093
44099
44101
44103
44106
44107
44110
44117
44120
44133
44135
44141
44148
44152
44171
44178
44180
44188
44191
44197
44210
44214
44227
44228
44234
44235
44242
44244
44245
44249
44258
44263
44265
44269
44270
44274
44276
44278
44284
44285
44289
44293
44301
44303
44310
44314
44317
44318
44323
44326
44327
44332
44342
44356
44362
44365
44366
44368
44371
44375
44377
44382
44389
44395
44413
44426
44429
44435
44436
44447
44451
44455
44456
44457
44472
44474
44476
44478
44489
44492
44518
44525
44532
44535
44547
44559
44569
44571
44587
44590
44594
44596
44605
44622
44627
44628
44631
44642
44649
44653
44655
44662
44668
44670
44676
44677
44681
44683
44684
44685
44686
44695
44698
44700
44705
44708
44709
44710
44718
44721
44728
44730
44734
44735
44746
44748
44760
44761
44768
44769
44770
44785
44786
44788
44790
44792
44800
44801
44802
44806
44807
44813
44817
44818
44822
44823
44824
44840
44853
44854
44868
44870
44872
44886
44890
44892
44898
44899
44902
44904
44905
44914
44921
44927
44933
44937
44947
44950
44952
44954
44958
44959
44970
44971
44974
44975
44984
44986
44989
44990
44991
44998
45005
45011
45014
45027
45029
45031
45032
45045
45048
45058
45062
45067
45075
45078
45095
45103
45104
45112
45118
45119
45121
45128
45136
45138
45145
45149
45151
45154
45161
45166
45167
45171
45182
45185
45187
45189
45191
45193
45195
45202
45204
45205
45207
45212
45213
45219
45225
45228
45234
45241
45242
45245
45252
45254
45255
45259
45260
45262
45265
45276
45277
45281
45282
45287
45297
45300
45302
45305
45307
45316
45336
45340
45341
45344
45347
45349
45360
45376
45390
45402
45403
45412
45427
45436
45438
45440
45442
45444
45447
45450
45454
45455
45461
45464
45467
45482
45483
45486
45492
45500
45510
45511
45515
45525
45526
45533
45554
45555
45558
45568
45572
45588
45591
45603
45604
45609
45611
45613
45623
45624
45627
45632
45634
45635
45651
45652
45660
45664
45670
45672
45676
45679
45684
45690
45692
45698
45700
45701
45703
45707
45708
45719
45722
45724
45738
45744
45745
45746
45747
45754
45755
45759
45761
45768
45769
45777
45788
45789
45792
45799
45803
45816
45817
45820
45821
45823
45827
45844
45849
45851
45858
45859
45860
45866
45869
45883
45886
45888
45891
45907
45910
45911
45917
45918
45920
45923
45924
45927
45942
45945
45956
45972
45977
45986
45988
45994
45996
46004
46009
46014
46022
46025
46029
46036
46037
46038
46057
46058
46071
46091
46095
46096
46112
46121
46124
46138
46144
46149
46154
46158
46165
46167
46175
46176
46189
46201
46212
46216
46233
46235
46240
46241
46243
46245
46248
46250
46254
46258
46262
46264
46276
46283
46293
46294
46297
46303
46316
46318
46320
46327
46339
46342
46345
46362
46370
46374
46381
46384
46393
46396
46398
46400
46402
46404
46405
46410
46412
46416
46417
46423
46424
46426
46437
46438
46443
46447
46453
46455
46456
46458
46474
46478
46490
46491
46497
46512
46516
46520
46527
46532
46543
46549
46572
46582
46592
46594
46597
46598
46600
46604
46627
46641
46647
46649
46656
46657
46661
46672
46675
46681
46694
46701
46704
46707
46709
46713
46714
46717
46719
46721
46722
46727
46735
46738
46751
46758
46767
46768
46769
46777
46779
46781
46786
46787
46791
46802
46805
46809
46813
46822
46823
46843
46848
46851
46854
46856
46860
46868
46870
46871
46880
46891
46904
46908
46920
46927
46930
46939
46943
46950
46952
46965
46992
46994
47014
47015
47016
47035
47040
47048
47050
47052
47055
47056
47060
47061
47063
47066
47070
47072
47074
47079
47080
47094
47095
47096
47097
47101
47105
47107
47110
47113
47115
47118
47120
47125
47129
47131
47136
47144
47147
47165
47167
47178
47181
47201
47208
47212
47218
47227
47242
47259
47286
47287
47292
47297
47300
47304
47305
47308
47316
47317
47319
47325
47331
47342
47361
47363
47365
47374
47380
47386
47387
47389
47400
47406
47412
47419
47422
47426
47429
47437
47439
47452
47455
47462
47476
47480
47485
47491
47493
47495
47497
47498
47500
47502
47503
47505
47510
47517
47518
47519
47548
47550
47552
47554
47555
47559
47562
47567
47578
47579
47581
47582
47586
47589
47592
47593
47597
47598
47599
47601
47610
47611
47615
47640
47643
47644
47648
47671
47676
47685
47699
47700
47704
47705
47710
47713
47716
47726
47742
47748
47760
47772
47789
47793
47794
47807
47816
47817
47823
47842
47846
47849
47857
47859
47866
47869
47870
47873
47877
47888
47891
47893
47897
47901
47906
47909
47917
47929
47944
47958
47976
47978
47984
47999
48002
48003
48019
48021
48023
48024
48030
48031
48035
48037
48063
48070
48073
48076
48077
48083
48088
48096
48103
48108
48110
48112
48116
48118
48142
48146
48149
48157
48163
48169
48173
48174
48180
48181
48192
48197
48198
48206
48210
48224
48239
48241
48246
48250
48259
48271
48279
48291
48303
48304
48305
48312
48315
48319
48320
48323
48325
48334
48347
48348
48364
48376
48378
48381
48384
48390
48391
48394
48402
48411
48412
48414
48416
48418
48423
48425
48432
48435
48444
48447
48455
48458
48474
48479
48483
48487
48491
48494
48497
48499
48505
48510
48511
48512
48514
48515
48516
48520
48528
48538
48539
48540
48546
48557
48563
48565
48569
48576
48588
48589
48590
48594
48595
48596
48607
48618
48645
48646
48648
48650
48656
48663
48670
48673
48678
48680
48686
48687
48690
48692
48699
48717
48720
48721
48722
48727
48736
48737
48752
48761
48765
48772
48777
48778
48782
48783
48784
48785
48790
48792
48799
48814
48859
48860
48861
48865
48867
48871
48881
48886
48889
48898
48904
48906
48909
48910
48912
48923
48925
48927
48928
48936
48948
48952
48956
48957
48961
48967
48971
48984
48985
48993
48994
48998
49006
49022
49024
49026
49028
49032
49033
49034
49037
49039
49045
49060
49068
49079
49080
49083
49088
49090
49094
49095
49098
49105
49109
49112
49129
49139
49141
49145
49147
49150
49151
49153
49161
49162
49163
49171
49177
49192
49197
49200
49201
49210
49217
49220
49221
49226
49232
49247
49248
49253
49272
49274
49275
49290
49297
49304
49309
49318
49319
49320
49323
49349
49357
49361
49363
49371
49376
49394
49401
49402
49403
49425
49437
49438
49459
49460
49461
49466
49471
49472
49475
49476
49488
49490
49494
49497
49505
49523
49525
49532
49535
49536
49542
49550
49551
49553
49554
49559
49561
49572
49579
49581
49583
49584
49589
49595
49598
49605
49614
49622
49625
49630
49643
49644
49648
49650
49655
49660
49663
49674
49676
49680
49691
49697
49711
49717
49723
49726
49732
49738
49741
49747
49751
49753
49771
49775
49781
49790
49792
49793
49810
49817
49818
49820
49821
49823
49824
49831
49834
49839
49843
49847
49860
49861
49867
49868
49870
49877
49879
49882
49895
49897
49898
49905
49909
49911
49919
49922
49924
49930
49931
49938
49941
49942
49948
49949
49950
49957
49961
49968
49973
49977
49978
49979
49980
49982
49985
49987
