4
6
8
16
22
55
56
58
76
81
84
88
96
98
100
104
106
123
124
133
136
137
147
148
157
159
161
164
166
175
176
177
180
202
203
204
205
210
212
215
219
223
225
229
230
231
248
253
254
255
256
265
271
272
299
312
320
322
334
340
345
348
375
376
377
382
387
389
390
391
401
405
414
428
431
441
448
455
460
462
466
468
481
482
488
490
506
518
520
523
524
528
548
556
564
580
584
588
593
604
612
614
616
617
624
630
632
634
641
645
646
649
654
656
657
660
669
680
700
702
705
708
717
732
751
752
755
759
773
775
779
780
782
790
793
803
808
809
811
813
815
816
827
831
834
835
837
841
843
846
852
854
858
862
876
887
888
889
890
904
912
913
914
916
934
935
967
973
977
982
986
1001
1002
1005
1016
1030
1031
1033
1055
1059
1061
1063
1072
1086
1098
1099
1104
1106
1109
1111
1114
1119
1151
1153
1159
1172
1177
1180
1189
1198
1201
1217
1223
1224
1230
1236
1237
1238
1239
1247
1248
1253
1255
1257
1259
1260
1297
1301
1302
1303
1308
1322
1323
1325
1327
1328
1334
1341
1344
1351
1357
1373
1375
1384
1385
1387
1389
1396
1405
1407
1416
1423
1424
1428
1436
1437
1442
1456
1457
1475
1488
1489
1501
1504
1513
1518
1530
1533
1534
1537
1542
1543
1545
1546
1547
1552
1555
1558
1560
1568
1575
1582
1583
1586
1588
1589
1594
1598
1601
1606
1616
1626
1638
1641
1646
1647
1669
1675
1679
1684
1702
1705
1713
1721
1724
1735
1740
1742
1745
1752
1756
1763
1765
1769
1775
1779
1789
1791
1792
1793
1794
1809
1822
1823
1836
1848
1852
1857
1872
1876
1879
1885
1903
1908
1918
1943
1950
1952
1973
1974
1985
1994
2007
2009
2021
2023
2026
2030
2045
2048
2053
2057
2063
2070
2071
2072
2075
2079
2097
2104
2114
2121
2124
2127
2149
2157
2162
2164
2171
2182
2190
2191
2207
2209
2212
2216
2217
2219
2232
2239
2243
2244
2245
2246
2255
2256
2257
2260
2265
2268
2274
2276
2277
2285
2290
2293
2303
2306
2312
2313
2315
2319
2330
2331
2332
2337
2342
2344
2348
2358
2360
2363
2364
2370
2380
2382
2388
2393
2398
2401
2407
2418
2445
2448
2451
2460
2463
2465
2474
2477
2485
2488
2499
2509
2510
2519
2525
2547
2552
2555
2557
2559
2560
2563
2569
2570
2577
2582
2584
2587
2588
2590
2594
2604
2608
2610
2614
2623
2625
2629
2632
2633
2634
2635
2644
2646
2655
2658
2665
2678
2682
2683
2684
2696
2699
2700
2709
2718
2724
2729
2730
2731
2734
2736
2742
2745
2747
2751
2754
2760
2765
2774
2775
2782
2783
2795
2797
2799
2804
2805
2834
2836
2843
2851
2875
2876
2885
2889
2894
2899
2914
2921
2926
2929
2933
2942
2948
2951
2956
2958
2975
2976
2979
2981
2983
2989
2990
2996
2997
3003
3006
3016
3024
3030
3033
3035
3036
3039
3047
3048
3053
3058
3063
3073
3079
3083
3084
3091
3092
3094
3098
3101
3106
3109
3119
3121
3123
3124
3131
3133
3140
3150
3153
3159
3160
3161
3164
3171
3198
3202
3206
3208
3225
3227
3231
3232
3252
3258
3273
3274
3284
3302
3309
3320
3324
3328
3329
3337
3343
3353
3370
3373
3376
3380
3390
3393
3404
3407
3411
3412
3430
3434
3436
3443
3449
3462
3464
3475
3484
3497
3500
3507
3514
3525
3535
3543
3559
3570
3576
3577
3583
3586
3603
3615
3623
3627
3638
3641
3644
3645
3655
3659
3662
3675
3678
3681
3683
3684
3688
3689
3698
3701
3704
3708
3730
3734
3740
3749
3751
3760
3764
3765
3769
3770
3777
3778
3781
3782
3783
3789
3795
3807
3812
3821
3824
3826
3827
3832
3842
3843
3852
3856
3857
3865
3866
3868
3872
3887
3895
3908
3912
3916
3917
3921
3923
3929
3936
3948
3951
3958
3965
3977
3986
3994
4003
4004
4009
4010
4012
4015
4018
4020
4021
4025
4034
4035
4036
4039
4042
4045
4061
4065
4073
4074
4075
4078
4082
4090
4094
4104
4106
4107
4111
4115
4116
4136
4137
4139
4141
4142
4148
4164
4175
4184
4189
4190
4197
4198
4203
4217
4219
4224
4227
4231
4237
4253
4256
4262
4271
4287
4290
4292
4294
4311
4343
4345
4351
4352
4360
4364
4373
4375
4382
4385
4394
4398
4404
4409
4413
4415
4418
4428
4437
4439
4445
4447
4449
4454
4456
4457
4470
4473
4481
4489
4493
4501
4509
4514
4533
4541
4554
4558
4559
4562
4570
4578
4580
4581
4582
4584
4586
4603
4610
4612
4613
4616
4621
4623
4624
4626
4627
4636
4640
4642
4652
4658
4662
4670
4697
4718
4723
4741
4742
4751
4754
4757
4760
4763
4769
4773
4778
4784
4788
4807
4812
4816
4820
4821
4824
4825
4826
4830
4843
4853
4869
4873
4882
4897
4906
4907
4911
4912
4926
4940
4951
4957
4986
4987
4998
4999
5037
5039
5051
5064
5092
5105
5120
5134
5135
5141
5149
5158
5171
5206
5256
5258
5262
5264
5267
5282
5283
5295
5298
5305
5317
5321
5407
5410
5419
5444
5489
5501
5517
5519
5523
5527
5538
5542
5546
5567
5574
5575
5586
5606
5634
5676
5679
5691
5695
5710
5729
5732
5773
5781
5786
5788
5789
5799
5812
5821
5831
5837
5845
5853
5856
5877
5896
5899
5901
5955
5976
5979
5980
6015
6022
6035
6080
6084
6085
6086
6093
6100
6121
6127
6134
6137
6152
6164
6176
6182
6189
6190
6207
6238
6261
6286
6290
6302
6304
6307
6332
6354
6356
6361
6421
6448
6467
6487
6500
6503
6506
6571
6609
6626
6637
6642
6655
6660
6663
6668
6669
6680
6689
6728
6738
6748
6758
6768
6770
6776
6806
6818
6860
6861
6866
6878
6879
6880
6885
6890
6915
6926
6957
6981
6994
7000
7001
7003
7029
7049
7082
7114
7115
7116
7129
7148
7149
7156
7158
7183
7219
7222
7223
7233
7246
7250
7254
7256
7270
7278
7290
7291
7301
7314
7336
7338
7366
7398
7419
7449
7451
7453
7459
7469
7479
7486
7502
7520
7525
7547
7559
7574
7575
7620
7626
7642
7678
7687
7697
7700
7719
7742
7750
7797
7812
7850
7857
7872
7876
7888
7923
7926
7932
7945
7966
7967
7968
7992
8018
8041
8051
8080
8088
8099
8122
8131
8136
8154
8190
8196
8211
8224
8233
8243
8250
8258
8264
8278
8288
8304
8327
8336
8446
8487
8493
8548
8550
8565
8593
8604
8610
8613
8641
8650
8664
8677
8709
8720
8738
8742
8772
8776
8781
8789
8818
8828
8845
8850
8855
8888
8890
8895
8921
8923
8928
8940
8947
8957
8988
9003
9016
9024
9032
9036
9045
9068
9086
9102
9142
9161
9164
9178
9216
9250
9251
9261
9277
9281
9315
9316
9356
9366
9382
9420
9426
9444
9451
9453
9455
9465
9494
9505
9509
9521
9529
9541
9543
9557
9563
9568
9573
9576
9583
9588
9601
9612
9628
9653
9680
9703
9704
9712
9736
9746
9747
9748
9757
9763
9768
9801
9805
9820
9826
9836
9853
9870
9875
9886
9896
9897
9932
9940
9945
9946
9953
9964
9970
9994
9997
10006
10007
10008
10013
10015
10017
10021
10026
10030
10031
10033
10034
10038
10045
10048
10050
10051
10058
10063
10066
10068
10069
10075
10079
10080
10081
10084
10086
10092
10095
10096
10097
10098
10101
10110
10118
10119
10123
10130
10131
10133
10137
10146
10147
10148
10152
10153
10157
10159
10171
10173
10175
10178
10180
10184
10185
10189
10191
10192
10198
10204
10205
10206
10210
10213
10232
10237
10240
10246
10247
10250
10253
10256
10261
10263
10273
10278
10279
10280
10282
10293
10296
10300
10302
10304
10307
10311
10313
10316
10319
10322
10324
10328
10331
10333
10334
10337
10348
10349
10354
10361
10362
10364
10367
10368
10371
10373
10377
10382
10391
10394
10399
10400
10403
10409
10417
10421
10422
10424
10427
10431
10434
10438
10439
10440
10446
10449
10452
10453
10458
10460
10462
10466
10467
10469
10472
10478
10482
10491
10496
10499
10505
10513
10514
10519
10523
10527
10528
10533
10536
10537
10538
10547
10552
10553
10562
10567
10580
10587
10595
10596
10598
10602
10607
10608
10609
10610
10612
10613
10619
10620
10621
10622
10625
10627
10629
10631
10632
10635
10637
10638
10641
10642
10643
10646
10649
10650
10654
10655
10657
10658
10665
10668
10679
10681
10682
10684
10686
10692
10695
10700
10701
10706
10708
10712
10715
10724
10726
10731
10732
10739
10740
10742
10743
10746
10752
10755
10758
10764
10765
10769
10775
10779
10780
10781
10786
10788
10797
10802
10803
10805
10810
10813
10816
10818
10820
10823
10824
10836
10837
10854
10855
10856
10857
10861
10865
10874
10875
10878
10881
10883
10884
10889
10890
10894
10897
10905
10912
10918
10925
10926
10929
10932
10935
10939
10945
10950
10953
10964
10969
10972
10973
10975
10976
10980
10982
10984
10986
10987
10991
10995
11000
11001
11002
11003
11006
11007
11022
11024
11028
11031
11033
11037
11039
11042
11044
11045
11051
11053
11061
11063
11064
11065
11066
11069
11073
11074
11075
11076
11083
11084
11094
11097
11098
11103
11105
11106
11108
11113
11120
11122
11128
11129
11134
11135
11137
11140
11141
11144
11145
11146
11149
11153
11158
11163
11171
11172
11174
11175
11178
11181
11186
11192
11203
11205
11208
11209
11211
11215
11217
11223
11225
11226
11227
11235
11237
11238
11247
11249
11252
11253
11259
11261
11262
11268
11269
11279
11284
11287
11288
11289
11292
11298
11300
11302
11306
11308
11315
11316
11318
11323
11324
11326
11328
11330
11331
11333
11335
11339
11340
11342
11343
11357
11359
11361
11364
11370
11375
11380
11382
11387
11398
11399
11401
11409
11411
11412
11416
11419
11422
11424
11425
11426
11435
11439
11440
11446
11447
11456
11462
11463
11464
11465
11467
11476
11484
11486
11487
11491
11493
11494
11503
11504
11511
11517
11521
11525
11534
11542
11545
11553
11554
11555
11561
11563
11565
11573
11582
11583
11595
11596
11598
11599
11601
11602
11603
11605
11608
11615
11617
11621
11624
11631
11633
11634
11642
11648
11650
11657
11661
11664
11666
11668
11669
11670
11673
11676
11682
11683
11686
11688
11694
11695
11698
11700
11701
11702
11707
11713
11717
11723
11724
11725
11726
11730
11740
11741
11743
11745
11747
11748
11754
11759
11764
11767
11772
11776
11779
11781
11782
11788
11790
11796
11805
11809
11811
11813
11814
11820
11821
11823
11824
11828
11836
11842
11852
11856
11860
11863
11865
11866
11867
11868
11870
11872
11873
11876
11889
11891
11893
11894
11895
11899
11901
11910
11913
11917
11918
11920
11929
11930
11931
11933
11935
11940
11942
11947
11948
11950
11952
11955
11956
11960
11963
11966
11971
11978
11979
11982
11983
11985
11989
11992
11993
11994
12001
12003
12006
12008
12011
12012
12014
12016
12017
12022
12025
12026
12032
12033
12036
12039
12040
12042
12043
12044
12051
12052
12055
12059
12061
12063
12065
12069
12070
12076
12077
12078
12079
12082
12084
12087
12092
12095
12096
12098
12100
12101
12103
12105
12108
12109
12110
12113
12114
12119
12120
12121
12123
12128
12132
12135
12138
12140
12146
12149
12150
12155
12164
12171
12174
12175
12181
12184
12185
12188
12191
12193
12194
12200
12201
12204
12209
12214
12216
12217
12218
12224
12225
12226
12238
12242
12243
12244
12245
12248
12252
12258
12261
12266
12270
12272
12275
12276
12277
12281
12284
12289
12292
12295
12303
12305
12306
12308
12314
12315
12316
12317
12318
12320
12325
12326
12328
12339
12344
12348
12352
12357
12366
12368
12370
12371
12375
12380
12382
12386
12389
12397
12398
12406
12411
12412
12417
12418
12419
12421
12423
12424
12425
12426
12429
12438
12441
12443
12448
12456
12461
12462
12466
12470
12472
12474
12475
12484
12486
12493
12496
12498
12501
12509
12510
12513
12514
12515
12519
12522
12523
12529
12530
12532
12533
12541
12543
12549
12551
12552
12555
12560
12563
12571
12572
12574
12576
12579
12581
12585
12586
12590
12591
12593
12600
12601
12604
12605
12608
12609
12613
12620
12626
12628
12631
12637
12638
12640
12647
12648
12650
12651
12653
12654
12657
12658
12664
12680
12682
12688
12690
12698
12699
12701
12702
12703
12706
12713
12715
12717
12718
12720
12722
12732
12733
12737
12747
12750
12754
12756
12757
12766
12767
12769
12772
12774
12777
12780
12786
12795
12796
12801
12803
12807
12808
12809
12814
12819
12821
12822
12823
12826
12828
12832
12835
12837
12839
12841
12843
12844
12848
12853
12854
12855
12856
12858
12859
12868
12871
12872
12877
12878
12884
12887
12889
12890
12894
12901
12904
12908
12910
12911
12913
12920
12921
12923
12924
12928
12929
12932
12937
12938
12939
12940
12941
12942
12947
12952
12955
12958
12959
12962
12963
12969
12973
12975
12983
12984
12986
12989
12990
12994
12999
13001
13008
13009
13011
13015
13019
13020
13029
13030
13033
13036
13037
13039
13040
13042
13047
13050
13053
13054
13055
13060
13061
13062
13064
13070
13077
13086
13097
13098
13099
13104
13119
13127
13129
13130
13131
13138
13140
13141
13151
13152
13154
13155
13157
13159
13161
13162
13165
13170
13176
13178
13179
13181
13184
13187
13192
13193
13198
13204
13205
13208
13211
13212
13223
13225
13228
13231
13235
13242
13244
13248
13253
13256
13258
13261
13265
13267
13271
13272
13276
13278
13282
13287
13290
13291
13293
13297
13301
13305
13306
13311
13314
13315
13321
13323
13324
13325
13327
13328
13332
13333
13337
13339
13341
13342
13345
13348
13349
13355
13356
13359
13360
13362
13363
13365
13368
13371
13384
13385
13386
13388
13393
13395
13399
13402
13404
13407
13408
13411
13417
13418
13420
13423
13425
13429
13434
13437
13442
13444
13445
13449
13452
13458
13465
13471
13473
13475
13482
13484
13494
13501
13510
13511
13512
13513
13515
13519
13523
13525
13529
13531
13536
13537
13538
13540
13542
13549
13553
13555
13556
13557
13559
13563
13574
13577
13583
13586
13594
13598
13603
13613
13619
13621
13622
13623
13628
13630
13631
13638
13643
13644
13646
13652
13653
13654
13656
13658
13659
13663
13664
13671
13675
13681
13683
13695
13696
13698
13699
13700
13704
13705
13709
13714
13717
13718
13720
13721
13723
13727
13730
13734
13735
13738
13741
13743
13744
13745
13746
13750
13760
13762
13768
13769
13770
13771
13773
13777
13779
13781
13784
13786
13790
13791
13796
13806
13807
13808
13816
13817
13818
13821
13823
13824
13825
13826
13827
13829
13830
13831
13835
13836
13840
13843
13844
13845
13846
13849
13854
13855
13858
13866
13869
13881
13884
13886
13888
13901
13904
13916
13917
13920
13921
13928
13936
13938
13939
13940
13941
13943
13945
13948
13952
13953
13964
13968
13970
13980
13981
13982
13985
13989
13990
13992
13994
13996
13997
14005
14006
14010
14011
14013
14016
14021
14022
14026
14028
14031
14032
14036
14037
14038
14042
14043
14045
14047
14064
14072
14073
14074
14076
14090
14094
14099
14101
14108
14109
14112
14114
14115
14119
14120
14125
14126
14127
14128
14131
14134
14137
14138
14146
14152
14159
14162
14164
14169
14171
14176
14178
14181
14183
14186
14189
14190
14192
14194
14195
14196
14197
14199
14200
14201
14202
14205
14221
14222
14223
14226
14232
14234
14235
14239
14242
14251
14253
14254
14257
14259
14260
14262
14264
14270
14271
14277
14280
14284
14288
14290
14294
14297
14305
14310
14313
14316
14319
14323
14327
14328
14329
14330
14332
14333
14338
14344
14348
14351
14355
14357
14358
14359
14362
14364
14365
14366
14368
14380
14381
14383
14384
14385
14387
14389
14391
14395
14396
14401
14404
14407
14408
14409
14412
14417
14421
14422
14424
14428
14432
14433
14440
14442
14445
14446
14449
14450
14451
14462
14464
14465
14469
14473
14476
14479
14480
14482
14488
14491
14492
14495
14499
14501
14503
14510
14511
14515
14520
14529
14532
14534
14548
14551
14562
14563
14567
14570
14575
14578
14582
14586
14587
14588
14591
14593
14594
14596
14600
14601
14606
14611
14616
14618
14621
14622
14624
14625
14627
14630
14631
14633
14634
14639
14642
14649
14651
14652
14653
14654
14659
14660
14667
14669
14673
14677
14680
14684
14685
14691
14695
14698
14699
14702
14704
14705
14715
14716
14721
14728
14730
14735
14740
14742
14746
14751
14753
14754
14765
14766
14769
14771
14772
14773
14779
14784
14785
14789
14792
14793
14795
14796
14797
14799
14800
14801
14803
14805
14806
14807
14808
14809
14813
14814
14817
14818
14822
14825
14827
14829
14830
14831
14835
14837
14839
14840
14841
14845
14846
14853
14854
14855
14857
14859
14874
14876
14877
14885
14889
14890
14891
14897
14903
14908
14909
14914
14916
14933
14939
14940
14941
14942
14943
14945
14948
14953
14954
14956
14957
14959
14974
14976
14978
14979
14981
14987
14989
14990
14991
14995
14999
15003
15004
15006
15007
15011
15012
15014
15020
15023
15025
15026
15027
15029
15030
15031
15032
15034
15035
15036
15037
15039
15042
15043
15044
15046
15047
15048
15054
15056
15061
15062
15063
15064
15068
15070
15072
15073
15075
15082
15083
15085
15086
15088
15092
15093
15094
15098
15099
15107
15111
15113
15115
15116
15119
15120
15123
15125
15126
15128
15131
15135
15143
15144
15145
15146
15148
15156
15157
15158
15162
15170
15173
15174
15176
15178
15182
15183
15184
15185
15187
15188
15190
15192
15195
15197
15198
15200
15207
15215
15216
15218
15219
15223
15226
15236
15240
15244
15248
15249
15251
15257
15263
15267
15269
15270
15271
15273
15276
15278
15280
15281
15287
15288
15289
15291
15296
15298
15301
15303
15305
15310
15312
15313
15316
15326
15333
15341
15344
15346
15348
15350
15351
15352
15353
15354
15355
15356
15361
15366
15367
15372
15374
15375
15376
15378
15381
15384
15385
15388
15392
15394
15395
15396
15397
15398
15405
15407
15408
15409
15413
15415
15417
15418
15422
15424
15425
15426
15427
15429
15431
15432
15433
15436
15437
15440
15442
15444
15446
15449
15453
15454
15457
15466
15471
15477
15478
15480
15483
15484
15486
15491
15493
15498
15502
15503
15504
15505
15506
15509
15510
15511
15515
15518
15520
15521
15522
15524
15527
15529
15537
15539
15545
15551
15553
15558
15559
15561
15563
15564
15566
15567
15568
15571
15574
15584
15586
15587
15589
15593
15597
15601
15605
15608
15609
15611
15613
15614
15616
15619
15620
15627
15628
15630
15631
15632
15635
15636
15638
15640
15642
15645
15650
15652
15655
15659
15663
15666
15670
15672
15674
15676
15678
15679
15680
15682
15685
15689
15691
15692
15695
15700
15702
15703
15705
15706
15707
15708
15709
15711
15713
15715
15721
15726
15727
15728
15730
15731
15739
15740
15743
15745
15746
15749
15750
15752
15756
15760
15762
15765
15766
15767
15768
15769
15771
15773
15775
15778
15779
15780
15781
15783
15784
15785
15788
15790
15793
15797
15799
15801
15803
15804
15805
15810
15812
15813
15817
15825
15826
15827
15833
15842
15843
15844
15845
15849
15850
15854
15855
15858
15863
15865
15867
15870
15876
15881
15886
15889
15890
15891
15892
15893
15894
15898
15899
15900
15904
15905
15910
15915
15918
15923
15925
15929
15930
15931
15936
15937
15938
15942
15943
15946
15947
15949
15950
15951
15954
15958
15959
15960
15962
15965
15970
15971
15980
15981
15987
15988
15990
15991
15999
16002
16003
16004
16014
16015
16018
16019
16020
16022
16023
16030
16031
16047
16048
16050
16051
16052
16053
16055
16057
16060
16061
16065
16069
16070
16071
16072
16074
16075
16076
16077
16078
16081
16088
16090
16095
16096
16097
16098
16099
16106
16109
16114
16116
16120
16121
16124
16134
16138
16139
16141
16143
16145
16149
16155
16157
16161
16162
16163
16164
16166
16169
16172
16175
16178
16180
16187
16188
16189
16191
16192
16193
16195
16197
16198
16199
16200
16205
16206
16207
16210
16211
16213
16217
16231
16232
16234
16237
16238
16244
16246
16247
16249
16250
16254
16255
16257
16258
16259
16260
16261
16265
16266
16268
16273
16274
16275
16279
16281
16288
16291
16292
16293
16295
16299
16304
16309
16317
16320
16324
16330
16331
16332
16333
16334
16336
16339
16340
16342
16344
16346
16349
16353
16357
16359
16361
16362
16363
16364
16366
16367
16368
16371
16372
16375
16378
16381
16384
16385
16391
16392
16394
16396
16403
16404
16405
16409
16411
16414
16418
16425
16426
16428
16429
16431
16432
16435
16436
16437
16440
16443
16446
16447
16451
16454
16459
16467
16468
16470
16472
16474
16483
16485
16487
16488
16490
16492
16495
16497
16498
16499
16507
16509
16522
16523
16528
16530
16541
16542
16543
16544
16546
16548
16554
16557
16559
16562
16566
16569
16570
16572
16573
16575
16578
16580
16581
16582
16585
16587
16590
16606
16608
16609
16614
16616
16617
16621
16624
16627
16630
16631
16633
16635
16638
16640
16645
16647
16648
16650
16652
16654
16655
16657
16660
16661
16663
16665
16667
16669
16672
16673
16678
16684
16686
16687
16688
16689
16691
16692
16697
16698
16699
16701
16702
16707
16708
16710
16712
16713
16714
16715
16716
16717
16718
16722
16725
16729
16733
16735
16736
16737
16739
16740
16741
16742
16743
16745
16747
16748
16750
16753
16754
16762
16764
16765
16766
16770
16786
16791
16792
16799
16801
16802
16804
16807
16808
16811
16812
16814
16815
16816
16826
16828
16829
16832
16836
16838
16841
16842
16845
16850
16851
16857
16858
16864
16868
16880
16882
16886
16887
16889
16892
16895
16902
16904
16905
16906
16913
16914
16915
16919
16923
16927
16928
16932
16933
16935
16939
16946
16949
16950
16952
16955
16956
16958
16959
16962
16974
16977
16978
16979
16980
16986
16988
16993
16995
17001
17002
17003
17004
17006
17009
17012
17013
17015
17016
17018
17021
17022
17023
17024
17025
17028
17029
17031
17034
17036
17037
17038
17040
17044
17046
17047
17048
17049
17053
17054
17064
17066
17067
17068
17072
17073
17074
17076
17079
17088
17090
17092
17093
17100
17105
17107
17108
17109
17111
17117
17119
17124
17139
17140
17141
17146
17149
17155
17156
17159
17165
17171
17173
17180
17182
17183
17185
17186
17187
17189
17190
17194
17197
17201
17202
17203
17204
17207
17208
17212
17214
17216
17217
17224
17227
17231
17232
17234
17238
17239
17242
17244
17247
17248
17249
17250
17252
17257
17261
17262
17264
17265
17270
17273
17277
17278
17280
17283
17284
17289
17290
17292
17294
17295
17296
17306
17307
17316
17318
17321
17322
17323
17326
17327
17328
17329
17330
17335
17342
17345
17349
17351
17352
17354
17355
17359
17362
17363
17365
17369
17370
17371
17372
17373
17376
17378
17379
17385
17386
17387
17388
17389
17390
17391
17393
17396
17397
17401
17403
17404
17406
17408
17409
17411
17414
17415
17416
17417
17418
17424
17425
17428
17431
17433
17437
17440
17442
17448
17449
17450
17452
17455
17459
17463
17464
17467
17468
17470
17471
17472
17473
17475
17478
17479
17480
17481
17482
17483
17485
17487
17488
17490
17491
17494
17495
17498
17503
17507
17508
17509
17510
17511
17513
17515
17517
17518
17521
17527
17529
17530
17531
17538
17540
17541
17542
17546
17547
17548
17549
17557
17558
17560
17561
17563
17564
17566
17568
17571
17572
17579
17580
17581
17582
17583
17584
17585
17596
17598
17599
17600
17610
17612
17614
17616
17622
17623
17625
17626
17627
17630
17631
17632
17637
17640
17642
17645
17648
17649
17650
17652
17653
17655
17657
17659
17663
17667
17668
17669
17671
17675
17676
17677
17678
17679
17683
17684
17685
17686
17689
17691
17693
17697
17700
17702
17704
17706
17709
17712
17713
17715
17721
17722
17724
17725
17726
17729
17733
17734
17737
17738
17739
17740
17741
17748
17752
17753
17756
17757
17758
17760
17762
17763
17765
17767
17769
17770
17771
17772
17773
17774
17776
17779
17780
17783
17786
17795
17805
17808
17816
17817
17818
17820
17821
17822
17823
17830
17831
17836
17841
17846
17848
17849
17850
17852
17855
17858
17864
17865
17868
17869
17870
17875
17880
17887
17891
17895
17896
17898
17900
17904
17909
17915
17917
17918
17919
17923
17928
17933
17938
17940
17942
17943
17947
17950
17951
17957
17961
17965
17966
17968
17970
17972
17973
17976
17978
17986
17989
17991
17995
17997
17998
18002
18007
18009
18010
18014
18015
18016
18018
18023
18024
18025
18026
18027
18028
18030
18031
18036
18037
18038
18043
18045
18048
18049
18052
18053
18056
18058
18059
18060
18063
18064
18066
18067
18068
18070
18073
18074
18079
18083
18087
18088
18094
18096
18097
18101
18102
18106
18110
18112
18115
18116
18122
18123
18124
18125
18126
18127
18131
18134
18136
18138
18141
18142
18145
18146
18147
18149
18150
18151
18153
18154
18155
18158
18160
18161
18166
18167
18168
18169
18170
18174
18177
18181
18188
18189
18193
18194
18196
18197
18198
18200
18202
18216
18219
18221
18223
18227
18230
18234
18236
18237
18239
18241
18250
18252
18253
18255
18257
18262
18264
18267
18269
18272
18275
18277
18280
18282
18284
18285
18287
18290
18292
18295
18300
18301
18303
18305
18309
18310
18311
18312
18317
18323
18325
18326
18328
18330
18333
18335
18336
18337
18338
18339
18347
18350
18360
18365
18366
18370
18372
18373
18376
18377
18382
18384
18386
18388
18389
18390
18391
18392
18394
18395
18397
18398
18401
18404
18405
18407
18412
18414
18416
18417
18421
18423
18425
18426
18427
18430
18437
18441
18442
18443
18446
18450
18452
18453
18456
18458
18459
18461
18468
18472
18474
18476
18477
18483
18484
18485
18486
18489
18495
18498
18501
18502
18503
18506
18507
18510
18511
18513
18514
18518
18523
18525
18527
18528
18530
18533
18534
18535
18536
18537
18544
18552
18554
18555
18556
18557
18559
18561
18563
18569
18574
18575
18579
18583
18585
18586
18587
18589
18590
18591
18594
18595
18596
18597
18599
18613
18620
18622
18628
18631
18632
18637
18639
18640
18642
18643
18645
18656
18658
18663
18664
18665
18675
18676
18680
18682
18685
18687
18690
18692
18693
18694
18697
18698
18699
18703
18709
18712
18714
18715
18716
18718
18724
18725
18729
18731
18733
18737
18739
18744
18745
18746
18747
18749
18752
18753
18756
18759
18760
18761
18765
18767
18769
18770
18777
18778
18783
18784
18786
18787
18788
18789
18794
18799
18803
18804
18808
18812
18813
18814
18816
18821
18824
18826
18829
18832
18834
18835
18844
18847
18848
18851
18854
18855
18858
18860
18862
18865
18868
18871
18873
18876
18879
18884
18887
18888
18889
18894
18899
18900
18901
18905
18909
18910
18912
18923
18924
18926
18928
18930
18941
18942
18943
18944
18946
18947
18951
18955
18963
18967
18968
18971
18972
18975
18978
18979
18983
18986
18989
18992
18994
18995
18997
18998
19000
19001
19002
19017
19019
19020
19021
19024
19026
19027
19034
19039
19041
19044
19046
19052
19062
19065
19070
19072
19074
19075
19078
19080
19084
19086
19089
19097
19098
19099
19101
19102
19105
19106
19109
19110
19112
19116
19118
19119
19121
19125
19127
19131
19132
19133
19135
19136
19137
19138
19145
19146
19153
19154
19156
19158
19159
19162
19163
19166
19170
19172
19174
19175
19176
19177
19180
19182
19183
19185
19188
19190
19192
19197
19200
19204
19206
19207
19209
19211
19212
19214
19215
19217
19219
19227
19228
19229
19234
19235
19237
19238
19240
19242
19243
19245
19251
19252
19253
19255
19256
19262
19265
19267
19268
19269
19272
19273
19274
19277
19286
19287
19289
19290
19292
19295
19297
19298
19299
19300
19301
19305
19306
19307
19310
19311
19314
19321
19322
19328
19332
19335
19336
19338
19341
19347
19351
19353
19356
19357
19360
19361
19366
19370
19372
19373
19376
19377
19380
19384
19390
19394
19395
19397
19399
19400
19402
19407
19409
19410
19411
19412
19415
19416
19420
19421
19422
19425
19426
19431
19434
19435
19436
19440
19442
19449
19453
19459
19461
19463
19464
19465
19466
19468
19469
19470
19472
19474
19477
19478
19479
19483
19486
19488
19489
19499
19500
19503
19504
19505
19508
19509
19513
19515
19517
19518
19519
19522
19524
19528
19529
19530
19537
19538
19539
19541
19542
19545
19546
19549
19550
19551
19554
19557
19562
19563
19564
19573
19574
19576
19582
19584
19586
19587
19594
19595
19596
19600
19603
19604
19605
19612
19613
19616
19618
19619
19620
19624
19631
19633
19636
19642
19645
19646
19648
19651
19652
19654
19657
19658
19660
19661
19663
19664
19667
19668
19669
19674
19682
19683
19691
19696
19698
19701
19702
19707
19708
19709
19710
19711
19713
19714
19716
19720
19721
19723
19727
19729
19731
19732
19733
19735
19736
19742
19743
19746
19749
19750
19751
19753
19754
19755
19760
19763
19765
19769
19771
19775
19777
19781
19788
19790
19792
19793
19794
19796
19801
19808
19813
19815
19816
19822
19823
19830
19836
19839
19841
19842
19848
19850
19853
19854
19856
19860
19861
19862
19863
19865
19867
19868
19870
19874
19877
19878
19879
19882
19883
19884
19887
19893
19894
19895
19899
19900
19902
19903
19905
19908
19909
19910
19912
19913
19914
19916
19920
19921
19923
19925
19927
19928
19930
19931
19933
19936
19943
19948
19956
19958
19963
19969
19974
19978
19980
19981
19982
19987
19989
19990
19991
19998
19999
20000
20007
20020
20021
20032
20034
20035
20039
20044
20047
20048
20049
20050
20052
20053
20054
20058
20070
20072
20080
20087
20102
20109
20116
20124
20145
20150
20160
20161
20162
20165
20169
20171
20173
20174
20181
20182
20184
20195
20200
20212
20217
20222
20227
20230
20232
20236
20242
20249
20260
20265
20283
20284
20286
20288
20293
20299
20300
20301
20308
20313
20321
20322
20327
20342
20348
20350
20354
20355
20356
20357
20362
20363
20364
20369
20372
20377
20378
20380
20382
20383
20392
20405
20407
20412
20422
20427
20431
20436
20439
20449
20455
20457
20468
20471
20475
20476
20478
20485
20487
20492
20493
20495
20498
20501
20508
20511
20512
20516
20519
20527
20536
20539
20542
20545
20546
20547
20549
20552
20553
20554
20558
20559
20561
20566
20568
20570
20574
20576
20577
20581
20591
20593
20599
20600
20603
20605
20608
20615
20618
20626
20628
20637
20641
20646
20649
20653
20662
20664
20676
20678
20682
20686
20689
20690
20697
20710
20711
20717
20719
20729
20730
20732
20733
20741
20751
20754
20756
20759
20765
20771
20772
20774
20779
20783
20789
20793
20800
20808
20809
20812
20814
20818
20824
20830
20839
20840
20842
20843
20848
20849
20857
20865
20881
20884
20892
20906
20914
20926
20933
20940
20946
20956
20959
20960
20964
20986
20994
20996
21001
21009
21013
21024
21033
21049
21053
21058
21059
21061
21079
21083
21086
21088
21093
21097
21099
21100
21117
21120
21122
21148
21154
21155
21158
21162
21164
21168
21170
21173
21179
21181
21183
21185
21186
21195
21197
21199
21202
21210
21214
21224
21227
21228
21239
21241
21243
21260
21268
21272
21281
21286
21291
21293
21301
21303
21308
21313
21315
21316
21321
21322
21323
21328
21335
21338
21350
21353
21355
21356
21366
21373
21377
21382
21384
21386
21392
21395
21397
21398
21400
21414
21417
21421
21422
21429
21433
21436
21440
21445
21455
21457
21459
21460
21462
21470
21494
21498
21501
21503
21516
21524
21536
21545
21555
21560
21565
21566
21577
21579
21581
21584
21585
21589
21592
21593
21594
21601
21602
21608
21619
21624
21634
21641
21647
21651
21652
21658
21665
21666
21672
21690
21694
21697
21699
21703
21709
21720
21721
21726
21732
21733
21737
21742
21751
21753
21757
21759
21760
21775
21784
21785
21788
21790
21792
21793
21794
21795
21806
21816
21821
21822
21824
21831
21834
21835
21836
21837
21842
21843
21860
21861
21870
21882
21885
21890
21892
21903
21910
21919
21922
21930
21937
21944
21956
21959
21963
21966
21967
21982
21990
21992
22002
22003
22004
22010
22014
22028
22030
22031
22040
22041
22042
22045
22052
22055
22059
22060
22061
22063
22066
22070
22071
22073
22076
22077
22080
22082
22085
22099
22105
22114
22124
22125
22131
22132
22135
22140
22144
22149
22151
22158
22166
22169
22172
22174
22176
22177
22180
22184
22198
22199
22200
22209
22214
22216
22217
22223
22224
22231
22232
22235
22240
22247
22251
22254
22261
22262
22264
22266
22277
22282
22289
22291
22297
22302
22304
22308
22309
22319
22320
22322
22338
22340
22347
22349
22354
22355
22360
22361
22364
22371
22376
22383
22385
22386
22387
22393
22398
22403
22411
22412
22420
22422
22424
22425
22427
22442
22444
22446
22448
22449
22462
22463
22464
22465
22469
22477
22478
22481
22483
22493
22496
22499
22500
22501
22507
22511
22525
22530
22531
22534
22535
22536
22541
22543
22546
22549
22554
22555
22557
22558
22559
22563
22568
22570
22574
22584
22593
22609
22610
22613
22615
22621
22625
22632
22638
22639
22640
22642
22645
22651
22652
22654
22660
22666
22670
22675
22682
22686
22691
22702
22704
22708
22714
22715
22719
22723
22725
22726
22733
22740
22747
22759
22763
22765
22776
22779
22780
22781
22789
22798
22801
22802
22805
22807
22808
22810
22816
22830
22843
22845
22853
22859
22860
22867
22868
22870
22872
22879
22893
22896
22897
22900
22902
22904
22908
22914
22916
22928
22938
22939
22940
22942
22945
22952
22954
22957
22959
22964
22973
22982
22985
22988
22989
22991
22993
22997
23013
23019
23022
23033
23034
23035
23056
23071
23072
23073
23082
23088
23089
23096
23105
23110
23113
23114
23119
23121
23134
23135
23136
23137
23140
23150
23159
23168
23171
23172
23183
23188
23190
23196
23197
23203
23206
23210
23233
23238
23242
23255
23256
23260
23264
23265
23269
23276
23280
23290
23292
23294
23306
23316
23323
23330
23341
23344
23346
23352
23353
23363
23367
23372
23374
23378
23381
23385
23389
23391
23393
23394
23401
23402
23403
23404
23411
23417
23418
23434
23435
23436
23438
23450
23455
23459
23463
23465
23466
23467
23469
23471
23480
23483
23488
23491
23492
23493
23501
23502
23519
23520
23522
23536
23537
23541
23545
23547
23549
23550
23559
23562
23565
23567
23584
23595
23604
23608
23609
23612
23613
23614
23619
23622
23623
23625
23627
23630
23633
23635
23638
23651
23657
23660
23663
23670
23674
23684
23691
23698
23699
23706
23713
23719
23720
23723
23724
23726
23734
23740
23741
23744
23748
23751
23753
23760
23768
23770
23773
23778
23780
23785
23786
23793
23794
23798
23803
23806
23807
23812
23813
23819
23827
23829
23836
23844
23855
23857
23866
23877
23886
23897
23908
23924
23925
23929
23931
23934
23946
23949
23962
23967
23968
23969
23971
23982
23990
23991
23993
23997
23999
24006
24008
24025
24031
24032
24034
24041
24042
24043
24052
24070
24081
24084
24092
24102
24104
24111
24113
24118
24119
24121
24122
24124
24127
24132
24135
24136
24140
24146
24148
24150
24159
24171
24172
24186
24187
24193
24196
24198
24199
24231
24232
24238
24254
24256
24264
24266
24269
24273
24276
24279
24281
24285
24294
24295
24305
24311
24320
24323
24324
24329
24337
24338
24353
24356
24359
24360
24364
24366
24368
24382
24399
24408
24409
24411
24413
24414
24424
24427
24435
24437
24447
24450
24458
24462
24471
24473
24478
24479
24481
24502
24503
24505
24508
24518
24522
24528
24538
24539
24553
24554
24555
24562
24567
24577
24578
24590
24591
24592
24594
24596
24601
24609
24614
24615
24622
24624
24629
24638
24649
24650
24656
24660
24663
24666
24677
24683
24686
24691
24696
24704
24705
24707
24717
24718
24720
24731
24735
24744
24748
24752
24753
24759
24761
24762
24765
24767
24771
24788
24794
24802
24811
24812
24814
24816
24819
24825
24834
24838
24842
24866
24867
24872
24873
24874
24879
24892
24900
24901
24906
24909
24910
24912
24915
24919
24920
24923
24924
24931
24936
24943
24951
24952
24960
24961
24963
24983
24987
24989
24991
24996
24998
24999
25001
25002
25005
25007
25010
25013
25016
25020
25021
25033
25034
25036
25038
25040
25044
25045
25048
25050
25054
25055
25061
25063
25068
25069
25070
25073
25074
25077
25082
25086
25090
25091
25102
25106
25108
25112
25114
25118
25119
25120
25121
25125
25128
25136
25137
25143
25144
25146
25149
25151
25153
25154
25155
25157
25165
25166
25170
25177
25179
25180
25181
25184
25187
25189
25191
25192
25197
25199
25200
25202
25203
25206
25213
25216
25218
25226
25231
25235
25242
25243
25254
25256
25258
25260
25262
25264
25280
25284
25285
25292
25309
25310
25312
25316
25322
25324
25326
25327
25329
25332
25334
25335
25336
25341
25345
25346
25350
25351
25355
25358
25362
25370
25375
25380
25382
25387
25392
25398
25400
25413
25415
25417
25421
25422
25423
25431
25440
25441
25452
25454
25458
25460
25463
25467
25468
25470
25475
25477
25480
25481
25487
25488
25489
25495
25496
25497
25498
25502
25511
25512
25514
25516
25520
25527
25530
25531
25534
25537
25540
25544
25548
25552
25558
25559
25561
25563
25567
25570
25571
25572
25574
25575
25577
25580
25581
25584
25595
25597
25598
25604
25605
25606
25607
25611
25612
25613
25616
25620
25621
25623
25625
25629
25636
25645
25649
25652
25658
25666
25669
25675
25681
25686
25688
25689
25696
25697
25716
25721
25724
25725
25727
25733
25736
25738
25743
25751
25753
25758
25760
25761
25762
25764
25766
25774
25787
25788
25793
25795
25802
25806
25808
25809
25811
25816
25817
25818
25820
25827
25828
25829
25831
25832
25833
25834
25856
25860
25863
25864
25870
25874
25880
25885
25886
25899
25901
25913
25914
25915
25919
25921
25927
25929
25933
25936
25940
25942
25944
25950
25957
25967
25970
25972
25976
25977
25978
25979
25981
25983
25991
25997
26000
26002
26004
26010
26013
26017
26020
26029
26033
26034
26037
26040
26044
26045
26046
26048
26049
26053
26055
26057
26058
26061
26067
26069
26073
26074
26076
26079
26087
26088
26098
26100
26107
26108
26113
26117
26124
26128
26135
26137
26138
26142
26144
26150
26156
26157
26162
26170
26171
26187
26188
26193
26196
26198
26199
26202
26208
26215
26216
26217
26218
26219
26220
26224
26227
26234
26235
26238
26244
26249
26253
26254
26256
26260
26262
26267
26271
26272
26275
26277
26284
26286
26288
26298
26301
26319
26322
26331
26333
26337
26340
26342
26343
26347
26348
26353
26360
26364
26367
26371
26373
26378
26379
26380
26385
26391
26392
26399
26405
26409
26411
26413
26415
26416
26417
26430
26439
26440
26441
26446
26447
26448
26450
26451
26454
26456
26466
26468
26474
26476
26477
26485
26498
26500
26508
26510
26511
26513
26523
26530
26535
26539
26548
26555
26556
26563
26565
26567
26577
26578
26591
26592
26598
26605
26607
26608
26610
26615
26620
26621
26624
26625
26627
26628
26630
26635
26638
26645
26646
26654
26658
26665
26667
26669
26670
26677
26678
26679
26680
26682
26683
26686
26687
26689
26690
26692
26693
26695
26697
26702
26704
26706
26707
26709
26714
26715
26721
26724
26728
26733
26739
26741
26744
26747
26752
26753
26769
26770
26773
26776
26781
26783
26785
26787
26789
26790
26798
26802
26806
26808
26815
26816
26817
26822
26823
26834
26837
26844
26846
26852
26853
26860
26864
26865
26871
26874
26875
26877
26880
26882
26883
26884
26885
26887
26890
26892
26894
26896
26904
26909
26911
26914
26919
26923
26925
26926
26936
26939
26940
26943
26947
26952
26955
26959
26960
26964
26968
26969
26973
26978
26980
26981
26991
26993
26997
27011
27012
27016
27020
27021
27023
27028
27031
27032
27034
27045
27046
27047
27048
27055
27056
27059
27061
27070
27072
27074
27075
27076
27077
27078
27079
27084
27093
27094
27095
27101
27103
27104
27110
27115
27119
27120
27122
27123
27125
27126
27130
27133
27138
27139
27143
27148
27155
27157
27159
27160
27164
27169
27171
27172
27175
27177
27180
27189
27193
27194
27195
27198
27201
27203
27209
27210
27212
27217
27218
27220
27224
27226
27228
27229
27238
27239
27245
27249
27250
27252
27260
27264
27271
27277
27282
27283
27289
27293
27299
27302
27307
27312
27314
27321
27323
27325
27327
27328
27331
27333
27334
27335
27340
27343
27346
27348
27353
27355
27361
27366
27374
27379
27382
27389
27392
27394
27396
27397
27398
27400
27404
27406
27410
27411
27414
27415
27416
27420
27421
27425
27427
27431
27434
27435
27442
27449
27450
27452
27459
27461
27463
27465
27467
27468
27470
27471
27492
27495
27505
27512
27516
27519
27522
27528
27529
27534
27536
27541
27542
27550
27555
27561
27567
27570
27574
27576
27578
27579
27587
27590
27592
27593
27596
27600
27603
27605
27606
27607
27610
27614
27615
27617
27618
27622
27624
27625
27628
27629
27630
27637
27638
27642
27643
27645
27646
27647
27649
27650
27654
27659
27662
27666
27667
27672
27682
27687
27689
27691
27692
27702
27705
27706
27708
27716
27719
27720
27723
27725
27731
27732
27733
27736
27738
27740
27744
27749
27752
27755
27769
27777
27780
27782
27790
27791
27800
27802
27803
27804
27808
27814
27815
27818
27824
27829
27833
27834
27838
27841
27844
27846
27847
27848
27849
27851
27857
27861
27870
27873
27874
27879
27882
27884
27890
27897
27899
27907
27910
27916
27919
27925
27926
27927
27936
27939
27940
27941
27945
27947
27951
27953
27955
27956
27957
27962
27966
27975
27977
27983
27984
27987
27989
27994
27995
27996
28000
28002
28004
28005
28006
28007
28008
28009
28012
28016
28020
28021
28027
28031
28040
28045
28046
28049
28051
28052
28059
28064
28065
28068
28070
28074
28075
28076
28077
28078
28081
28088
28090
28093
28100
28101
28102
28128
28132
28135
28139
28147
28148
28153
28157
28163
28168
28169
28170
28171
28173
28177
28178
28182
28183
28187
28188
28209
28214
28229
28233
28237
28239
28241
28243
28246
28253
28258
28259
28262
28264
28271
28273
28275
28277
28278
28284
28300
28309
28312
28316
28323
28330
28334
28338
28341
28349
28351
28355
28356
28359
28360
28361
28363
28375
28377
28384
28385
28386
28389
28393
28395
28398
28399
28400
28403
28408
28412
28414
28416
28426
28428
28435
28438
28448
28449
28452
28459
28467
28471
28476
28481
28482
28488
28490
28494
28499
28500
28504
28509
28511
28512
28515
28516
28517
28522
28523
28525
28526
28527
28529
28534
28539
28540
28546
28549
28553
28554
28556
28558
28560
28561
28564
28566
28567
28571
28572
28574
28582
28584
28585
28587
28589
28590
28592
28601
28603
28605
28607
28613
28618
28623
28625
28626
28629
28631
28636
28642
28646
28648
28650
28651
28653
28659
28661
28662
28670
28671
28672
28674
28675
28682
28683
28686
28687
28692
28698
28704
28705
28706
28714
28721
28724
28725
28734
28735
28738
28742
28743
28746
28749
28754
28755
28757
28764
28767
28768
28771
28774
28776
28784
28788
28793
28810
28815
28817
28819
28820
28822
28825
28826
28827
28829
28832
28838
28839
28845
28846
28851
28852
28866
28870
28871
28873
28875
28881
28886
28887
28892
28894
28901
28903
28909
28910
28911
28916
28918
28921
28924
28928
28931
28932
28940
28944
28945
28947
28950
28967
28971
28982
28985
28987
28988
28990
28996
29001
29006
29007
29015
29016
29021
29026
29035
29044
29047
29048
29050
29058
29061
29063
29064
29074
29075
29076
29077
29079
29081
29082
29083
29085
29088
29090
29098
29099
29100
29107
29111
29118
29120
29121
29128
29137
29142
29143
29144
29145
29152
29154
29156
29157
29163
29164
29168
29171
29172
29174
29177
29180
29182
29189
29193
29195
29197
29202
29204
29210
29215
29219
29220
29223
29226
29234
29244
29245
29247
29256
29258
29259
29260
29261
29267
29273
29274
29279
29282
29283
29284
29285
29286
29289
29291
29292
29302
29304
29320
29321
29323
29327
29333
29336
29344
29355
29358
29361
29363
29364
29366
29367
29374
29375
29376
29378
29379
29382
29384
29386
29390
29394
29396
29397
29401
29408
29411
29412
29416
29419
29429
29431
29432
29442
29444
29446
29449
29451
29453
29457
29462
29469
29472
29473
29482
29485
29486
29487
29490
29494
29497
29498
29502
29503
29504
29507
29511
29514
29520
29533
29536
29537
29539
29540
29543
29544
29547
29556
29560
29561
29562
29565
29570
29579
29580
29583
29588
29589
29590
29592
29597
29598
29603
29605
29606
29612
29616
29617
29618
29620
29622
29623
29626
29627
29630
29633
29635
29639
29640
29650
29651
29652
29655
29661
29662
29666
29668
29672
29673
29680
29690
29694
29696
29697
29701
29703
29706
29710
29711
29715
29716
29720
29721
29722
29731
29736
29739
29743
29748
29752
29756
29761
29762
29766
29769
29778
29783
29789
29790
29794
29795
29797
29799
29807
29817
29819
29825
29828
29829
29830
29836
29842
29844
29847
29849
29852
29854
29858
29860
29863
29865
29867
29870
29879
29881
29885
29890
29893
29894
29896
29901
29909
29920
29927
29929
29930
29931
29936
29939
29941
29943
29950
29953
29956
29957
29958
29962
29969
29977
29989
29998
30000
30004
30009
30017
30020
30035
30043
30048
30050
30053
30068
30069
30072
30084
30087
30090
30098
30111
30114
30124
30125
30130
30142
30145
30149
30151
30173
30177
30193
30195
30197
30206
30209
30213
30217
30220
30224
30227
30228
30241
30244
30247
30249
30250
30261
30271
30283
30291
30296
30299
30300
30315
30318
30320
30327
30330
30334
30344
30368
30370
30371
30372
30373
30374
30375
30383
30409
30412
30418
30425
30437
30448
30449
30460
30461
30462
30464
30465
30472
30485
30494
30500
30508
30512
30517
30528
30529
30532
30539
30543
30558
30561
30562
30567
30575
30577
30578
30581
30594
30601
30612
30615
30632
30641
30646
30650
30653
30654
30656
30660
30661
30665
30673
30676
30678
30681
30685
30689
30697
30705
30714
30718
30719
30728
30730
30736
30743
30745
30746
30755
30758
30761
30765
30767
30768
30773
30776
30784
30785
30788
30789
30791
30796
30803
30809
30810
30832
30836
30848
30852
30853
30859
30861
30863
30864
30865
30873
30876
30885
30890
30893
30905
30906
30918
30921
30931
30933
30937
30947
30950
30951
30953
30957
30960
30967
30972
30977
30982
30989
30998
31001
31002
31010
31011
31013
31014
31019
31024
31040
31042
31048
31055
31065
31066
31074
31080
31084
31091
31093
31101
31103
31109
31111
31112
31114
31121
31124
31125
31130
31133
31135
31138
31142
31145
31146
31160
31165
31168
31170
31175
31180
31191
31195
31197
31198
31201
31208
31209
31217
31218
31219
31222
31228
31237
31241
31249
31254
31265
31271
31278
31280
31291
31292
31295
31296
31297
31298
31302
31308
31314
31315
31323
31332
31340
31344
31345
31347
31360
31362
31371
31375
31381
31393
31395
31396
31400
31401
31406
31414
31436
31454
31456
31459
31477
31486
31487
31488
31500
31507
31509
31512
31521
31529
31530
31538
31539
31548
31549
31561
31562
31563
31570
31571
31575
31577
31579
31589
31592
31593
31594
31602
31618
31620
31621
31626
31627
31628
31630
31632
31636
31641
31642
31649
31653
31658
31665
31676
31677
31678
31689
31692
31696
31697
31707
31708
31711
31718
31725
31739
31740
31744
31761
31764
31766
31770
31772
31775
31776
31784
31785
31788
31791
31804
31805
31807
31809
31813
31834
31837
31839
31842
31844
31855
31857
31863
31880
31883
31887
31896
31898
31907
31914
31919
31921
31926
31935
31937
31952
31953
31954
31956
31957
31961
31968
31971
31981
31983
31985
31986
31990
31994
31997
32001
32004
32018
32021
32024
32036
32037
32046
32048
32058
32069
32071
32073
32074
32075
32086
32087
32092
32099
32102
32119
32127
32130
32131
32148
32157
32167
32169
32175
32176
32183
32184
32186
32187
32190
32191
32196
32199
32210
32215
32222
32228
32233
32235
32241
32242
32245
32246
32247
32250
32260
32266
32273
32275
32278
32280
32282
32284
32285
32287
32293
32302
32303
32304
32306
32307
32312
32315
32325
32326
32332
32337
32342
32349
32354
32355
32362
32367
32375
32385
32390
32393
32394
32395
32396
32398
32403
32407
32410
32431
32434
32435
32443
32453
32456
32459
32462
32465
32473
32474
32478
32483
32484
32494
32498
32501
32503
32506
32510
32514
32517
32523
32532
32544
32550
32559
32561
32562
32564
32565
32585
32587
32588
32589
32598
32602
32609
32610
32611
32612
32615
32627
32636
32637
32642
32650
32653
32659
32675
32677
32682
32683
32689
32693
32700
32705
32709
32713
32735
32736
32743
32760
32763
32764
32773
32774
32775
32777
32778
32780
32784
32787
32789
32813
32816
32824
32827
32828
32842
32849
32850
32860
32862
32863
32869
32876
32890
32894
32903
32906
32910
32915
32916
32926
32927
32929
32932
32948
32949
32951
32954
32957
32963
32968
32970
32971
32973
32982
32983
32991
32996
32997
32998
33009
33012
33023
33027
33028
33030
33033
33035
33041
33044
33050
33051
33053
33055
33058
33059
33061
33063
33064
33065
33071
33072
33078
33079
33084
33087
33097
33105
33114
33120
33126
33127
33128
33129
33131
33133
33135
33142
33144
33146
33148
33156
33165
33168
33182
33196
33197
33199
33201
33205
33210
33211
33212
33213
33218
33223
33229
33247
33249
33260
33268
33272
33277
33283
33291
33292
33295
33296
33301
33315
33320
33323
33324
33334
33341
33352
33355
33357
33358
33363
33365
33366
33378
33381
33384
33385
33386
33393
33398
33411
33438
33440
33445
33452
33464
33468
33473
33481
33498
33503
33504
33506
33513
33518
33522
33526
33532
33548
33552
33553
33557
33560
33565
33572
33585
33605
33607
33608
33611
33616
33626
33629
33640
33645
33647
33656
33659
33669
33682
33691
33694
33695
33696
33699
33704
33710
33712
33716
33717
33718
33720
33727
33730
33736
33737
33741
33743
33752
33770
33772
33779
33780
33781
33789
33802
33804
33806
33809
33810
33815
33822
33832
33838
33842
33843
33844
33846
33860
33867
33870
33875
33878
33879
33883
33886
33888
33892
33895
33896
33904
33915
33926
33927
33929
33931
33933
33936
33941
33942
33946
33947
33951
33955
33959
33962
33963
33964
33967
33969
33972
33986
33988
33991
33992
33994
33999
34000
34003
34013
34016
34017
34018
34028
34031
34039
34040
34045
34056
34059
34063
34071
34076
34077
34088
34089
34091
34094
34097
34104
34105
34111
34123
34125
34127
34136
34138
34140
34145
34147
34160
34161
34176
34185
34192
34195
34197
34199
34203
34208
34210
34216
34217
34224
34226
34229
34232
34249
34251
34252
34261
34264
34265
34271
34274
34280
34283
34286
34293
34299
34306
34314
34316
34319
34324
34326
34327
34334
34350
34352
34353
34362
34365
34373
34378
34379
34385
34386
34394
34395
34408
34413
34420
34421
34424
34432
34434
34453
34461
34465
34473
34483
34487
34488
34492
34493
34494
34496
34499
34501
34502
34505
34506
34512
34513
34521
34525
34526
34535
34546
34550
34551
34552
34554
34557
34561
34565
34568
34572
34574
34577
34579
34591
34592
34593
34599
34602
34616
34621
34622
34628
34639
34640
34641
34647
34648
34650
34655
34662
34663
34668
34670
34674
34676
34680
34681
34691
34694
34702
34711
34719
34721
34724
34726
34727
34729
34733
34735
34741
34748
34752
34772
34776
34779
34782
34793
34812
34815
34826
34827
34833
34839
34864
34870
34873
34885
34895
34896
34905
34910
34919
34927
34928
34930
34932
34936
34942
34952
34966
34968
34969
34970
34978
34980
34984
34993
34998
35001
35004
35005
35020
35027
35046
35050
35054
35056
35063
35066
35067
35070
35074
35078
35080
35081
35083
35084
35085
35092
35093
35096
35097
35103
35109
35114
35126
35137
35139
35142
35151
35152
35155
35156
35166
35167
35170
35181
35183
35194
35197
35210
35215
35230
35249
35257
35258
35262
35270
35274
35275
35281
35301
35308
35309
35311
35313
35326
35327
35336
35340
35346
35347
35350
35352
35363
35366
35367
35368
35377
35378
35380
35388
35392
35396
35408
35409
35416
35419
35424
35429
35430
35432
35434
35438
35441
35443
35448
35449
35456
35464
35466
35471
35477
35492
35498
35508
35509
35514
35517
35518
35520
35526
35534
35535
35537
35543
35552
35556
35567
35568
35569
35574
35576
35577
35579
35595
35597
35606
35613
35618
35621
35624
35628
35635
35636
35651
35655
35656
35666
35671
35674
35677
35678
35680
35681
35701
35705
35708
35709
35711
35719
35723
35724
35729
35733
35744
35746
35760
35768
35791
35807
35809
35811
35820
35837
35839
35841
35848
35851
35855
35877
35889
35899
35902
35909
35912
35933
35940
35947
35953
35957
35958
35961
35969
35973
35981
35985
35986
35989
35990
35991
35999
36002
36006
36014
36025
36030
36033
36034
36037
36046
36047
36068
36075
36107
36110
36112
36117
36119
36122
36129
36132
36136
36137
36140
36146
36150
36156
36159
36164
36166
36187
36195
36214
36228
36233
36235
36252
36257
36259
36261
36262
36265
36267
36274
36280
36284
36291
36292
36293
36295
36314
36316
36327
36329
36334
36335
36336
36342
36356
36360
36363
36372
36376
36377
36394
36399
36405
36406
36409
36413
36414
36416
36419
36423
36425
36426
36427
36433
36435
36438
36447
36449
36450
36458
36462
36466
36481
36489
36491
36493
36504
36512
36513
36515
36518
36519
36531
36535
36540
36548
36560
36568
36575
36581
36587
36605
36606
36611
36633
36634
36636
36638
36639
36640
36642
36643
36644
36651
36654
36655
36657
36659
36663
36665
36667
36687
36696
36703
36706
36708
36710
36712
36715
36716
36722
36725
36740
36743
36745
36750
36751
36756
36757
36759
36784
36787
36790
36791
36800
36803
36807
36815
36819
36823
36826
36828
36829
36832
36834
36840
36846
36852
36854
36856
36863
36866
36869
36873
36875
36885
36888
36891
36893
36895
36899
36900
36903
36905
36912
36917
36918
36921
36925
36926
36927
36943
36961
36963
36965
36967
36980
36982
36992
36993
37004
37010
37011
37018
37021
37027
37038
37049
37050
37054
37057
37059
37060
37062
37069
37074
37075
37076
37080
37088
37091
37092
37096
37101
37108
37115
37125
37130
37132
37133
37142
37145
37149
37156
37157
37162
37166
37167
37174
37175
37176
37180
37184
37187
37196
37205
37207
37220
37223
37224
37230
37234
37236
37239
37258
37263
37265
37269
37277
37286
37288
37289
37291
37292
37293
37296
37316
37329
37332
37335
37349
37353
37367
37369
37373
37378
37380
37386
37399
37400
37408
37415
37422
37434
37435
37440
37441
37443
37448
37449
37453
37474
37476
37481
37482
37487
37489
37501
37504
37506
37507
37508
37527
37536
37548
37551
37553
37558
37560
37563
37564
37565
37567
37569
37572
37579
37581
37590
37592
37593
37597
37600
37610
37620
37622
37625
37626
37628
37630
37637
37639
37641
37652
37655
37660
37664
37667
37671
37679
37690
37695
37719
37721
37725
37729
37736
37752
37758
37760
37774
37777
37779
37781
37782
37784
37788
37798
37813
37836
37838
37839
37842
37847
37852
37859
37871
37879
37880
37883
37886
37892
37900
37901
37908
37910
37912
37914
37916
37919
37921
37928
37934
37942
37955
37959
37977
37978
37988
38004
38005
38008
38009
38010
38012
38017
38018
38020
38022
38026
38029
38030
38031
38037
38038
38039
38042
38044
38048
38050
38060
38061
38065
38072
38082
38092
38094
38096
38101
38107
38111
38124
38126
38130
38133
38137
38138
38143
38144
38158
38160
38166
38180
38211
38215
38221
38223
38227
38229
38230
38232
38233
38238
38255
38260
38271
38272
38279
38288
38289
38296
38307
38314
38317
38322
38327
38329
38330
38331
38334
38341
38351
38353
38359
38364
38369
38373
38375
38377
38379
38392
38394
38400
38418
38419
38422
38425
38432
38434
38435
38456
38462
38465
38471
38474
38482
38492
38493
38494
38507
38511
38514
38523
38524
38546
38558
38563
38573
38584
38588
38594
38595
38598
38599
38605
38608
38609
38613
38625
38627
38631
38634
38638
38639
38641
38653
38668
38669
38671
38683
38684
38685
38686
38694
38703
38710
38725
38750
38752
38768
38769
38789
38797
38804
38805
38808
38823
38827
38836
38840
38842
38845
38846
38847
38848
38850
38854
38858
38864
38869
38870
38874
38884
38886
38892
38895
38903
38905
38913
38914
38924
38927
38935
38937
38939
38957
38958
38963
38967
38974
38990
38991
38995
39001
39014
39017
39019
39022
39023
39032
39041
39044
39046
39047
39058
39061
39069
39079
39080
39084
39091
39098
39099
39104
39105
39120
39121
39125
39141
39152
39158
39166
39168
39170
39179
39193
39206
39211
39213
39241
39246
39247
39260
39264
39267
39283
39284
39286
39297
39305
39311
39316
39325
39329
39336
39339
39344
39349
39352
39353
39355
39358
39361
39362
39383
39390
39398
39399
39415
39419
39424
39433
39437
39439
39441
39446
39447
39464
39478
39480
39483
39488
39497
39503
39504
39512
39522
39523
39525
39532
39535
39541
39543
39545
39547
39555
39564
39572
39575
39589
39608
39609
39617
39619
39620
39624
39633
39634
39636
39642
39643
39648
39660
39676
39677
39686
39696
39699
39700
39712
39714
39718
39721
39727
39732
39733
39737
39739
39745
39746
39748
39750
39751
39760
39761
39762
39763
39764
39770
39772
39776
39788
39789
39797
39806
39816
39817
39819
39821
39841
39848
39857
39858
39859
39862
39864
39880
39885
39890
39892
39894
39903
39904
39909
39910
39913
39917
39934
39945
39946
39952
39964
39965
39968
39976
39981
39983
39999
40008
40024
40043
40048
40050
40084
40087
40092
40112
40131
40159
40160
40169
40185
40203
40208
40224
40225
40226
40236
40237
40247
40249
40255
40260
40312
40326
40327
40328
40344
40352
40355
40359
40373
40376
40378
40379
40383
40394
40407
40410
40429
40430
40435
40450
40468
40477
40491
40498
40511
40523
40535
40538
40544
40548
40551
40564
40581
40594
40607
40627
40628
40642
40654
40659
40667
40678
40683
40692
40744
40782
40797
40806
40831
40837
40845
40850
40855
40858
40864
40881
40883
40885
40888
40908
40909
40921
40933
40943
40954
40958
40959
40965
40980
40982
40989
40991
41002
41006
41015
41017
41018
41038
41039
41046
41047
41075
41078
41096
41114
41130
41140
41167
41168
41176
41209
41212
41218
41236
41247
41254
41260
41261
41265
41266
41286
41289
41314
41315
41318
41321
41361
41365
41367
41370
41381
41386
41387
41392
41396
41403
41414
41415
41444
41461
41478
41479
41486
41498
41505
41513
41522
41525
41537
41562
41568
41586
41601
41610
41618
41624
41629
41631
41635
41659
41666
41682
41691
41694
41722
41727
41731
41751
41757
41762
41784
41787
41800
41818
41825
41831
41832
41840
41851
41864
41871
41873
41922
41935
41937
41942
41944
41963
41973
41978
41995
41998
42003
42032
42038
42045
42061
42082
42106
42134
42156
42171
42172
42185
42192
42197
42215
42229
42235
42236
42245
42247
42252
42267
42270
42273
42282
42329
42331
42346
42347
42348
42369
42376
42383
42384
42390
42391
42401
42411
42413
42429
42436
42440
42465
42519
42522
42531
42533
42566
42570
42600
42614
42636
42642
42656
42664
42668
42681
42716
42720
42748
42751
42766
42773
42798
42799
42800
42816
42817
42843
42856
42868
42870
42871
42875
42887
42890
42907
42915
42917
42919
42924
42929
42945
42952
42957
42958
42962
42964
42968
42977
42980
43013
43046
43057
43092
43094
43131
43136
43159
43161
43187
43190
43222
43242
43255
43296
43313
43331
43333
43340
43358
43377
43380
43384
43385
43391
43412
43414
43428
43430
43431
43442
43447
43456
43478
43483
43494
43512
43514
43516
43520
43524
43537
43559
43560
43568
43585
43624
43625
43627
43647
43652
43654
43672
43681
43695
43701
43717
43718
43720
43726
43745
43747
43768
43776
43796
43800
43803
43810
43814
43821
43842
43845
43856
43859
43865
43867
43881
43882
43901
43919
43954
43961
43967
43974
43977
43984
43989
44022
44038
44077
44081
44082
44088
44093
44106
44117
44171
44178
44191
44192
44214
44228
44234
44244
44269
44270
44274
44285
44289
44293
44303
44314
44317
44318
44326
44329
44342
44344
44396
44413
44429
44435
44447
44451
44455
44489
44518
44525
44535
44547
44559
44569
44596
44627
44628
44631
44653
44662
44668
44677
44681
44683
44708
44721
44735
44760
44770
44792
44801
44817
44818
44822
44823
44853
44854
44872
44886
44890
44905
44914
44921
44937
44970
44971
44975
44991
45005
45014
45027
45032
45119
45136
45138
45149
45161
45166
45171
45182
45187
45189
45193
45204
45205
45213
45221
45234
45241
45242
45252
45254
45262
45281
45287
45290
45300
45302
45305
45307
45336
45341
45347
45349
45376
45390
45412
45416
45427
45440
45442
45444
45446
45450
45454
45461
45482
45486
45515
45526
45554
45555
45558
45568
45575
45588
45591
45609
45611
45627
45632
45634
45635
45651
45652
45672
45676
45679
45690
45700
45701
45708
45719
45724
45738
45744
45747
45761
45777
45799
45817
45820
45821
45823
45827
45842
45844
45858
45869
45883
45886
45891
45892
45910
45923
45956
45958
45972
45977
45986
45988
45994
46014
46025
46037
46038
46091
46095
46132
46138
46144
46154
46158
46165
46167
46175
46176
46189
46216
46240
46243
46245
46250
46262
46276
46283
46293
46297
46303
46311
46316
46317
46345
46362
46370
46374
46393
46398
46402
46404
46416
46417
46423
46424
46426
46438
46443
46456
46474
46490
46497
46512
46527
46549
46585
46600
46605
46627
46641
46649
46656
46672
46681
46701
46704
46719
46721
46727
46738
46767
46805
46823
46841
46843
46848
46851
46856
46871
46880
46895
46897
46908
46920
46927
46950
46952
46965
46994
47003
47016
47040
47048
47052
47054
47055
47056
47060
47063
47070
47072
47074
47079
47095
47105
47110
47113
47115
47120
47129
47144
47147
47184
47201
47212
47227
47242
47259
47286
47287
47303
47304
47305
47317
47331
47342
47360
47363
47374
47386
47387
47389
47400
47406
47418
47422
47426
47432
47437
47439
47452
47455
47462
47476
47477
47485
47491
47493
47497
47502
47503
47518
47548
47550
47552
47555
47559
47562
47566
47578
47579
47585
47586
47587
47597
47610
47611
47635
47640
47643
47648
47685
47699
47704
47705
47710
47713
47716
47748
47780
47789
47794
47807
47813
47816
47817
47842
47857
47859
47866
47870
47873
47891
47897
47906
47909
47917
47958
48002
48003
48023
48035
48037
48046
48077
48088
48096
48103
48108
48112
48116
48149
48156
48163
48169
48173
48174
48180
48181
48206
48210
48239
48241
48250
48259
48278
48279
48291
48304
48305
48315
48319
48325
48334
48347
48348
48353
48364
48381
48384
48390
48402
48411
48412
48416
48422
48455
48458
48479
48483
48491
48505
48510
48511
48514
48516
48528
48539
48546
48563
48576
48589
48590
48594
48595
48596
48607
48620
48623
48637
48646
48648
48650
48656
48663
48670
48673
48686
48687
48692
48699
48717
48722
48736
48737
48752
48778
48784
48792
48814
48859
48860
48865
48881
48886
48898
48909
48925
48928
48948
48952
48956
48961
48967
48971
48988
48994
48998
49024
49032
49033
49034
49037
49045
49059
49079
49080
49083
49088
49094
49095
49098
49105
49109
49112
49127
49147
49150
49153
49158
49161
49162
49171
49177
49192
49197
49200
49201
49210
49226
49230
49232
49247
49248
49251
49253
49254
49260
49272
49274
49275
49284
49290
49297
49304
49319
49320
49323
49357
49361
49363
49376
49385
49403
49434
49459
49460
49461
49471
49472
49476
49488
49490
49494
49518
49523
49535
49542
49550
49553
49554
49559
49579
49581
49583
49584
49589
49595
49622
49625
49643
49644
49655
49663
49691
49697
49711
49717
49736
49747
49781
49808
49817
49823
49824
49834
49843
49860
49861
49870
49877
49897
49909
49911
49922
49924
49941
49942
49964
49968
49978
49985
49987
