4
6
8
11
12
16
21
22
31
38
49
55
56
58
64
66
68
69
76
81
84
88
96
98
100
104
105
106
111
120
123
124
128
130
133
134
136
137
147
148
155
157
159
161
164
166
169
175
176
177
180
186
187
199
202
203
204
205
210
212
213
215
216
219
222
223
225
228
229
230
231
248
250
253
254
255
256
262
263
265
266
271
272
276
279
290
299
310
312
317
320
322
326
330
331
334
335
340
345
348
351
353
356
358
364
375
376
377
382
385
387
389
390
391
397
401
402
404
405
414
424
425
428
429
431
441
448
455
460
462
465
466
468
473
474
481
482
488
489
490
506
512
518
520
523
524
525
528
530
531
537
538
548
550
556
558
564
565
580
584
588
591
593
604
606
612
614
615
616
617
624
630
632
634
641
642
643
645
646
649
652
654
656
657
660
669
677
678
680
682
691
694
700
702
703
704
705
707
708
710
711
712
713
715
717
720
732
747
751
752
755
759
773
775
776
779
780
782
790
793
794
796
799
802
803
808
809
811
813
815
816
819
826
827
831
832
834
835
837
840
841
842
843
846
849
852
854
858
859
862
869
876
880
887
888
889
890
904
912
913
914
916
920
934
935
943
945
961
965
966
967
969
973
977
982
986
990
1001
1002
1005
1006
1013
1016
1019
1022
1027
1028
1030
1031
1032
1033
1034
1035
1042
1045
1047
1048
1055
1059
1061
1063
1072
1074
1086
1089
1098
1099
1101
1104
1106
1109
1111
1114
1117
1119
1130
1134
1151
1153
1157
1159
1172
1177
1180
1187
1189
1192
1193
1198
1199
1201
1202
1209
1211
1217
1220
1221
1223
1224
1230
1232
1234
1236
1237
1238
1239
1245
1246
1247
1248
1250
1253
1254
1255
1257
1258
1259
1260
1267
1281
1282
1290
1297
1300
1301
1302
1303
1308
1310
1321
1322
1323
1325
1326
1327
1328
1334
1341
1343
1344
1347
1349
1351
1357
1360
1363
1369
1373
1375
1384
1385
1387
1389
1392
1396
1397
1401
1405
1406
1407
1412
1416
1421
1423
1424
1428
1429
1436
1437
1442
1446
1456
1457
1475
1488
1489
1490
1497
1501
1504
1512
1513
1518
1526
1530
1533
1534
1537
1542
1543
1545
1546
1547
1550
1552
1555
1558
1560
1561
1568
1572
1574
1575
1581
1582
1583
1586
1588
1589
1594
1598
1601
1606
1612
1616
1617
1619
1625
1626
1628
1635
1637
1638
1641
1646
1647
1648
1659
1666
1669
1675
1679
1684
1686
1688
1689
1695
1696
1702
1704
1705
1713
1721
1724
1732
1735
1736
1740
1742
1745
1747
1752
1753
1756
1763
1765
1769
1772
1774
1775
1779
1789
1791
1792
1793
1794
1800
1805
1806
1807
1809
1814
1822
1823
1830
1836
1838
1842
1848
1849
1852
1857
1858
1864
1872
1876
1879
1882
1885
1896
1900
1903
1904
1908
1918
1919
1943
1945
1947
1948
1950
1951
1952
1953
1956
1965
1970
1973
1974
1985
1986
1989
1991
1994
1999
2001
2003
2007
2009
2012
2015
2021
2023
2026
2030
2035
2039
2045
2047
2048
2053
2057
2061
2063
2067
2068
2070
2071
2072
2075
2079
2094
2097
2104
2106
2114
2121
2122
2124
2127
2128
2130
2142
2146
2149
2150
2153
2157
2162
2164
2165
2167
2170
2171
2182
2187
2188
2190
2191
2197
2203
2207
2209
2212
2216
2217
2219
2220
2221
2232
2239
2240
2243
2244
2245
2246
2255
2256
2257
2258
2260
2265
2268
2274
2276
2277
2278
2285
2290
2293
2297
2303
2306
2309
2312
2313
2314
2315
2319
2329
2330
2331
2332
2337
2342
2344
2347
2348
2352
2354
2357
2358
2360
2362
2363
2364
2370
2372
2374
2377
2380
2382
2388
2393
2398
2401
2406
2407
2408
2410
2418
2425
2427
2445
2448
2451
2460
2462
2463
2465
2474
2477
2478
2485
2488
2496
2498
2499
2503
2508
2509
2510
2511
2512
2519
2523
2525
2534
2542
2547
2549
2552
2555
2557
2559
2560
2563
2567
2569
2570
2577
2582
2584
2587
2588
2590
2591
2594
2595
2604
2608
2610
2614
2623
2625
2629
2632
2633
2634
2635
2637
2638
2644
2646
2648
2650
2655
2658
2665
2673
2678
2679
2681
2682
2683
2684
2696
2699
2700
2709
2718
2721
2724
2729
2730
2731
2732
2734
2736
2739
2742
2743
2745
2746
2747
2751
2754
2760
2765
2767
2774
2775
2782
2783
2793
2794
2795
2796
2797
2798
2799
2804
2805
2810
2818
2834
2836
2840
2843
2845
2851
2852
2853
2854
2856
2859
2875
2876
2878
2880
2881
2885
2887
2889
2894
2899
2901
2907
2914
2919
2921
2926
2929
2933
2942
2948
2951
2956
2957
2958
2960
2975
2976
2977
2979
2981
2983
2985
2988
2989
2990
2996
2997
3000
3001
3003
3006
3012
3016
3024
3030
3033
3035
3036
3037
3039
3041
3043
3047
3048
3053
3057
3058
3062
3063
3064
3073
3078
3079
3083
3084
3091
3092
3094
3098
3100
3101
3106
3109
3112
3117
3119
3121
3123
3124
3126
3130
3131
3133
3137
3138
3140
3148
3150
3153
3157
3159
3160
3161
3163
3164
3171
3184
3187
3198
3200
3202
3203
3206
3208
3209
3211
3212
3224
3225
3227
3231
3232
3241
3248
3252
3258
3266
3273
3274
3283
3284
3292
3301
3302
3304
3309
3314
3320
3324
3326
3328
3329
3337
3343
3353
3366
3370
3373
3376
3380
3381
3389
3390
3393
3400
3404
3406
3407
3411
3412
3417
3426
3430
3434
3436
3439
3441
3442
3443
3449
3457
3462
3464
3467
3475
3480
3484
3497
3500
3506
3507
3514
3525
3535
3537
3543
3550
3559
3561
3570
3575
3576
3577
3580
3583
3585
3586
3590
3593
3596
3603
3610
3613
3615
3616
3622
3623
3627
3630
3638
3641
3644
3645
3649
3650
3655
3659
3662
3666
3670
3675
3678
3680
3681
3683
3684
3685
3688
3689
3695
3698
3701
3704
3708
3711
3723
3724
3727
3730
3734
3740
3749
3751
3756
3760
3762
3763
3764
3765
3769
3770
3777
3778
3781
3782
3783
3789
3791
3795
3807
3812
3818
3821
3824
3826
3827
3832
3842
3843
3844
3852
3856
3857
3865
3866
3868
3872
3887
3895
3899
3908
3911
3912
3916
3917
3918
3919
3921
3923
3926
3929
3935
3936
3938
3948
3950
3951
3958
3965
3975
3977
3980
3986
3994
3996
3999
4002
4003
4004
4009
4010
4011
4012
4015
4018
4019
4020
4021
4025
4034
4035
4036
4039
4042
4045
4048
4052
4058
4061
4065
4072
4073
4074
4075
4078
4082
4090
4094
4104
4106
4107
4111
4115
4116
4118
4136
4137
4139
4140
4141
4142
4148
4151
4164
4171
4175
4176
4184
4187
4189
4190
4195
4197
4198
4200
4203
4205
4208
4209
4212
4217
4219
4223
4224
4227
4231
4237
4240
4246
4252
4253
4255
4256
4260
4262
4270
4271
4276
4278
4280
4281
4283
4287
4289
4290
4292
4293
4294
4297
4301
4302
4303
4308
4311
4313
4323
4328
4343
4345
4351
4352
4360
4364
4368
4373
4375
4376
4382
4385
4387
4394
4398
4400
4404
4405
4409
4413
4415
4418
4425
4428
4434
4437
4439
4441
4445
4447
4449
4454
4456
4457
4466
4470
4473
4481
4482
4483
4485
4489
4493
4496
4497
4501
4509
4514
4516
4518
4528
4533
4536
4538
4540
4541
4548
4551
4554
4558
4559
4562
4570
4578
4580
4581
4582
4584
4586
4590
4603
4606
4610
4611
4612
4613
4616
4621
4622
4623
4624
4626
4627
4630
4633
4636
4640
4642
4648
4652
4658
4662
4666
4670
4671
4682
4684
4697
4698
4707
4712
4718
4723
4734
4741
4742
4751
4754
4756
4757
4760
4761
4763
4766
4769
4773
4775
4778
4784
4787
4788
4799
4807
4809
4812
4816
4820
4821
4824
4825
4826
4830
4832
4840
4843
4853
4869
4873
4879
4882
4885
4886
4897
4902
4903
4904
4906
4907
4911
4912
4917
4926
4940
4951
4957
4961
4962
4984
4986
4987
4998
4999
5018
5021
5037
5039
5040
5047
5049
5051
5057
5064
5077
5092
5105
5120
5131
5134
5135
5141
5149
5154
5158
5171
5173
5184
5192
5206
5228
5238
5239
5244
5256
5257
5258
5262
5264
5267
5282
5283
5295
5298
5301
5304
5305
5313
5317
5321
5322
5326
5344
5398
5399
5407
5410
5419
5432
5444
5454
5463
5471
5489
5493
5501
5508
5517
5519
5523
5526
5527
5535
5538
5542
5546
5559
5561
5567
5574
5575
5586
5606
5611
5628
5634
5637
5655
5676
5679
5691
5695
5700
5710
5714
5729
5732
5737
5773
5781
5786
5788
5789
5799
5812
5821
5829
5831
5832
5837
5840
5845
5853
5856
5877
5888
5896
5899
5901
5936
5955
5963
5968
5976
5979
5980
5987
6001
6015
6022
6035
6080
6084
6085
6086
6093
6100
6120
6121
6127
6134
6137
6148
6152
6164
6176
6182
6189
6190
6195
6207
6231
6238
6245
6261
6286
6290
6291
6302
6304
6307
6315
6320
6332
6354
6356
6361
6421
6431
6448
6454
6467
6487
6489
6500
6503
6506
6511
6529
6532
6551
6571
6592
6609
6624
6626
6637
6642
6655
6660
6663
6668
6669
6680
6689
6694
6728
6737
6738
6748
6758
6768
6770
6776
6783
6806
6818
6843
6849
6852
6854
6860
6861
6866
6876
6878
6879
6880
6885
6890
6915
6921
6926
6933
6944
6950
6957
6973
6981
6994
6997
7000
7001
7003
7028
7029
7049
7060
7074
7082
7085
7107
7111
7114
7115
7116
7129
7131
7137
7148
7149
7156
7158
7183
7219
7222
7223
7224
7233
7246
7250
7251
7254
7256
7270
7278
7290
7291
7296
7301
7314
7327
7336
7338
7366
7375
7384
7398
7419
7429
7449
7451
7453
7459
7468
7469
7479
7486
7498
7502
7520
7525
7544
7547
7551
7559
7574
7575
7591
7620
7626
7631
7636
7639
7640
7642
7656
7663
7678
7687
7697
7700
7706
7719
7737
7742
7750
7797
7808
7812
7830
7840
7850
7853
7857
7858
7861
7871
7872
7876
7888
7921
7923
7926
7932
7941
7945
7951
7954
7966
7967
7968
7972
7992
8018
8021
8031
8038
8041
8051
8080
8088
8099
8108
8122
8125
8128
8131
8134
8136
8146
8147
8154
8157
8161
8163
8169
8171
8188
8190
8196
8199
8211
8224
8231
8233
8243
8250
8256
8258
8264
8266
8272
8278
8280
8288
8304
8307
8327
8336
8341
8363
8436
8446
8475
8476
8487
8493
8498
8531
8548
8550
8559
8565
8593
8604
8610
8613
8620
8622
8627
8628
8641
8644
8647
8650
8661
8664
8677
8709
8716
8718
8720
8727
8738
8742
8772
8776
8781
8789
8814
8818
8826
8828
8843
8844
8845
8849
8850
8855
8864
8867
8873
8888
8890
8895
8908
8921
8923
8928
8940
8947
8957
8988
8990
9003
9016
9024
9029
9032
9036
9045
9068
9086
9087
9091
9102
9127
9142
9150
9161
9164
9178
9187
9189
9216
9244
9248
9250
9251
9261
9277
9281
9305
9306
9315
9316
9356
9366
9382
9385
9396
9410
9420
9426
9444
9447
9451
9453
9454
9455
9465
9470
9493
9494
9500
9505
9509
9521
9529
9541
9543
9557
9563
9568
9573
9576
9578
9583
9588
9601
9612
9628
9649
9653
9680
9703
9704
9712
9728
9734
9736
9746
9747
9748
9757
9763
9768
9801
9805
9811
9815
9820
9826
9829
9836
9853
9870
9872
9875
9886
9896
9897
9914
9924
9932
9940
9945
9946
9953
9964
9970
9994
9995
9997
10003
10004
10005
10006
10007
10008
10009
10010
10013
10015
10017
10021
10024
10026
10030
10031
10032
10033
10034
10035
10038
10044
10045
10048
10050
10051
10058
10063
10065
10066
10068
10069
10075
10079
10080
10081
10084
10086
10092
10095
10096
10097
10098
10101
10104
10110
10112
10118
10119
10123
10128
10130
10131
10133
10134
10137
10140
10146
10147
10148
10152
10153
10154
10155
10157
10159
10161
10164
10167
10171
10173
10175
10178
10180
10182
10184
10185
10186
10189
10191
10192
10196
10198
10204
10205
10206
10208
10210
10211
10213
10214
10221
10232
10236
10237
10240
10244
10246
10247
10250
10253
10256
10261
10263
10269
10270
10272
10273
10275
10278
10279
10280
10282
10292
10293
10294
10295
10296
10297
10300
10302
10303
10304
10307
10311
10313
10316
10319
10322
10324
10325
10327
10328
10331
10333
10334
10337
10348
10349
10351
10353
10354
10361
10362
10364
10367
10368
10369
10371
10373
10377
10382
10383
10389
10390
10391
10394
10399
10400
10401
10403
10404
10407
10409
10413
10417
10421
10422
10424
10427
10430
10431
10434
10435
10438
10439
10440
10446
10447
10449
10450
10452
10453
10455
10458
10460
10462
10464
10465
10466
10467
10468
10469
10472
10473
10474
10478
10481
10482
10488
10489
10491
10496
10499
10502
10505
10506
10511
10513
10514
10517
10519
10520
10523
10526
10527
10528
10532
10533
10536
10537
10538
10547
10552
10553
10554
10562
10567
10571
10574
10576
10577
10578
10580
10587
10588
10592
10595
10596
10598
10602
10606
10607
10608
10609
10610
10612
10613
10615
10618
10619
10620
10621
10622
10624
10625
10627
10629
10631
10632
10635
10637
10638
10641
10642
10643
10646
10649
10650
10651
10654
10655
10657
10658
10660
10665
10668
10669
10675
10679
10681
10682
10684
10686
10689
10691
10692
10695
10697
10700
10701
10702
10704
10706
10708
10712
10713
10715
10716
10721
10724
10726
10728
10730
10731
10732
10733
10736
10739
10740
10742
10743
10744
10746
10749
10752
10755
10758
10760
10761
10762
10764
10765
10768
10769
10773
10775
10779
10780
10781
10783
10785
10786
10788
10790
10793
10794
10797
10802
10803
10804
10805
10810
10811
10813
10815
10816
10818
10820
10823
10824
10826
10828
10836
10837
10849
10850
10854
10855
10856
10857
10861
10863
10864
10865
10874
10875
10878
10881
10883
10884
10889
10890
10893
10894
10896
10897
10902
10905
10906
10907
10911
10912
10913
10918
10920
10925
10926
10927
10929
10932
10935
10939
10945
10946
10950
10953
10964
10966
10968
10969
10972
10973
10975
10976
10980
10982
10983
10984
10986
10987
10990
10991
10992
10995
11000
11001
11002
11003
11006
11007
11016
11018
11019
11022
11024
11025
11028
11031
11033
11034
11036
11037
11038
11039
11041
11042
11044
11045
11051
11053
11054
11061
11063
11064
11065
11066
11067
11069
11070
11073
11074
11075
11076
11083
11084
11085
11094
11097
11098
11102
11103
11105
11106
11108
11113
11114
11117
11118
11120
11122
11126
11128
11129
11134
11135
11137
11140
11141
11144
11145
11146
11149
11150
11151
11153
11156
11158
11163
11164
11166
11171
11172
11174
11175
11178
11180
11181
11186
11189
11192
11193
11197
11201
11203
11205
11208
11209
11210
11211
11215
11216
11217
11218
11223
11225
11226
11227
11232
11235
11237
11238
11247
11249
11251
11252
11253
11256
11259
11261
11262
11265
11268
11269
11279
11283
11284
11287
11288
11289
11290
11292
11295
11296
11298
11300
11302
11306
11308
11315
11316
11318
11321
11322
11323
11324
11326
11328
11330
11331
11333
11335
11339
11340
11342
11343
11348
11352
11357
11359
11361
11364
11370
11372
11373
11375
11378
11380
11382
11387
11388
11390
11398
11399
11400
11401
11405
11407
11409
11411
11412
11416
11419
11422
11424
11425
11426
11432
11435
11439
11440
11443
11446
11447
11453
11456
11458
11461
11462
11463
11464
11465
11467
11476
11479
11480
11484
11486
11487
11491
11493
11494
11503
11504
11506
11509
11510
11511
11517
11521
11525
11527
11534
11542
11545
11548
11553
11554
11555
11557
11558
11561
11563
11565
11571
11573
11574
11576
11579
11580
11582
11583
11593
11595
11596
11598
11599
11601
11602
11603
11605
11608
11615
11617
11621
11624
11625
11630
11631
11633
11634
11635
11637
11642
11645
11647
11648
11650
11653
11657
11660
11661
11664
11666
11668
11669
11670
11673
11676
11682
11683
11686
11688
11694
11695
11696
11698
11700
11701
11702
11707
11708
11713
11717
11718
11723
11724
11725
11726
11729
11730
11739
11740
11741
11742
11743
11745
11746
11747
11748
11751
11754
11759
11764
11767
11769
11770
11771
11772
11773
11775
11776
11779
11781
11782
11786
11788
11790
11796
11798
11799
11802
11805
11809
11811
11813
11814
11820
11821
11823
11824
11826
11828
11829
11832
11833
11836
11837
11842
11845
11848
11849
11852
11856
11859
11860
11861
11863
11864
11865
11866
11867
11868
11870
11872
11873
11875
11876
11885
11886
11889
11890
11891
11892
11893
11894
11895
11896
11897
11899
11901
11910
11913
11917
11918
11920
11927
11929
11930
11931
11933
11935
11940
11941
11942
11945
11946
11947
11948
11950
11952
11953
11955
11956
11960
11962
11963
11964
11966
11968
11971
11978
11979
11981
11982
11983
11985
11989
11991
11992
11993
11994
11998
12001
12003
12006
12008
12011
12012
12014
12016
12017
12021
12022
12025
12026
12032
12033
12036
12039
12040
12042
12043
12044
12050
12051
12052
12054
12055
12059
12061
12063
12065
12069
12070
12076
12077
12078
12079
12082
12084
12086
12087
12088
12092
12095
12096
12098
12100
12101
12103
12105
12108
12109
12110
12113
12114
12119
12120
12121
12123
12124
12125
12127
12128
12132
12135
12136
12138
12139
12140
12141
12146
12149
12150
12155
12157
12158
12162
12164
12167
12171
12172
12174
12175
12177
12181
12184
12185
12187
12188
12190
12191
12193
12194
12197
12198
12200
12201
12202
12203
12204
12209
12211
12214
12216
12217
12218
12220
12221
12224
12225
12226
12232
12238
12241
12242
12243
12244
12245
12246
12248
12252
12256
12258
12259
12261
12264
12266
12268
12270
12272
12275
12276
12277
12279
12281
12284
12289
12291
12292
12295
12303
12305
12306
12308
12309
12314
12315
12316
12317
12318
12319
12320
12325
12326
12328
12338
12339
12340
12344
12348
12352
12357
12358
12361
12362
12363
12366
12368
12370
12371
12373
12375
12377
12378
12380
12382
12386
12389
12390
12397
12398
12399
12404
12405
12406
12409
12411
12412
12416
12417
12418
12419
12421
12423
12424
12425
12426
12429
12430
12434
12437
12438
12439
12441
12443
12444
12448
12453
12454
12456
12457
12458
12459
12461
12462
12466
12469
12470
12471
12472
12473
12474
12475
12476
12479
12482
12484
12486
12487
12489
12493
12496
12498
12500
12501
12502
12509
12510
12512
12513
12514
12515
12519
12522
12523
12529
12530
12531
12532
12533
12536
12541
12542
12543
12549
12551
12552
12555
12556
12557
12560
12563
12565
12571
12572
12574
12576
12579
12581
12583
12585
12586
12587
12590
12591
12592
12593
12595
12600
12601
12604
12605
12607
12608
12609
12610
12611
12613
12617
12620
12625
12626
12628
12629
12631
12634
12637
12638
12640
12641
12646
12647
12648
12650
12651
12653
12654
12657
12658
12660
12663
12664
12680
12682
12688
12690
12695
12698
12699
12701
12702
12703
12704
12705
12706
12712
12713
12715
12717
12718
12720
12722
12729
12731
12732
12733
12737
12741
12743
12747
12748
12750
12754
12756
12757
12758
12764
12765
12766
12767
12769
12772
12774
12775
12777
12780
12781
12784
12785
12786
12795
12796
12800
12801
12803
12807
12808
12809
12814
12819
12821
12822
12823
12826
12828
12829
12832
12833
12835
12837
12839
12841
12843
12844
12848
12853
12854
12855
12856
12858
12859
12865
12868
12871
12872
12875
12876
12877
12878
12880
12884
12886
12887
12889
12890
12894
12897
12901
12904
12908
12910
12911
12913
12915
12920
12921
12923
12924
12928
12929
12932
12936
12937
12938
12939
12940
12941
12942
12944
12947
12949
12952
12954
12955
12958
12959
12960
12962
12963
12964
12966
12969
12970
12973
12975
12976
12977
12983
12984
12986
12989
12990
12993
12994
12999
13001
13003
13004
13007
13008
13009
13010
13011
13015
13019
13020
13029
13030
13033
13036
13037
13039
13040
13042
13043
13047
13050
13053
13054
13055
13060
13061
13062
13063
13064
13070
13077
13078
13081
13082
13083
13086
13092
13094
13097
13098
13099
13100
13104
13118
13119
13120
13121
13127
13129
13130
13131
13134
13138
13140
13141
13148
13151
13152
13154
13155
13156
13157
13159
13161
13162
13165
13170
13176
13178
13179
13181
13182
13184
13185
13187
13188
13189
13191
13192
13193
13198
13204
13205
13208
13209
13211
13212
13223
13224
13225
13228
13231
13235
13238
13239
13242
13244
13245
13248
13253
13254
13255
13256
13258
13261
13265
13267
13270
13271
13272
13276
13278
13282
13283
13287
13290
13291
13293
13297
13300
13301
13305
13306
13311
13314
13315
13321
13323
13324
13325
13327
13328
13331
13332
13333
13336
13337
13339
13341
13342
13345
13348
13349
13350
13352
13355
13356
13359
13360
13362
13363
13365
13368
13371
13374
13384
13385
13386
13388
13390
13393
13395
13396
13399
13402
13404
13406
13407
13408
13410
13411
13417
13418
13420
13421
13422
13423
13425
13426
13427
13429
13434
13437
13442
13444
13445
13449
13451
13452
13458
13465
13471
13473
13475
13480
13482
13484
13486
13489
13494
13495
13499
13501
13505
13506
13510
13511
13512
13513
13515
13519
13521
13523
13525
13529
13530
13531
13535
13536
13537
13538
13540
13542
13548
13549
13553
13555
13556
13557
13558
13559
13563
13568
13569
13573
13574
13576
13577
13579
13580
13583
13586
13594
13598
13601
13602
13603
13605
13607
13612
13613
13619
13620
13621
13622
13623
13626
13628
13630
13631
13634
13638
13643
13644
13646
13652
13653
13654
13656
13658
13659
13663
13664
13668
13671
13673
13675
13681
13683
13685
13687
13688
13695
13696
13698
13699
13700
13701
13703
13704
13705
13706
13707
13709
13714
13715
13717
13718
13720
13721
13722
13723
13727
13730
13734
13735
13737
13738
13740
13741
13743
13744
13745
13746
13747
13749
13750
13751
13752
13758
13760
13762
13766
13768
13769
13770
13771
13773
13774
13777
13779
13781
13784
13786
13790
13791
13794
13796
13797
13803
13804
13805
13806
13807
13808
13816
13817
13818
13821
13823
13824
13825
13826
13827
13829
13830
13831
13833
13835
13836
13840
13843
13844
13845
13846
13849
13853
13854
13855
13858
13864
13866
13869
13870
13872
13879
13881
13883
13884
13885
13886
13887
13888
13896
13901
13902
13904
13916
13917
13919
13920
13921
13928
13931
13933
13935
13936
13938
13939
13940
13941
13943
13944
13945
13948
13952
13953
13954
13959
13963
13964
13965
13968
13970
13974
13975
13978
13980
13981
13982
13985
13989
13990
13992
13994
13996
13997
13998
14002
14005
14006
14010
14011
14013
14014
14015
14016
14021
14022
14023
14026
14028
14031
14032
14033
14036
14037
14038
14042
14043
14045
14046
14047
14064
14066
14067
14072
14073
14074
14076
14078
14082
14085
14086
14088
14090
14094
14097
14099
14101
14104
14108
14109
14112
14114
14115
14119
14120
14122
14125
14126
14127
14128
14131
14133
14134
14137
14138
14139
14141
14142
14146
14152
14155
14156
14157
14159
14162
14164
14167
14169
14171
14176
14177
14178
14181
14183
14186
14187
14189
14190
14192
14193
14194
14195
14196
14197
14199
14200
14201
14202
14203
14205
14214
14217
14221
14222
14223
14226
14232
14234
14235
14238
14239
14242
14244
14249
14251
14253
14254
14257
14259
14260
14262
14264
14270
14271
14277
14280
14284
14287
14288
14290
14294
14297
14298
14304
14305
14310
14311
14313
14314
14316
14319
14323
14326
14327
14328
14329
14330
14332
14333
14338
14341
14342
14344
14348
14351
14353
14355
14357
14358
14359
14362
14364
14365
14366
14368
14369
14373
14377
14380
14381
14383
14384
14385
14387
14388
14389
14391
14395
14396
14399
14400
14401
14404
14406
14407
14408
14409
14411
14412
14415
14416
14417
14421
14422
14424
14427
14428
14432
14433
14435
14440
14442
14443
14445
14446
14449
14450
14451
14453
14455
14458
14459
14461
14462
14464
14465
14469
14470
14473
14474
14476
14479
14480
14482
14483
14488
14491
14492
14493
14495
14499
14501
14503
14504
14510
14511
14514
14515
14520
14522
14529
14532
14534
14540
14542
14547
14548
14549
14550
14551
14555
14562
14563
14565
14567
14570
14575
14578
14581
14582
14584
14586
14587
14588
14591
14593
14594
14596
14599
14600
14601
14602
14606
14608
14609
14611
14616
14618
14621
14622
14624
14625
14627
14629
14630
14631
14633
14634
14639
14642
14645
14649
14650
14651
14652
14653
14654
14656
14659
14660
14663
14667
14669
14673
14677
14680
14683
14684
14685
14691
14693
14695
14698
14699
14700
14702
14704
14705
14707
14710
14713
14714
14715
14716
14717
14719
14720
14721
14726
14728
14730
14735
14740
14742
14746
14751
14753
14754
14764
14765
14766
14769
14770
14771
14772
14773
14779
14784
14785
14786
14789
14792
14793
14794
14795
14796
14797
14799
14800
14801
14803
14805
14806
14807
14808
14809
14813
14814
14817
14818
14822
14825
14826
14827
14828
14829
14830
14831
14833
14835
14837
14838
14839
14840
14841
14842
14843
14845
14846
14848
14853
14854
14855
14857
14859
14863
14864
14866
14872
14874
14876
14877
14879
14884
14885
14887
14889
14890
14891
14892
14896
14897
14902
14903
14906
14908
14909
14911
14914
14916
14917
14919
14926
14933
14939
14940
14941
14942
14943
14945
14948
14951
14953
14954
14956
14957
14959
14963
14965
14974
14976
14978
14979
14981
14982
14983
14985
14987
14989
14990
14991
14995
14998
14999
15003
15004
15006
15007
15009
15010
15011
15012
15014
15015
15019
15020
15021
15023
15025
15026
15027
15029
15030
15031
15032
15034
15035
15036
15037
15039
15040
15042
15043
15044
15046
15047
15048
15051
15053
15054
15056
15059
15060
15061
15062
15063
15064
15066
15068
15070
15072
15073
15075
15080
15082
15083
15084
15085
15086
15087
15088
15091
15092
15093
15094
15096
15097
15098
15099
15102
15105
15107
15109
15111
15113
15115
15116
15117
15119
15120
15121
15123
15124
15125
15126
15128
15131
15135
15137
15140
15143
15144
15145
15146
15148
15149
15151
15152
15156
15157
15158
15161
15162
15164
15170
15173
15174
15176
15178
15179
15181
15182
15183
15184
15185
15187
15188
15189
15190
15192
15194
15195
15196
15197
15198
15200
15202
15207
15209
15211
15212
15215
15216
15218
15219
15221
15223
15226
15227
15230
15231
15232
15236
15237
15240
15241
15244
15247
15248
15249
15251
15252
15254
15257
15263
15265
15267
15269
15270
15271
15273
15274
15276
15277
15278
15279
15280
15281
15287
15288
15289
15290
15291
15296
15298
15301
15303
15305
15308
15310
15311
15312
15313
15316
15317
15321
15326
15328
15330
15333
15335
15341
15343
15344
15346
15348
15350
15351
15352
15353
15354
15355
15356
15359
15361
15363
15366
15367
15369
15372
15374
15375
15376
15378
15379
15381
15384
15385
15388
15389
15390
15392
15393
15394
15395
15396
15397
15398
15402
15405
15407
15408
15409
15413
15415
15417
15418
15420
15422
15423
15424
15425
15426
15427
15429
15431
15432
15433
15436
15437
15440
15442
15444
15446
15448
15449
15450
15451
15452
15453
15454
15457
15466
15468
15470
15471
15475
15477
15478
15480
15483
15484
15486
15489
15491
15493
15494
15498
15500
15502
15503
15504
15505
15506
15507
15509
15510
15511
15512
15515
15518
15520
15521
15522
15524
15527
15528
15529
15532
15535
15537
15539
15543
15545
15547
15550
15551
15553
15555
15558
15559
15560
15561
15563
15564
15566
15567
15568
15570
15571
15574
15580
15583
15584
15586
15587
15589
15592
15593
15597
15599
15600
15601
15603
15605
15608
15609
15611
15613
15614
15616
15618
15619
15620
15622
15623
15626
15627
15628
15630
15631
15632
15633
15635
15636
15638
15640
15642
15645
15650
15652
15653
15655
15657
15658
15659
15663
15664
15666
15667
15668
15670
15672
15674
15676
15678
15679
15680
15682
15683
15684
15685
15689
15691
15692
15693
15695
15697
15700
15702
15703
15705
15706
15707
15708
15709
15711
15713
15714
15715
15721
15726
15727
15728
15729
15730
15731
15732
15736
15737
15739
15740
15741
15743
15745
15746
15749
15750
15751
15752
15754
15756
15760
15762
15763
15765
15766
15767
15768
15769
15771
15772
15773
15775
15778
15779
15780
15781
15783
15784
15785
15787
15788
15790
15792
15793
15797
15799
15801
15802
15803
15804
15805
15806
15807
15808
15809
15810
15812
15813
15814
15817
15821
15825
15826
15827
15833
15834
15839
15842
15843
15844
15845
15847
15849
15850
15854
15855
15857
15858
15860
15863
15865
15866
15867
15868
15870
15873
15876
15878
15881
15886
15889
15890
15891
15892
15893
15894
15897
15898
15899
15900
15904
15905
15908
15910
15915
15918
15923
15925
15929
15930
15931
15933
15935
15936
15937
15938
15940
15942
15943
15946
15947
15948
15949
15950
15951
15954
15955
15956
15957
15958
15959
15960
15962
15965
15967
15970
15971
15976
15978
15980
15981
15982
15983
15986
15987
15988
15990
15991
15996
15999
16002
16003
16004
16011
16012
16014
16015
16018
16019
16020
16021
16022
16023
16029
16030
16031
16037
16044
16047
16048
16049
16050
16051
16052
16053
16055
16057
16060
16061
16062
16065
16069
16070
16071
16072
16074
16075
16076
16077
16078
16081
16083
16084
16086
16088
16090
16094
16095
16096
16097
16098
16099
16100
16101
16104
16106
16109
16112
16113
16114
16116
16118
16120
16121
16122
16123
16124
16125
16130
16133
16134
16138
16139
16141
16143
16145
16149
16151
16155
16157
16160
16161
16162
16163
16164
16165
16166
16167
16169
16172
16175
16177
16178
16180
16184
16185
16187
16188
16189
16191
16192
16193
16195
16197
16198
16199
16200
16201
16203
16205
16206
16207
16210
16211
16213
16216
16217
16218
16220
16225
16227
16229
16231
16232
16234
16235
16237
16238
16239
16244
16246
16247
16249
16250
16254
16255
16257
16258
16259
16260
16261
16265
16266
16268
16272
16273
16274
16275
16276
16279
16281
16284
16287
16288
16290
16291
16292
16293
16295
16296
16297
16299
16302
16304
16308
16309
16311
16314
16316
16317
16320
16321
16324
16325
16330
16331
16332
16333
16334
16336
16338
16339
16340
16341
16342
16344
16346
16349
16353
16354
16357
16359
16360
16361
16362
16363
16364
16366
16367
16368
16371
16372
16375
16378
16379
16380
16381
16382
16383
16384
16385
16387
16390
16391
16392
16393
16394
16396
16401
16403
16404
16405
16409
16411
16414
16418
16421
16422
16425
16426
16427
16428
16429
16431
16432
16435
16436
16437
16440
16443
16446
16447
16451
16452
16454
16456
16458
16459
16461
16463
16467
16468
16469
16470
16471
16472
16473
16474
16475
16480
16481
16483
16484
16485
16487
16488
16490
16492
16493
16494
16495
16497
16498
16499
16503
16505
16507
16508
16509
16510
16512
16513
16514
16517
16519
16522
16523
16524
16528
16530
16537
16541
16542
16543
16544
16546
16548
16550
16554
16557
16558
16559
16562
16563
16564
16566
16569
16570
16572
16573
16574
16575
16578
16580
16581
16582
16585
16587
16590
16592
16595
16597
16598
16599
16603
16605
16606
16608
16609
16614
16616
16617
16621
16622
16624
16627
16630
16631
16633
16635
16638
16640
16642
16645
16647
16648
16650
16652
16654
16655
16657
16658
16660
16661
16662
16663
16665
16666
16667
16668
16669
16670
16672
16673
16675
16678
16681
16682
16684
16686
16687
16688
16689
16691
16692
16696
16697
16698
16699
16701
16702
16707
16708
16710
16712
16713
16714
16715
16716
16717
16718
16719
16722
16724
16725
16727
16729
16733
16735
16736
16737
16739
16740
16741
16742
16743
16745
16747
16748
16750
16753
16754
16756
16762
16763
16764
16765
16766
16768
16769
16770
16773
16775
16783
16786
16791
16792
16798
16799
16801
16802
16804
16805
16806
16807
16808
16811
16812
16814
16815
16816
16821
16823
16826
16828
16829
16832
16833
16835
16836
16838
16841
16842
16845
16847
16850
16851
16857
16858
16864
16868
16869
16871
16880
16882
16883
16884
16885
16886
16887
16888
16889
16892
16895
16896
16902
16904
16905
16906
16907
16912
16913
16914
16915
16919
16923
16926
16927
16928
16931
16932
16933
16935
16938
16939
16945
16946
16949
16950
16952
16955
16956
16958
16959
16961
16962
16964
16967
16969
16973
16974
16976
16977
16978
16979
16980
16984
16985
16986
16988
16990
16991
16992
16993
16995
16999
17001
17002
17003
17004
17005
17006
17009
17012
17013
17015
17016
17018
17019
17021
17022
17023
17024
17025
17028
17029
17031
17032
17034
17036
17037
17038
17040
17041
17044
17046
17047
17048
17049
17050
17052
17053
17054
17057
17061
17064
17066
17067
17068
17071
17072
17073
17074
17076
17079
17088
17089
17090
17092
17093
17099
17100
17103
17105
17107
17108
17109
17111
17115
17116
17117
17119
17124
17127
17129
17132
17134
17139
17140
17141
17142
17146
17149
17150
17151
17155
17156
17157
17159
17162
17163
17164
17165
17167
17171
17173
17177
17180
17182
17183
17184
17185
17186
17187
17189
17190
17191
17194
17195
17197
17198
17199
17201
17202
17203
17204
17207
17208
17209
17212
17214
17215
17216
17217
17221
17224
17227
17228
17230
17231
17232
17234
17238
17239
17240
17242
17243
17244
17246
17247
17248
17249
17250
17252
17253
17257
17261
17262
17264
17265
17268
17270
17271
17273
17276
17277
17278
17280
17283
17284
17289
17290
17292
17294
17295
17296
17297
17306
17307
17309
17312
17316
17318
17321
17322
17323
17324
17326
17327
17328
17329
17330
17335
17342
17345
17346
17349
17351
17352
17354
17355
17356
17359
17362
17363
17365
17366
17369
17370
17371
17372
17373
17376
17377
17378
17379
17380
17381
17385
17386
17387
17388
17389
17390
17391
17392
17393
17394
17396
17397
17398
17401
17402
17403
17404
17406
17408
17409
17410
17411
17413
17414
17415
17416
17417
17418
17424
17425
17427
17428
17431
17432
17433
17437
17440
17442
17448
17449
17450
17452
17453
17455
17459
17463
17464
17467
17468
17470
17471
17472
17473
17475
17478
17479
17480
17481
17482
17483
17484
17485
17487
17488
17490
17491
17494
17495
17498
17500
17503
17505
17507
17508
17509
17510
17511
17513
17515
17517
17518
17521
17522
17527
17528
17529
17530
17531
17534
17537
17538
17540
17541
17542
17545
17546
17547
17548
17549
17557
17558
17560
17561
17563
17564
17566
17568
17570
17571
17572
17579
17580
17581
17582
17583
17584
17585
17587
17589
17591
17592
17594
17596
17598
17599
17600
17603
17604
17605
17610
17612
17613
17614
17616
17622
17623
17625
17626
17627
17630
17631
17632
17637
17638
17640
17642
17645
17648
17649
17650
17652
17653
17655
17657
17659
17660
17663
17665
17666
17667
17668
17669
17671
17675
17676
17677
17678
17679
17683
17684
17685
17686
17689
17691
17693
17697
17699
17700
17702
17704
17706
17707
17709
17710
17712
17713
17714
17715
17719
17721
17722
17724
17725
17726
17727
17729
17733
17734
17737
17738
17739
17740
17741
17746
17748
17752
17753
17755
17756
17757
17758
17759
17760
17761
17762
17763
17764
17765
17767
17769
17770
17771
17772
17773
17774
17776
17778
17779
17780
17783
17786
17789
17793
17795
17799
17805
17808
17809
17812
17814
17816
17817
17818
17820
17821
17822
17823
17825
17827
17829
17830
17831
17834
17835
17836
17841
17846
17847
17848
17849
17850
17852
17855
17856
17857
17858
17859
17860
17861
17862
17864
17865
17868
17869
17870
17871
17875
17880
17887
17888
17891
17895
17896
17897
17898
17900
17904
17905
17909
17915
17917
17918
17919
17923
17928
17931
17932
17933
17938
17939
17940
17942
17943
17945
17946
17947
17950
17951
17952
17953
17956
17957
17958
17959
17960
17961
17963
17965
17966
17968
17970
17972
17973
17976
17978
17979
17980
17985
17986
17989
17990
17991
17994
17995
17997
17998
17999
18002
18007
18008
18009
18010
18013
18014
18015
18016
18018
18020
18023
18024
18025
18026
18027
18028
18029
18030
18031
18032
18036
18037
18038
18043
18045
18046
18048
18049
18052
18053
18056
18058
18059
18060
18063
18064
18065
18066
18067
18068
18070
18071
18073
18074
18075
18076
18079
18082
18083
18087
18088
18090
18091
18092
18094
18096
18097
18101
18102
18103
18104
18106
18108
18110
18112
18115
18116
18122
18123
18124
18125
18126
18127
18131
18132
18134
18136
18138
18141
18142
18145
18146
18147
18148
18149
18150
18151
18153
18154
18155
18157
18158
18159
18160
18161
18165
18166
18167
18168
18169
18170
18174
18175
18177
18180
18181
18183
18188
18189
18190
18193
18194
18196
18197
18198
18200
18201
18202
18206
18211
18216
18219
18221
18222
18223
18227
18228
18229
18230
18234
18235
18236
18237
18239
18241
18243
18249
18250
18251
18252
18253
18254
18255
18257
18258
18261
18262
18264
18265
18267
18268
18269
18270
18272
18275
18277
18278
18280
18282
18283
18284
18285
18287
18289
18290
18292
18295
18298
18299
18300
18301
18303
18305
18307
18309
18310
18311
18312
18317
18321
18323
18325
18326
18327
18328
18330
18333
18334
18335
18336
18337
18338
18339
18341
18344
18347
18348
18350
18356
18360
18365
18366
18368
18369
18370
18372
18373
18376
18377
18378
18379
18382
18383
18384
18386
18388
18389
18390
18391
18392
18394
18395
18396
18397
18398
18401
18404
18405
18407
18409
18412
18414
18416
18417
18421
18423
18425
18426
18427
18430
18431
18433
18435
18437
18439
18440
18441
18442
18443
18446
18447
18448
18450
18452
18453
18456
18458
18459
18461
18465
18467
18468
18470
18472
18474
18475
18476
18477
18479
18481
18483
18484
18485
18486
18488
18489
18490
18491
18495
18496
18497
18498
18501
18502
18503
18506
18507
18509
18510
18511
18512
18513
18514
18518
18520
18523
18525
18527
18528
18530
18532
18533
18534
18535
18536
18537
18540
18544
18550
18552
18554
18555
18556
18557
18559
18561
18562
18563
18567
18569
18574
18575
18579
18580
18583
18585
18586
18587
18589
18590
18591
18594
18595
18596
18597
18599
18603
18607
18609
18613
18616
18619
18620
18622
18627
18628
18631
18632
18637
18639
18640
18642
18643
18644
18645
18650
18653
18654
18656
18658
18662
18663
18664
18665
18667
18670
18671
18674
18675
18676
18678
18679
18680
18682
18683
18685
18687
18690
18692
18693
18694
18695
18697
18698
18699
18700
18703
18709
18712
18714
18715
18716
18717
18718
18719
18724
18725
18726
18729
18730
18731
18732
18733
18735
18737
18739
18740
18744
18745
18746
18747
18749
18752
18753
18755
18756
18759
18760
18761
18763
18765
18767
18769
18770
18775
18777
18778
18780
18782
18783
18784
18786
18787
18788
18789
18794
18799
18801
18803
18804
18805
18808
18809
18812
18813
18814
18815
18816
18817
18821
18824
18826
18827
18829
18832
18834
18835
18842
18844
18845
18847
18848
18851
18854
18855
18858
18859
18860
18862
18865
18866
18867
18868
18869
18871
18873
18876
18878
18879
18881
18882
18884
18886
18887
18888
18889
18894
18898
18899
18900
18901
18905
18909
18910
18912
18918
18923
18924
18926
18928
18930
18934
18940
18941
18942
18943
18944
18946
18947
18951
18953
18955
18957
18959
18960
18963
18965
18967
18968
18969
18971
18972
18973
18975
18978
18979
18981
18983
18985
18986
18989
18990
18992
18993
18994
18995
18997
18998
19000
19001
19002
19005
19007
19008
19012
19015
19017
19019
19020
19021
19024
19026
19027
19032
19034
19038
19039
19041
19044
19046
19048
19052
19053
19059
19062
19065
19068
19069
19070
19072
19074
19075
19076
19078
19079
19080
19081
19084
19086
19089
19091
19097
19098
19099
19101
19102
19103
19105
19106
19109
19110
19111
19112
19116
19118
19119
19121
19122
19125
19126
19127
19130
19131
19132
19133
19135
19136
19137
19138
19145
19146
19148
19150
19151
19153
19154
19156
19157
19158
19159
19161
19162
19163
19166
19167
19170
19172
19174
19175
19176
19177
19178
19180
19182
19183
19185
19188
19190
19192
19197
19200
19203
19204
19206
19207
19209
19211
19212
19214
19215
19217
19219
19220
19225
19227
19228
19229
19233
19234
19235
19236
19237
19238
19240
19241
19242
19243
19245
19251
19252
19253
19255
19256
19261
19262
19263
19265
19267
19268
19269
19270
19271
19272
19273
19274
19277
19280
19281
19283
19286
19287
19289
19290
19292
19295
19297
19298
19299
19300
19301
19304
19305
19306
19307
19308
19310
19311
19312
19314
19315
19317
19321
19322
19323
19328
19331
19332
19335
19336
19338
19341
19342
19345
19347
19349
19351
19353
19356
19357
19360
19361
19366
19370
19372
19373
19376
19377
19379
19380
19384
19390
19394
19395
19397
19399
19400
19402
19407
19409
19410
19411
19412
19415
19416
19420
19421
19422
19425
19426
19429
19430
19431
19433
19434
19435
19436
19440
19441
19442
19443
19449
19453
19459
19461
19462
19463
19464
19465
19466
19467
19468
19469
19470
19472
19474
19477
19478
19479
19480
19483
19486
19488
19489
19491
19498
19499
19500
19503
19504
19505
19506
19507
19508
19509
19511
19513
19514
19515
19517
19518
19519
19522
19524
19526
19528
19529
19530
19531
19537
19538
19539
19541
19542
19545
19546
19549
19550
19551
19554
19556
19557
19560
19562
19563
19564
19568
19573
19574
19576
19578
19579
19581
19582
19584
19586
19587
19591
19594
19595
19596
19598
19600
19603
19604
19605
19607
19609
19610
19611
19612
19613
19616
19618
19619
19620
19624
19628
19631
19633
19634
19636
19640
19642
19645
19646
19648
19651
19652
19654
19657
19658
19660
19661
19663
19664
19667
19668
19669
19673
19674
19676
19679
19682
19683
19687
19691
19692
19696
19697
19698
19699
19701
19702
19704
19707
19708
19709
19710
19711
19713
19714
19716
19720
19721
19723
19727
19729
19731
19732
19733
19734
19735
19736
19738
19740
19742
19743
19746
19749
19750
19751
19753
19754
19755
19758
19760
19763
19765
19769
19770
19771
19775
19776
19777
19779
19781
19782
19784
19785
19786
19788
19790
19792
19793
19794
19796
19801
19802
19807
19808
19811
19813
19815
19816
19817
19822
19823
19829
19830
19833
19836
19839
19841
19842
19844
19845
19848
19850
19851
19853
19854
19855
19856
19860
19861
19862
19863
19865
19867
19868
19870
19874
19875
19876
19877
19878
19879
19881
19882
19883
19884
19887
19892
19893
19894
19895
19899
19900
19902
19903
19905
19908
19909
19910
19912
19913
19914
19916
19920
19921
19923
19925
19927
19928
19929
19930
19931
19932
19933
19936
19943
19947
19948
19952
19953
19955
19956
19958
19963
19966
19969
19974
19976
19978
19980
19981
19982
19987
19989
19990
19991
19995
19998
19999
20000
20007
20012
20016
20020
20021
20024
20025
20027
20031
20032
20034
20035
20039
20044
20047
20048
20049
20050
20052
20053
20054
20055
20058
20070
20072
20080
20083
20087
20089
20092
20093
20095
20101
20102
20103
20109
20116
20122
20124
20134
20138
20140
20145
20148
20150
20154
20157
20160
20161
20162
20163
20165
20168
20169
20170
20171
20173
20174
20179
20181
20182
20184
20194
20195
20196
20199
20200
20206
20210
20212
20216
20217
20218
20222
20223
20226
20227
20230
20232
20234
20236
20239
20242
20249
20253
20258
20260
20261
20262
20265
20283
20284
20286
20288
20293
20299
20300
20301
20303
20305
20308
20309
20313
20319
20321
20322
20324
20327
20330
20339
20342
20348
20350
20354
20355
20356
20357
20360
20362
20363
20364
20369
20372
20377
20378
20380
20382
20383
20384
20391
20392
20393
20394
20404
20405
20407
20408
20409
20412
20422
20427
20431
20435
20436
20439
20442
20447
20449
20455
20457
20458
20463
20465
20466
20468
20471
20475
20476
20478
20485
20487
20492
20493
20494
20495
20498
20501
20508
20511
20512
20514
20516
20519
20525
20527
20531
20536
20539
20542
20545
20546
20547
20549
20552
20553
20554
20558
20559
20561
20566
20568
20570
20574
20576
20577
20581
20591
20593
20595
20597
20599
20600
20603
20605
20608
20610
20615
20618
20626
20628
20631
20637
20641
20644
20645
20646
20649
20651
20653
20659
20661
20662
20664
20674
20676
20678
20682
20684
20686
20689
20690
20697
20704
20710
20711
20712
20717
20719
20724
20725
20729
20730
20732
20733
20741
20746
20747
20748
20751
20754
20756
20759
20763
20765
20771
20772
20774
20779
20782
20783
20787
20789
20793
20794
20800
20802
20808
20809
20812
20814
20818
20824
20830
20833
20838
20839
20840
20842
20843
20848
20849
20855
20857
20864
20865
20867
20869
20875
20877
20881
20882
20884
20892
20906
20908
20909
20914
20926
20930
20932
20933
20936
20937
20938
20940
20942
20945
20946
20956
20959
20960
20961
20964
20969
20972
20973
20982
20986
20988
20994
20995
20996
20999
21001
21002
21009
21011
21013
21016
21021
21023
21024
21033
21034
21035
21036
21044
21047
21049
21053
21056
21057
21058
21059
21061
21063
21064
21065
21073
21079
21083
21085
21086
21088
21092
21093
21097
21099
21100
21102
21107
21114
21117
21119
21120
21121
21122
21137
21139
21148
21149
21154
21155
21158
21161
21162
21164
21168
21170
21173
21174
21179
21181
21183
21185
21186
21187
21195
21197
21199
21202
21205
21208
21210
21211
21214
21219
21224
21225
21227
21228
21230
21235
21236
21239
21241
21243
21250
21260
21261
21268
21272
21279
21281
21282
21286
21291
21293
21294
21300
21301
21303
21308
21312
21313
21315
21316
21318
21321
21322
21323
21324
21328
21335
21338
21348
21349
21350
21353
21354
21355
21356
21363
21366
21373
21374
21376
21377
21380
21382
21384
21386
21392
21395
21397
21398
21399
21400
21403
21410
21413
21414
21415
21417
21421
21422
21423
21425
21426
21429
21432
21433
21435
21436
21437
21440
21445
21446
21447
21449
21455
21457
21459
21460
21462
21470
21482
21491
21494
21497
21498
21501
21503
21516
21524
21526
21531
21536
21545
21546
21551
21552
21553
21554
21555
21560
21563
21565
21566
21567
21569
21577
21579
21581
21584
21585
21589
21590
21592
21593
21594
21598
21601
21602
21606
21608
21619
21621
21624
21628
21633
21634
21641
21647
21651
21652
21657
21658
21662
21665
21666
21668
21672
21678
21684
21690
21694
21697
21699
21701
21703
21709
21710
21720
21721
21726
21732
21733
21737
21739
21742
21743
21745
21751
21753
21757
21759
21760
21761
21762
21768
21775
21784
21785
21788
21790
21792
21793
21794
21795
21796
21804
21805
21806
21816
21819
21820
21821
21822
21824
21830
21831
21834
21835
21836
21837
21839
21841
21842
21843
21857
21860
21861
21868
21870
21882
21885
21890
21892
21900
21902
21903
21906
21908
21910
21911
21913
21919
21922
21924
21930
21933
21934
21937
21938
21944
21950
21956
21959
21963
21966
21967
21982
21990
21992
22002
22003
22004
22009
22010
22011
22012
22014
22021
22028
22030
22031
22040
22041
22042
22045
22048
22051
22052
22055
22059
22060
22061
22063
22065
22066
22070
22071
22073
22076
22077
22078
22080
22081
22082
22085
22088
22099
22103
22105
22108
22113
22114
22124
22125
22127
22128
22129
22130
22131
22132
22135
22137
22138
22140
22144
22149
22151
22158
22164
22166
22169
22172
22174
22176
22177
22179
22180
22182
22184
22192
22195
22198
22199
22200
22207
22209
22211
22214
22216
22217
22221
22223
22224
22231
22232
22233
22235
22238
22240
22245
22247
22251
22254
22256
22260
22261
22262
22264
22266
22267
22268
22277
22282
22283
22289
22291
22296
22297
22299
22301
22302
22304
22308
22309
22312
22319
22320
22322
22324
22326
22338
22340
22341
22344
22347
22349
22351
22354
22355
22356
22358
22360
22361
22364
22368
22371
22376
22381
22383
22385
22386
22387
22393
22396
22398
22403
22406
22407
22410
22411
22412
22415
22417
22420
22421
22422
22424
22425
22426
22427
22428
22433
22442
22444
22446
22448
22449
22460
22461
22462
22463
22464
22465
22469
22477
22478
22481
22483
22490
22493
22495
22496
22499
22500
22501
22505
22507
22509
22511
22515
22525
22530
22531
22534
22535
22536
22540
22541
22543
22546
22548
22549
22554
22555
22557
22558
22559
22560
22563
22567
22568
22570
22573
22574
22577
22578
22584
22586
22587
22591
22593
22597
22601
22607
22609
22610
22613
22615
22621
22622
22625
22632
22637
22638
22639
22640
22642
22645
22646
22648
22651
22652
22653
22654
22660
22666
22670
22671
22675
22682
22684
22686
22689
22691
22692
22697
22700
22702
22704
22708
22714
22715
22719
22723
22725
22726
22728
22732
22733
22740
22744
22747
22748
22754
22759
22761
22763
22765
22766
22768
22771
22776
22777
22779
22780
22781
22785
22789
22790
22798
22801
22802
22805
22807
22808
22810
22816
22823
22830
22841
22843
22844
22845
22850
22853
22859
22860
22867
22868
22870
22872
22879
22881
22885
22889
22893
22896
22897
22900
22902
22904
22906
22908
22912
22914
22915
22916
22917
22928
22930
22934
22935
22938
22939
22940
22942
22945
22952
22954
22957
22959
22961
22964
22973
22975
22978
22981
22982
22983
22984
22985
22988
22989
22991
22993
22996
22997
22998
22999
23013
23016
23019
23021
23022
23026
23030
23032
23033
23034
23035
23037
23056
23069
23071
23072
23073
23074
23077
23082
23087
23088
23089
23096
23097
23102
23105
23109
23110
23113
23114
23118
23119
23121
23126
23129
23134
23135
23136
23137
23138
23140
23142
23150
23159
23161
23166
23167
23168
23171
23172
23183
23184
23188
23190
23196
23197
23198
23202
23203
23206
23210
23215
23224
23233
23238
23239
23242
23249
23252
23254
23255
23256
23257
23260
23261
23264
23265
23269
23275
23276
23280
23286
23290
23292
23294
23298
23306
23312
23316
23321
23322
23323
23330
23334
23337
23341
23344
23346
23352
23353
23363
23367
23372
23374
23376
23378
23381
23385
23389
23391
23393
23394
23395
23401
23402
23403
23404
23406
23411
23417
23418
23424
23425
23431
23434
23435
23436
23438
23446
23450
23452
23453
23454
23455
23459
23460
23463
23465
23466
23467
23469
23471
23477
23480
23482
23483
23484
23488
23491
23492
23493
23497
23501
23502
23503
23507
23511
23517
23519
23520
23522
23530
23532
23536
23537
23541
23545
23546
23547
23548
23549
23550
23555
23558
23559
23562
23564
23565
23566
23567
23578
23584
23587
23593
23595
23601
23604
23608
23609
23612
23613
23614
23619
23622
23623
23625
23627
23629
23630
23632
23633
23635
23638
23651
23657
23660
23662
23663
23670
23672
23674
23684
23691
23698
23699
23706
23713
23715
23719
23720
23721
23722
23723
23724
23726
23734
23738
23740
23741
23744
23748
23751
23753
23755
23760
23766
23768
23770
23773
23774
23778
23780
23782
23784
23785
23786
23793
23794
23798
23803
23806
23807
23810
23812
23813
23819
23826
23827
23829
23836
23839
23844
23845
23855
23857
23860
23866
23867
23869
23877
23884
23885
23886
23897
23901
23905
23908
23912
23919
23921
23924
23925
23929
23931
23934
23937
23946
23949
23960
23962
23967
23968
23969
23971
23973
23975
23982
23984
23990
23991
23992
23993
23994
23997
23999
24000
24006
24008
24015
24019
24025
24030
24031
24032
24034
24041
24042
24043
24044
24052
24061
24062
24070
24071
24076
24081
24084
24087
24092
24102
24104
24105
24107
24110
24111
24113
24117
24118
24119
24121
24122
24123
24124
24125
24127
24128
24132
24133
24135
24136
24140
24144
24146
24147
24148
24150
24157
24159
24160
24166
24171
24172
24173
24175
24186
24187
24193
24196
24197
24198
24199
24210
24212
24218
24229
24230
24231
24232
24238
24241
24242
24254
24255
24256
24264
24266
24269
24273
24274
24276
24279
24281
24283
24285
24290
24292
24294
24295
24303
24305
24311
24314
24320
24323
24324
24329
24331
24337
24338
24340
24341
24347
24348
24351
24353
24356
24358
24359
24360
24364
24366
24368
24374
24377
24380
24382
24384
24388
24399
24408
24409
24410
24411
24413
24414
24418
24420
24421
24424
24426
24427
24430
24435
24437
24447
24450
24454
24458
24462
24471
24473
24475
24478
24479
24481
24486
24502
24503
24505
24507
24508
24518
24522
24525
24528
24538
24539
24546
24553
24554
24555
24561
24562
24563
24564
24567
24570
24572
24577
24578
24581
24582
24585
24589
24590
24591
24592
24594
24596
24601
24609
24614
24615
24616
24622
24623
24624
24625
24629
24632
24638
24641
24649
24650
24652
24656
24659
24660
24663
24666
24676
24677
24683
24686
24687
24688
24691
24692
24696
24703
24704
24705
24707
24708
24710
24717
24718
24720
24731
24734
24735
24738
24739
24744
24748
24752
24753
24755
24759
24761
24762
24765
24766
24767
24768
24771
24780
24784
24788
24794
24795
24802
24806
24808
24811
24812
24814
24816
24817
24819
24820
24825
24826
24834
24838
24842
24844
24848
24852
24856
24866
24867
24868
24869
24872
24873
24874
24878
24879
24882
24883
24890
24891
24892
24895
24898
24900
24901
24906
24907
24909
24910
24912
24913
24914
24915
24919
24920
24923
24924
24929
24930
24931
24936
24937
24938
24940
24942
24943
24947
24948
24951
24952
24953
24954
24955
24959
24960
24961
24963
24967
24972
24982
24983
24987
24989
24991
24993
24996
24998
24999
25001
25002
25005
25007
25010
25013
25016
25020
25021
25022
25026
25033
25034
25036
25038
25040
25044
25045
25048
25050
25054
25055
25060
25061
25063
25067
25068
25069
25070
25073
25074
25077
25082
25086
25090
25091
25102
25106
25108
25112
25114
25115
25118
25119
25120
25121
25125
25128
25129
25136
25137
25141
25143
25144
25146
25148
25149
25151
25153
25154
25155
25157
25160
25165
25166
25169
25170
25173
25177
25179
25180
25181
25184
25187
25189
25191
25192
25196
25197
25199
25200
25201
25202
25203
25206
25213
25216
25217
25218
25219
25220
25223
25226
25231
25234
25235
25236
25237
25240
25242
25243
25248
25249
25251
25254
25256
25258
25260
25262
25263
25264
25272
25280
25284
25285
25289
25290
25292
25296
25309
25310
25312
25314
25316
25322
25324
25326
25327
25329
25332
25334
25335
25336
25337
25341
25344
25345
25346
25350
25351
25352
25353
25355
25356
25358
25362
25370
25375
25378
25380
25382
25387
25392
25394
25398
25400
25413
25415
25417
25421
25422
25423
25431
25435
25436
25437
25440
25441
25443
25450
25452
25454
25455
25456
25458
25460
25461
25463
25467
25468
25470
25471
25473
25474
25475
25477
25478
25479
25480
25481
25483
25487
25488
25489
25495
25496
25497
25498
25502
25507
25508
25510
25511
25512
25513
25514
25516
25518
25519
25520
25527
25528
25529
25530
25531
25532
25534
25537
25540
25544
25546
25547
25548
25552
25554
25558
25559
25560
25561
25563
25565
25567
25570
25571
25572
25574
25575
25577
25580
25581
25583
25584
25587
25588
25595
25597
25598
25600
25604
25605
25606
25607
25608
25611
25612
25613
25616
25620
25621
25623
25625
25628
25629
25631
25633
25634
25635
25636
25639
25640
25645
25649
25652
25657
25658
25660
25666
25667
25669
25675
25677
25681
25686
25688
25689
25691
25694
25696
25697
25703
25705
25708
25716
25719
25721
25722
25724
25725
25727
25730
25733
25735
25736
25738
25743
25751
25753
25756
25757
25758
25759
25760
25761
25762
25764
25766
25767
25773
25774
25785
25786
25787
25788
25793
25795
25802
25806
25808
25809
25811
25816
25817
25818
25820
25821
25825
25826
25827
25828
25829
25831
25832
25833
25834
25836
25849
25851
25856
25860
25862
25863
25864
25866
25870
25874
25880
25881
25883
25885
25886
25897
25899
25901
25904
25913
25914
25915
25919
25921
25923
25927
25929
25933
25936
25940
25942
25944
25945
25946
25950
25951
25953
25955
25956
25957
25962
25967
25970
25972
25975
25976
25977
25978
25979
25981
25983
25991
25994
25995
25996
25997
25999
26000
26002
26003
26004
26010
26012
26013
26016
26017
26020
26023
26029
26033
26034
26037
26040
26044
26045
26046
26048
26049
26053
26055
26057
26058
26061
26063
26066
26067
26069
26070
26073
26074
26076
26077
26079
26084
26087
26088
26090
26092
26098
26100
26101
26103
26105
26106
26107
26108
26109
26113
26117
26119
26124
26128
26135
26137
26138
26139
26142
26144
26146
26150
26156
26157
26162
26163
26167
26170
26171
26174
26187
26188
26189
26190
26193
26196
26198
26199
26202
26208
26214
26215
26216
26217
26218
26219
26220
26224
26227
26229
26232
26233
26234
26235
26236
26238
26244
26248
26249
26253
26254
26256
26260
26262
26264
26267
26269
26270
26271
26272
26273
26275
26277
26281
26283
26284
26286
26287
26288
26289
26296
26298
26299
26301
26304
26312
26313
26319
26322
26329
26331
26333
26334
26337
26338
26339
26340
26342
26343
26344
26346
26347
26348
26349
26351
26353
26356
26358
26360
26364
26367
26370
26371
26372
26373
26378
26379
26380
26385
26391
26392
26393
26396
26399
26404
26405
26408
26409
26410
26411
26413
26415
26416
26417
26421
26429
26430
26438
26439
26440
26441
26445
26446
26447
26448
26450
26451
26453
26454
26456
26466
26468
26469
26473
26474
26475
26476
26477
26482
26484
26485
26487
26489
26490
26498
26499
26500
26505
26506
26508
26510
26511
26513
26519
26523
26528
26530
26533
26534
26535
26538
26539
26542
26548
26555
26556
26563
26565
26567
26570
26571
26576
26577
26578
26581
26582
26585
26591
26592
26595
26598
26599
26602
26605
26607
26608
26609
26610
26615
26620
26621
26623
26624
26625
26627
26628
26630
26633
26635
26638
26640
26645
26646
26647
26648
26654
26658
26663
26665
26667
26668
26669
26670
26675
26677
26678
26679
26680
26682
26683
26686
26687
26688
26689
26690
26692
26693
26695
26697
26698
26702
26704
26706
26707
26709
26713
26714
26715
26721
26724
26728
26730
26733
26738
26739
26740
26741
26743
26744
26747
26752
26753
26757
26762
26768
26769
26770
26773
26776
26778
26780
26781
26783
26785
26786
26787
26789
26790
26793
26794
26798
26801
26802
26803
26806
26808
26813
26814
26815
26816
26817
26819
26822
26823
26830
26834
26837
26844
26846
26852
26853
26856
26860
26864
26865
26866
26871
26873
26874
26875
26876
26877
26880
26881
26882
26883
26884
26885
26886
26887
26890
26892
26893
26894
26896
26900
26902
26904
26906
26907
26909
26910
26911
26914
26919
26920
26921
26923
26925
26926
26933
26936
26939
26940
26941
26943
26946
26947
26948
26952
26955
26959
26960
26961
26964
26968
26969
26973
26977
26978
26980
26981
26988
26990
26991
26993
26994
26995
26997
26999
27007
27011
27012
27014
27015
27016
27020
27021
27023
27024
27028
27031
27032
27034
27035
27037
27044
27045
27046
27047
27048
27049
27052
27054
27055
27056
27059
27061
27063
27065
27070
27071
27072
27074
27075
27076
27077
27078
27079
27083
27084
27087
27091
27093
27094
27095
27100
27101
27103
27104
27108
27110
27115
27119
27120
27122
27123
27125
27126
27130
27133
27138
27139
27143
27146
27147
27148
27150
27155
27156
27157
27159
27160
27164
27169
27171
27172
27175
27177
27180
27183
27189
27190
27193
27194
27195
27198
27201
27202
27203
27206
27209
27210
27212
27217
27218
27219
27220
27221
27224
27226
27228
27229
27232
27238
27239
27243
27244
27245
27246
27249
27250
27252
27254
27258
27259
27260
27264
27267
27268
27271
27273
27274
27277
27282
27283
27285
27288
27289
27292
27293
27294
27299
27302
27305
27307
27308
27312
27314
27319
27321
27323
27324
27325
27327
27328
27330
27331
27332
27333
27334
27335
27337
27339
27340
27343
27344
27345
27346
27347
27348
27353
27355
27358
27361
27366
27369
27374
27377
27379
27382
27388
27389
27390
27392
27394
27395
27396
27397
27398
27399
27400
27404
27406
27410
27411
27414
27415
27416
27419
27420
27421
27423
27425
27427
27429
27431
27434
27435
27440
27442
27444
27449
27450
27451
27452
27456
27459
27461
27463
27465
27467
27468
27470
27471
27477
27479
27492
27494
27495
27497
27504
27505
27506
27512
27516
27517
27519
27522
27524
27528
27529
27534
27536
27537
27541
27542
27544
27547
27550
27551
27552
27555
27557
27561
27562
27565
27567
27570
27571
27574
27576
27577
27578
27579
27581
27584
27585
27587
27590
27591
27592
27593
27596
27600
27602
27603
27604
27605
27606
27607
27610
27613
27614
27615
27617
27618
27622
27624
27625
27626
27627
27628
27629
27630
27631
27632
27634
27637
27638
27641
27642
27643
27644
27645
27646
27647
27649
27650
27651
27654
27658
27659
27662
27666
27667
27668
27672
27674
27682
27684
27686
27687
27688
27689
27691
27692
27702
27704
27705
27706
27708
27714
27716
27717
27718
27719
27720
27723
27725
27729
27731
27732
27733
27734
27735
27736
27738
27740
27744
27747
27748
27749
27752
27753
27755
27764
27767
27768
27769
27777
27780
27781
27782
27790
27791
27792
27800
27802
27803
27804
27808
27814
27815
27816
27818
27820
27824
27829
27833
27834
27838
27839
27841
27843
27844
27845
27846
27847
27848
27849
27850
27851
27857
27861
27867
27870
27872
27873
27874
27876
27879
27882
27883
27884
27890
27896
27897
27899
27904
27907
27910
27911
27913
27916
27919
27923
27924
27925
27926
27927
27933
27935
27936
27939
27940
27941
27945
27947
27949
27951
27952
27953
27955
27956
27957
27960
27962
27966
27975
27977
27983
27984
27987
27989
27990
27993
27994
27995
27996
28000
28002
28003
28004
28005
28006
28007
28008
28009
28012
28013
28014
28016
28020
28021
28023
28027
28030
28031
28033
28040
28045
28046
28049
28051
28052
28056
28059
28060
28063
28064
28065
28067
28068
28070
28074
28075
28076
28077
28078
28080
28081
28087
28088
28089
28090
28091
28093
28100
28101
28102
28104
28106
28107
28108
28116
28121
28128
28130
28132
28133
28135
28137
28139
28144
28145
28147
28148
28151
28153
28157
28163
28168
28169
28170
28171
28173
28174
28177
28178
28182
28183
28187
28188
28190
28209
28211
28213
28214
28226
28227
28229
28233
28235
28237
28239
28241
28243
28246
28249
28253
28255
28258
28259
28261
28262
28264
28271
28273
28275
28277
28278
28279
28284
28299
28300
28302
28304
28307
28309
28312
28313
28316
28322
28323
28326
28329
28330
28331
28334
28337
28338
28341
28349
28351
28353
28354
28355
28356
28357
28359
28360
28361
28362
28363
28366
28367
28370
28375
28377
28382
28384
28385
28386
28389
28392
28393
28394
28395
28396
28398
28399
28400
28402
28403
28404
28406
28408
28411
28412
28414
28416
28421
28423
28426
28428
28430
28434
28435
28438
28448
28449
28452
28459
28461
28464
28466
28467
28469
28471
28473
28476
28477
28480
28481
28482
28485
28486
28488
28490
28492
28494
28499
28500
28504
28506
28509
28511
28512
28515
28516
28517
28522
28523
28525
28526
28527
28529
28533
28534
28539
28540
28546
28547
28549
28552
28553
28554
28556
28557
28558
28560
28561
28562
28564
28566
28567
28569
28571
28572
28574
28581
28582
28583
28584
28585
28587
28589
28590
28592
28593
28601
28603
28604
28605
28607
28613
28618
28623
28625
28626
28628
28629
28631
28636
28641
28642
28646
28647
28648
28650
28651
28653
28658
28659
28661
28662
28665
28666
28668
28670
28671
28672
28674
28675
28676
28678
28679
28682
28683
28686
28687
28689
28691
28692
28695
28698
28704
28705
28706
28708
28709
28711
28714
28716
28718
28720
28721
28723
28724
28725
28732
28734
28735
28738
28742
28743
28744
28745
28746
28749
28754
28755
28757
28764
28767
28768
28769
28771
28772
28774
28776
28778
28779
28782
28784
28787
28788
28790
28793
28800
28804
28810
28813
28815
28817
28819
28820
28822
28823
28825
28826
28827
28828
28829
28832
28838
28839
28841
28845
28846
28851
28852
28854
28864
28866
28870
28871
28873
28875
28881
28882
28886
28887
28889
28891
28892
28894
28898
28901
28903
28904
28909
28910
28911
28914
28915
28916
28918
28921
28924
28928
28929
28930
28931
28932
28935
28938
28940
28941
28944
28945
28946
28947
28950
28951
28952
28963
28966
28967
28970
28971
28972
28978
28982
28984
28985
28986
28987
28988
28990
28993
28994
28996
29001
29006
29007
29015
29016
29018
29021
29022
29023
29024
29026
29035
29038
29040
29044
29045
29046
29047
29048
29050
29058
29061
29062
29063
29064
29065
29072
29074
29075
29076
29077
29079
29081
29082
29083
29085
29088
29089
29090
29095
29096
29098
29099
29100
29107
29108
29111
29113
29115
29116
29117
29118
29120
29121
29123
29125
29128
29137
29139
29142
29143
29144
29145
29152
29154
29155
29156
29157
29163
29164
29168
29171
29172
29173
29174
29175
29177
29179
29180
29182
29189
29193
29195
29197
29200
29202
29204
29206
29210
29211
29215
29219
29220
29223
29226
29227
29233
29234
29244
29245
29246
29247
29250
29253
29256
29257
29258
29259
29260
29261
29262
29267
29273
29274
29275
29276
29279
29280
29282
29283
29284
29285
29286
29287
29288
29289
29291
29292
29294
29295
29302
29303
29304
29305
29311
29314
29319
29320
29321
29323
29327
29331
29333
29336
29343
29344
29346
29348
29355
29358
29361
29363
29364
29365
29366
29367
29370
29374
29375
29376
29378
29379
29382
29384
29385
29386
29390
29393
29394
29396
29397
29399
29401
29408
29411
29412
29416
29417
29419
29423
29429
29431
29432
29435
29438
29441
29442
29443
29444
29446
29449
29451
29453
29454
29456
29457
29462
29464
29467
29469
29470
29471
29472
29473
29482
29484
29485
29486
29487
29490
29494
29497
29498
29502
29503
29504
29505
29507
29511
29514
29519
29520
29525
29526
29533
29536
29537
29539
29540
29541
29543
29544
29545
29546
29547
29556
29557
29558
29560
29561
29562
29565
29566
29568
29569
29570
29572
29575
29578
29579
29580
29582
29583
29585
29588
29589
29590
29592
29593
29594
29597
29598
29602
29603
29604
29605
29606
29609
29611
29612
29616
29617
29618
29620
29622
29623
29626
29627
29630
29633
29635
29636
29639
29640
29644
29645
29650
29651
29652
29654
29655
29661
29662
29664
29666
29667
29668
29672
29673
29680
29686
29690
29692
29694
29695
29696
29697
29701
29703
29706
29708
29709
29710
29711
29713
29715
29716
29718
29720
29721
29722
29731
29733
29736
29739
29740
29743
29747
29748
29752
29756
29757
29761
29762
29766
29769
29778
29783
29789
29790
29794
29795
29797
29799
29801
29802
29804
29806
29807
29809
29812
29817
29819
29823
29824
29825
29827
29828
29829
29830
29834
29836
29842
29844
29847
29849
29852
29854
29858
29860
29862
29863
29865
29867
29870
29873
29879
29881
29882
29885
29890
29893
29894
29896
29901
29902
29909
29920
29927
29929
29930
29931
29936
29937
29939
29941
29943
29950
29953
29954
29956
29957
29958
29959
29962
29969
29977
29983
29986
29989
29991
29996
29997
29998
30000
30004
30009
30010
30014
30017
30020
30028
30035
30043
30048
30050
30053
30062
30064
30068
30069
30072
30082
30083
30084
30087
30090
30097
30098
30102
30111
30114
30116
30123
30124
30125
30129
30130
30142
30143
30145
30149
30151
30165
30173
30177
30193
30195
30197
30203
30206
30209
30213
30217
30220
30224
30227
30228
30241
30243
30244
30245
30247
30249
30250
30261
30270
30271
30276
30277
30283
30285
30291
30296
30299
30300
30315
30316
30318
30320
30324
30327
30330
30331
30334
30336
30344
30352
30367
30368
30369
30370
30371
30372
30373
30374
30375
30379
30383
30387
30391
30395
30396
30400
30401
30402
30409
30412
30418
30421
30425
30437
30439
30443
30448
30449
30457
30458
30460
30461
30462
30464
30465
30467
30472
30478
30483
30485
30494
30500
30508
30512
30514
30517
30525
30527
30528
30529
30532
30536
30539
30541
30543
30558
30559
30561
30562
30567
30569
30570
30575
30577
30578
30581
30594
30598
30601
30611
30612
30615
30632
30640
30641
30646
30648
30650
30653
30654
30656
30660
30661
30665
30667
30669
30673
30676
30678
30681
30685
30689
30693
30697
30704
30705
30714
30718
30719
30721
30722
30728
30730
30734
30736
30743
30745
30746
30748
30752
30755
30758
30759
30761
30765
30767
30768
30773
30776
30782
30784
30785
30787
30788
30789
30791
30793
30794
30796
30798
30803
30806
30809
30810
30814
30816
30825
30827
30832
30836
30840
30848
30852
30853
30859
30861
30863
30864
30865
30873
30875
30876
30885
30890
30893
30905
30906
30910
30918
30919
30921
30929
30931
30933
30937
30947
30950
30951
30953
30957
30960
30967
30971
30972
30974
30976
30977
30982
30988
30989
30991
30998
31001
31002
31004
31010
31011
31013
31014
31019
31024
31027
31031
31038
31040
31042
31043
31048
31052
31053
31054
31055
31065
31066
31069
31070
31072
31074
31078
31079
31080
31081
31083
31084
31091
31093
31096
31101
31102
31103
31107
31109
31111
31112
31114
31116
31121
31123
31124
31125
31130
31133
31135
31138
31142
31145
31146
31160
31164
31165
31168
31170
31171
31175
31180
31183
31191
31195
31197
31198
31201
31204
31208
31209
31217
31218
31219
31222
31228
31233
31237
31241
31248
31249
31254
31256
31262
31265
31270
31271
31274
31278
31280
31281
31291
31292
31295
31296
31297
31298
31301
31302
31308
31314
31315
31323
31326
31331
31332
31338
31340
31344
31345
31347
31359
31360
31362
31371
31375
31381
31383
31393
31395
31396
31400
31401
31406
31414
31418
31429
31436
31437
31454
31456
31459
31465
31476
31477
31479
31483
31486
31487
31488
31500
31501
31502
31507
31508
31509
31512
31516
31520
31521
31529
31530
31533
31535
31538
31539
31548
31549
31550
31561
31562
31563
31566
31570
31571
31575
31577
31579
31588
31589
31592
31593
31594
31595
31598
31602
31609
31618
31620
31621
31626
31627
31628
31630
31631
31632
31636
31639
31640
31641
31642
31649
31653
31654
31658
31660
31663
31664
31665
31668
31673
31676
31677
31678
31682
31689
31692
31696
31697
31704
31707
31708
31710
31711
31714
31715
31716
31718
31725
31739
31740
31744
31750
31761
31764
31766
31770
31772
31775
31776
31777
31784
31785
31788
31791
31804
31805
31807
31809
31813
31816
31817
31822
31826
31827
31828
31829
31831
31834
31837
31839
31842
31844
31846
31855
31857
31863
31873
31879
31880
31883
31884
31885
31887
31896
31898
31902
31907
31909
31914
31915
31919
31921
31926
31931
31933
31935
31937
31941
31945
31950
31952
31953
31954
31956
31957
31961
31965
31968
31971
31981
31983
31985
31986
31988
31990
31991
31993
31994
31997
32000
32001
32004
32008
32018
32019
32021
32024
32026
32028
32034
32035
32036
32037
32038
32046
32048
32051
32058
32060
32067
32069
32071
32073
32074
32075
32080
32081
32082
32086
32087
32092
32099
32102
32104
32105
32119
32121
32122
32127
32130
32131
32134
32138
32143
32148
32149
32151
32154
32156
32157
32163
32167
32169
32175
32176
32183
32184
32186
32187
32190
32191
32194
32196
32197
32199
32205
32210
32213
32215
32219
32222
32228
32233
32235
32238
32241
32242
32245
32246
32247
32250
32253
32255
32257
32260
32264
32266
32273
32275
32278
32280
32281
32282
32284
32285
32287
32293
32298
32302
32303
32304
32306
32307
32312
32315
32325
32326
32331
32332
32337
32342
32349
32350
32354
32355
32362
32367
32375
32385
32389
32390
32393
32394
32395
32396
32398
32403
32407
32410
32412
32414
32431
32432
32434
32435
32443
32446
32449
32452
32453
32456
32459
32462
32463
32465
32473
32474
32478
32483
32484
32494
32495
32498
32501
32503
32506
32507
32510
32514
32517
32522
32523
32530
32532
32543
32544
32545
32550
32559
32561
32562
32563
32564
32565
32579
32585
32587
32588
32589
32598
32602
32603
32605
32609
32610
32611
32612
32613
32615
32627
32636
32637
32642
32643
32650
32652
32653
32659
32660
32673
32675
32677
32680
32682
32683
32685
32686
32689
32693
32696
32700
32705
32709
32713
32714
32717
32719
32721
32725
32728
32735
32736
32737
32743
32746
32753
32760
32763
32764
32769
32771
32773
32774
32775
32777
32778
32780
32782
32784
32786
32787
32789
32806
32808
32810
32813
32816
32821
32824
32827
32828
32842
32846
32847
32849
32850
32860
32861
32862
32863
32866
32869
32876
32877
32883
32890
32894
32903
32906
32907
32910
32915
32916
32919
32921
32926
32927
32929
32932
32939
32948
32949
32951
32954
32957
32960
32962
32963
32966
32968
32969
32970
32971
32972
32973
32981
32982
32983
32989
32991
32993
32994
32996
32997
32998
32999
33002
33006
33009
33012
33023
33027
33028
33030
33033
33035
33039
33040
33041
33044
33050
33051
33053
33055
33056
33058
33059
33060
33061
33062
33063
33064
33065
33071
33072
33078
33079
33084
33087
33097
33101
33102
33105
33107
33114
33115
33120
33126
33127
33128
33129
33131
33133
33135
33137
33140
33142
33144
33146
33148
33149
33156
33159
33163
33165
33168
33178
33182
33184
33186
33188
33195
33196
33197
33198
33199
33201
33205
33207
33208
33210
33211
33212
33213
33218
33220
33223
33229
33235
33238
33242
33247
33249
33253
33260
33268
33272
33277
33278
33283
33291
33292
33295
33296
33298
33301
33306
33311
33315
33320
33323
33324
33334
33341
33350
33352
33355
33357
33358
33363
33365
33366
33371
33376
33378
33381
33384
33385
33386
33388
33389
33393
33398
33404
33408
33411
33412
33422
33426
33428
33433
33438
33440
33445
33451
33452
33464
33468
33470
33473
33477
33481
33490
33493
33498
33503
33504
33506
33513
33518
33519
33522
33526
33531
33532
33541
33547
33548
33552
33553
33557
33560
33565
33572
33577
33584
33585
33592
33605
33607
33608
33609
33611
33616
33617
33619
33626
33629
33638
33640
33645
33647
33649
33654
33656
33659
33667
33669
33679
33682
33690
33691
33692
33694
33695
33696
33699
33704
33710
33712
33714
33716
33717
33718
33720
33727
33730
33736
33737
33741
33743
33748
33752
33753
33757
33767
33768
33770
33772
33779
33780
33781
33782
33789
33795
33798
33802
33804
33806
33809
33810
33815
33822
33823
33826
33832
33833
33838
33842
33843
33844
33846
33847
33860
33867
33870
33873
33875
33878
33879
33883
33886
33888
33892
33894
33895
33896
33904
33915
33921
33926
33927
33929
33931
33933
33936
33940
33941
33942
33944
33946
33947
33949
33951
33952
33954
33955
33959
33962
33963
33964
33967
33969
33972
33975
33986
33988
33989
33991
33992
33994
33999
34000
34003
34005
34013
34016
34017
34018
34019
34020
34028
34031
34038
34039
34040
34045
34056
34059
34063
34071
34076
34077
34088
34089
34091
34094
34097
34104
34105
34107
34111
34115
34123
34125
34127
34136
34138
34140
34145
34147
34160
34161
34176
34185
34192
34195
34197
34199
34200
34203
34208
34210
34212
34216
34217
34219
34224
34225
34226
34228
34229
34232
34236
34245
34247
34249
34251
34252
34255
34259
34261
34264
34265
34267
34269
34271
34274
34280
34283
34286
34291
34293
34299
34302
34303
34304
34306
34314
34316
34319
34321
34324
34326
34327
34334
34339
34350
34352
34353
34359
34360
34362
34365
34373
34378
34379
34385
34386
34389
34394
34395
34397
34402
34407
34408
34412
34413
34417
34418
34420
34421
34424
34425
34428
34432
34434
34435
34453
34459
34461
34465
34467
34473
34483
34486
34487
34488
34492
34493
34494
34496
34499
34501
34502
34505
34506
34512
34513
34517
34521
34525
34526
34535
34539
34546
34550
34551
34552
34554
34557
34561
34562
34565
34568
34572
34574
34577
34579
34591
34592
34593
34595
34599
34602
34616
34618
34621
34622
34625
34628
34639
34640
34641
34643
34645
34647
34648
34650
34655
34662
34663
34668
34670
34674
34675
34676
34680
34681
34683
34684
34688
34689
34691
34694
34699
34701
34702
34710
34711
34718
34719
34721
34724
34726
34727
34729
34733
34735
34741
34743
34748
34752
34767
34772
34776
34779
34780
34782
34784
34785
34787
34790
34791
34793
34797
34803
34812
34815
34818
34826
34827
34833
34838
34839
34852
34860
34864
34870
34872
34873
34883
34885
34891
34895
34896
34898
34903
34905
34910
34911
34915
34919
34927
34928
34929
34930
34932
34936
34942
34952
34960
34966
34968
34969
34970
34974
34978
34980
34984
34993
34998
35001
35002
35004
35005
35010
35013
35014
35020
35025
35027
35028
35042
35043
35045
35046
35050
35054
35056
35061
35063
35066
35067
35069
35070
35074
35075
35078
35080
35081
35083
35084
35085
35092
35093
35096
35097
35100
35101
35103
35109
35114
35119
35126
35137
35139
35142
35145
35151
35152
35155
35156
35160
35162
35166
35167
35170
35175
35181
35183
35184
35185
35187
35190
35191
35194
35195
35197
35210
35215
35220
35223
35230
35237
35239
35249
35257
35258
35262
35270
35274
35275
35276
35281
35290
35292
35301
35308
35309
35311
35312
35313
35319
35320
35326
35327
35328
35335
35336
35340
35345
35346
35347
35350
35352
35361
35363
35364
35366
35367
35368
35377
35378
35379
35380
35382
35383
35388
35392
35396
35404
35406
35408
35409
35416
35419
35424
35429
35430
35432
35434
35438
35441
35443
35448
35449
35456
35464
35466
35471
35476
35477
35492
35498
35502
35504
35508
35509
35514
35516
35517
35518
35519
35520
35526
35534
35535
35537
35538
35543
35552
35555
35556
35563
35567
35568
35569
35573
35574
35576
35577
35579
35586
35595
35597
35600
35601
35605
35606
35613
35618
35619
35621
35624
35626
35628
35635
35636
35648
35651
35655
35656
35657
35666
35671
35674
35675
35676
35677
35678
35680
35681
35683
35688
35701
35705
35708
35709
35710
35711
35715
35718
35719
35723
35724
35725
35729
35731
35733
35742
35744
35746
35748
35759
35760
35768
35787
35791
35801
35802
35807
35809
35811
35813
35814
35819
35820
35821
35832
35837
35838
35839
35841
35845
35848
35851
35855
35859
35860
35863
35866
35877
35886
35889
35896
35899
35902
35903
35908
35909
35912
35922
35926
35933
35939
35940
35944
35947
35953
35957
35958
35961
35964
35969
35973
35975
35981
35985
35986
35989
35990
35991
35997
35999
36002
36006
36008
36014
36025
36026
36029
36030
36033
36034
36037
36046
36047
36053
36061
36068
36074
36075
36077
36088
36098
36099
36107
36110
36112
36117
36119
36122
36129
36132
36136
36137
36140
36142
36146
36149
36150
36156
36159
36164
36166
36177
36178
36187
36195
36200
36208
36214
36215
36219
36227
36228
36233
36235
36252
36257
36259
36261
36262
36264
36265
36267
36273
36274
36280
36284
36291
36292
36293
36294
36295
36307
36314
36316
36325
36327
36328
36329
36331
36332
36334
36335
36336
36339
36342
36354
36356
36360
36363
36367
36369
36372
36374
36376
36377
36383
36386
36394
36399
36405
36406
36409
36413
36414
36415
36416
36419
36423
36425
36426
36427
36429
36433
36435
36438
36439
36442
36447
36449
36450
36453
36458
36462
36466
36471
36476
36481
36489
36491
36493
36504
36511
36512
36513
36515
36518
36519
36521
36531
36535
36536
36539
36540
36543
36548
36551
36553
36560
36568
36574
36575
36578
36580
36581
36587
36596
36599
36605
36606
36607
36611
36612
36620
36623
36633
36634
36636
36638
36639
36640
36641
36642
36643
36644
36651
36653
36654
36655
36657
36659
36663
36665
36667
36669
36670
36687
36696
36703
36706
36707
36708
36710
36712
36715
36716
36722
36725
36740
36743
36745
36750
36751
36756
36757
36759
36767
36769
36782
36784
36787
36790
36791
36798
36800
36803
36807
36810
36815
36819
36823
36826
36828
36829
36832
36834
36838
36840
36846
36847
36851
36852
36854
36856
36858
36863
36866
36869
36873
36875
36876
36885
36888
36891
36893
36895
36899
36900
36902
36903
36905
36906
36910
36912
36913
36917
36918
36921
36924
36925
36926
36927
36939
36943
36952
36961
36963
36965
36967
36979
36980
36982
36992
36993
36994
37000
37004
37007
37010
37011
37014
37015
37018
37021
37027
37038
37049
37050
37054
37057
37059
37060
37062
37069
37073
37074
37075
37076
37080
37088
37091
37092
37096
37098
37101
37104
37106
37108
37115
37125
37130
37131
37132
37133
37142
37145
37149
37150
37155
37156
37157
37160
37162
37166
37167
37174
37175
37176
37177
37180
37184
37187
37196
37202
37204
37205
37207
37211
37220
37223
37224
37228
37229
37230
37233
37234
37236
37239
37251
37252
37258
37263
37265
37269
37277
37286
37288
37289
37290
37291
37292
37293
37294
37296
37301
37310
37312
37313
37316
37329
37332
37335
37339
37346
37349
37353
37354
37367
37369
37373
37378
37379
37380
37384
37386
37395
37399
37400
37404
37408
37409
37410
37413
37414
37415
37422
37434
37435
37439
37440
37441
37443
37448
37449
37453
37470
37474
37476
37481
37482
37486
37487
37488
37489
37498
37501
37504
37506
37507
37508
37517
37521
37527
37536
37537
37548
37550
37551
37553
37558
37560
37563
37564
37565
37567
37569
37570
37572
37579
37581
37590
37591
37592
37593
37597
37599
37600
37610
37617
37620
37622
37625
37626
37628
37630
37634
37635
37637
37638
37639
37641
37642
37652
37653
37655
37660
37664
37667
37671
37672
37675
37679
37683
37690
37695
37700
37704
37718
37719
37721
37725
37729
37733
37736
37739
37752
37754
37758
37760
37768
37774
37777
37779
37781
37782
37784
37787
37788
37790
37798
37807
37813
37824
37836
37838
37839
37841
37842
37844
37847
37852
37859
37871
37879
37880
37881
37883
37886
37892
37894
37897
37900
37901
37902
37906
37908
37910
37912
37914
37916
37919
37921
37923
37928
37930
37934
37942
37954
37955
37959
37965
37968
37975
37977
37978
37983
37987
37988
38004
38005
38006
38008
38009
38010
38012
38014
38017
38018
38020
38021
38022
38026
38027
38029
38030
38031
38035
38037
38038
38039
38042
38044
38048
38050
38053
38057
38060
38061
38065
38067
38072
38077
38079
38082
38088
38092
38094
38096
38101
38107
38111
38113
38117
38123
38124
38125
38126
38130
38133
38137
38138
38143
38144
38145
38158
38160
38161
38166
38178
38180
38202
38209
38211
38215
38221
38223
38226
38227
38229
38230
38232
38233
38236
38238
38243
38245
38255
38260
38268
38269
38271
38272
38274
38279
38288
38289
38296
38297
38301
38306
38307
38310
38314
38317
38322
38327
38329
38330
38331
38334
38341
38345
38351
38353
38359
38362
38364
38369
38373
38375
38377
38379
38388
38392
38394
38400
38414
38418
38419
38422
38425
38432
38433
38434
38435
38437
38445
38452
38453
38456
38458
38462
38465
38471
38474
38475
38482
38490
38491
38492
38493
38494
38503
38507
38511
38513
38514
38523
38524
38546
38556
38557
38558
38559
38562
38563
38567
38573
38578
38580
38584
38588
38593
38594
38595
38598
38599
38603
38605
38608
38609
38613
38620
38625
38627
38629
38631
38634
38638
38639
38641
38642
38653
38657
38666
38668
38669
38671
38672
38673
38678
38683
38684
38685
38686
38688
38694
38703
38710
38725
38727
38739
38745
38750
38752
38754
38755
38764
38768
38769
38781
38786
38789
38797
38804
38805
38808
38811
38823
38827
38829
38831
38836
38840
38842
38844
38845
38846
38847
38848
38850
38852
38854
38858
38864
38869
38870
38873
38874
38884
38886
38887
38891
38892
38895
38901
38903
38905
38908
38913
38914
38916
38924
38927
38930
38931
38935
38937
38939
38941
38947
38948
38953
38956
38957
38958
38963
38967
38974
38981
38987
38990
38991
38994
38995
39000
39001
39003
39014
39017
39019
39022
39023
39030
39032
39041
39044
39046
39047
39058
39061
39068
39069
39073
39079
39080
39084
39089
39091
39093
39098
39099
39103
39104
39105
39112
39117
39120
39121
39125
39131
39141
39152
39155
39158
39164
39166
39168
39170
39179
39192
39193
39206
39207
39211
39213
39217
39223
39224
39228
39237
39241
39245
39246
39247
39257
39259
39260
39264
39267
39272
39275
39283
39284
39286
39291
39297
39301
39304
39305
39306
39311
39316
39321
39322
39325
39328
39329
39330
39336
39339
39344
39349
39350
39352
39353
39355
39358
39361
39362
39363
39375
39376
39380
39383
39384
39389
39390
39394
39398
39399
39400
39404
39408
39415
39416
39419
39424
39433
39436
39437
39439
39441
39444
39446
39447
39460
39464
39474
39478
39480
39482
39483
39486
39488
39490
39491
39495
39497
39500
39503
39504
39512
39513
39522
39523
39525
39531
39532
39535
39539
39541
39543
39545
39547
39555
39564
39572
39575
39577
39582
39585
39589
39590
39595
39608
39609
39612
39616
39617
39619
39620
39622
39624
39628
39633
39634
39636
39642
39643
39648
39660
39665
39666
39669
39671
39676
39677
39686
39696
39699
39700
39712
39714
39718
39719
39721
39727
39732
39733
39737
39739
39741
39744
39745
39746
39748
39750
39751
39752
39760
39761
39762
39763
39764
39770
39772
39776
39785
39787
39788
39789
39797
39806
39816
39817
39818
39819
39821
39822
39841
39845
39848
39851
39857
39858
39859
39862
39864
39869
39876
39879
39880
39881
39884
39885
39890
39892
39894
39895
39902
39903
39904
39909
39910
39913
39917
39918
39923
39934
39945
39946
39948
39952
39964
39965
39968
39976
39977
39981
39982
39983
39984
39998
39999
40008
40024
40043
40044
40048
40050
40055
40068
40071
40084
40087
40089
40092
40100
40112
40131
40133
40135
40151
40157
40159
40160
40167
40168
40169
40185
40187
40188
40190
40203
40208
40216
40218
40223
40224
40225
40226
40236
40237
40240
40246
40247
40249
40255
40260
40263
40264
40273
40281
40285
40309
40312
40326
40327
40328
40340
40344
40352
40355
40359
40360
40363
40373
40376
40378
40379
40383
40394
40401
40407
40410
40417
40429
40430
40435
40450
40454
40460
40467
40468
40477
40491
40498
40503
40511
40512
40523
40535
40536
40538
40541
40544
40548
40551
40564
40566
40578
40581
40594
40604
40607
40608
40612
40617
40623
40627
40628
40630
40635
40642
40654
40655
40659
40660
40667
40674
40678
40683
40692
40697
40702
40744
40750
40772
40782
40797
40803
40806
40823
40831
40837
40845
40850
40855
40858
40864
40880
40881
40883
40884
40885
40888
40908
40909
40910
40911
40921
40922
40923
40933
40943
40950
40954
40958
40959
40963
40965
40980
40982
40989
40991
41002
41005
41006
41007
41015
41017
41018
41038
41039
41046
41047
41075
41078
41096
41107
41112
41114
41130
41140
41144
41150
41154
41156
41167
41168
41176
41192
41209
41212
41218
41222
41234
41235
41236
41247
41254
41258
41260
41261
41262
41265
41266
41272
41285
41286
41289
41292
41293
41297
41299
41314
41315
41318
41321
41359
41361
41365
41367
41370
41377
41379
41381
41386
41387
41392
41396
41403
41404
41414
41415
41418
41436
41444
41461
41466
41478
41479
41484
41486
41494
41497
41498
41504
41505
41508
41513
41522
41525
41537
41544
41562
41568
41574
41586
41589
41594
41601
41610
41618
41620
41622
41624
41626
41629
41631
41635
41643
41659
41666
41682
41688
41691
41694
41722
41727
41730
41731
41746
41751
41757
41762
41769
41784
41787
41790
41800
41814
41818
41819
41824
41825
41831
41832
41833
41840
41846
41850
41851
41857
41864
41865
41871
41873
41874
41922
41933
41935
41937
41942
41944
41956
41963
41973
41978
41995
41998
42002
42003
42032
42038
42045
42046
42055
42056
42061
42065
42075
42078
42082
42096
42106
42112
42134
42154
42156
42161
42171
42172
42185
42192
42197
42203
42212
42215
42216
42229
42230
42235
42236
42245
42247
42251
42252
42258
42267
42270
42272
42273
42274
42282
42284
42293
42299
42316
42328
42329
42331
42337
42345
42346
42347
42348
42360
42369
42376
42383
42384
42390
42391
42401
42402
42406
42411
42413
42429
42436
42440
42465
42486
42493
42501
42519
42522
42528
42531
42533
42537
42566
42570
42573
42578
42582
42585
42597
42600
42613
42614
42617
42625
42636
42642
42656
42664
42667
42668
42679
42681
42687
42688
42706
42716
42720
42727
42743
42748
42751
42758
42766
42773
42779
42798
42799
42800
42816
42817
42827
42843
42856
42868
42870
42871
42875
42884
42886
42887
42890
42896
42907
42915
42917
42919
42924
42929
42932
42940
42945
42951
42952
42953
42957
42958
42962
42964
42968
42976
42977
42980
42983
42988
42998
43009
43013
43022
43031
43034
43046
43047
43057
43060
43092
43094
43107
43119
43131
43136
43141
43146
43147
43159
43161
43165
43172
43184
43187
43190
43203
43222
43224
43237
43242
43250
43251
43255
43258
43261
43278
43289
43296
43302
43305
43313
43317
43330
43331
43333
43340
43344
43354
43358
43360
43370
43372
43377
43379
43380
43384
43385
43390
43391
43412
43414
43419
43428
43430
43431
43436
43442
43443
43447
43455
43456
43459
43478
43483
43494
43496
43500
43507
43512
43514
43516
43520
43524
43526
43528
43531
43537
43541
43559
43560
43562
43563
43568
43585
43587
43594
43596
43597
43602
43622
43624
43625
43627
43647
43652
43654
43655
43666
43672
43681
43687
43693
43695
43698
43699
43701
43702
43717
43718
43720
43726
43745
43747
43752
43759
43768
43776
43787
43796
43800
43803
43808
43810
43811
43814
43821
43841
43842
43845
43850
43854
43856
43858
43859
43864
43865
43867
43881
43882
43894
43901
43919
43947
43954
43961
43967
43968
43974
43977
43980
43984
43989
44004
44006
44012
44013
44021
44022
44038
44052
44053
44077
44079
44081
44082
44086
44088
44093
44103
44106
44110
44114
44117
44120
44127
44133
44135
44137
44148
44152
44171
44178
44188
44191
44192
44210
44214
44228
44234
44235
44244
44249
44262
44269
44270
44274
44276
44285
44289
44293
44303
44314
44317
44318
44323
44326
44329
44342
44344
44365
44371
44375
44377
44382
44390
44395
44396
44413
44429
44430
44435
44447
44451
44455
44456
44457
44472
44474
44478
44489
44492
44499
44506
44518
44523
44525
44535
44547
44559
44567
44569
44571
44590
44594
44596
44605
44627
44628
44631
44653
44655
44662
44668
44670
44676
44677
44681
44683
44684
44686
44700
44705
44708
44709
44721
44735
44741
44746
44748
44759
44760
44761
44770
44788
44792
44801
44806
44807
44813
44817
44818
44822
44823
44840
44853
44854
44870
44872
44886
44890
44905
44914
44921
44927
44929
44933
44937
44946
44952
44958
44959
44970
44971
44975
44990
44991
45001
45005
45013
45014
45016
45021
45024
45027
45032
45045
45048
45051
45065
45067
45075
45104
45119
45121
45128
45136
45138
45149
45160
45161
45166
45167
45171
45182
45185
45187
45189
45193
45195
45198
45202
45204
45205
45207
45212
45213
45218
45219
45221
45225
45228
45234
45241
45242
45252
45254
45255
45262
45276
45277
45281
45287
45290
45299
45300
45302
45305
45307
45336
45341
45347
45349
45366
45376
45390
45399
45403
45412
45416
45427
45430
45436
45440
45442
45444
45446
45450
45452
45454
45461
45464
45467
45480
45482
45483
45486
45492
45493
45515
45525
45526
45533
45545
45554
45555
45558
45560
45568
45575
45588
45591
45609
45611
45613
45618
45623
45627
45632
45634
45635
45651
45652
45670
45672
45676
45679
45690
45698
45700
45701
45703
45708
45719
45722
45724
45738
45744
45746
45747
45754
45759
45760
45761
45777
45778
45788
45792
45799
45816
45817
45820
45821
45823
45827
45836
45838
45841
45842
45844
45845
45851
45858
45866
45869
45880
45883
45886
45891
45892
45907
45910
45918
45920
45923
45924
45935
45937
45940
45942
45945
45948
45956
45958
45972
45977
45979
45985
45986
45988
45994
45996
45999
46004
46013
46014
46022
46025
46036
46037
46038
46050
46057
46071
46091
46095
46096
46121
46123
46124
46132
46138
46144
46154
46158
46165
46167
46175
46176
46178
46189
46210
46212
46216
46220
46224
46233
46235
46238
46240
46243
46245
46250
46258
46262
46264
46276
46283
46293
46297
46298
46303
46309
46311
46316
46317
46337
46339
46345
46362
46370
46374
46381
46393
46398
46400
46402
46404
46416
46417
46423
46424
46426
46438
46443
46447
46453
46454
46455
46456
46457
46474
46480
46484
46490
46496
46497
46504
46511
46512
46518
46527
46530
46532
46542
46543
46549
46572
46585
46598
46600
46605
46617
46619
46620
46627
46641
46647
46649
46656
46666
46672
46681
46682
46701
46704
46714
46717
46719
46721
46727
46738
46748
46759
46767
46769
46777
46779
46781
46782
46802
46805
46809
46811
46813
46823
46832
46841
46843
46848
46851
46854
46856
46860
46871
46875
46880
46891
46895
46897
46908
46909
46920
46927
46932
46937
46939
46943
46950
46952
46955
46962
46965
46994
46998
47003
47015
47016
47020
47040
47048
47052
47054
47055
47056
47059
47060
47061
47063
47066
47070
47072
47074
47079
47085
47095
47096
47101
47105
47110
47113
47115
47116
47120
47125
47129
47131
47132
47135
47136
47144
47147
47167
47178
47184
47189
47190
47201
47212
47225
47227
47242
47259
47286
47287
47297
47300
47303
47304
47305
47317
47319
47325
47331
47336
47342
47360
47361
47363
47374
47378
47380
47385
47386
47387
47389
47400
47406
47412
47418
47422
47426
47429
47430
47431
47432
47437
47439
47440
47448
47452
47455
47457
47461
47462
47476
47477
47480
47485
47491
47493
47497
47500
47501
47502
47503
47505
47517
47518
47519
47546
47547
47548
47550
47552
47554
47555
47559
47562
47566
47567
47578
47579
47582
47583
47585
47586
47587
47589
47593
47597
47610
47611
47635
47640
47643
47648
47663
47671
47672
47678
47683
47685
47699
47700
47704
47705
47710
47713
47716
47742
47748
47760
47773
47780
47786
47789
47791
47794
47803
47807
47813
47816
47817
47820
47835
47842
47857
47859
47866
47870
47873
47877
47888
47891
47894
47897
47906
47909
47917
47929
47938
47958
47971
47976
48002
48003
48015
48022
48023
48031
48035
48037
48046
48064
48068
48073
48074
48077
48088
48096
48100
48102
48103
48108
48110
48112
48113
48116
48142
48146
48149
48156
48160
48163
48169
48173
48174
48175
48180
48181
48183
48204
48206
48210
48239
48241
48250
48259
48271
48278
48279
48291
48303
48304
48305
48308
48312
48315
48319
48320
48323
48325
48334
48347
48348
48353
48356
48357
48364
48381
48384
48390
48402
48411
48412
48414
48416
48418
48422
48423
48425
48435
48443
48455
48458
48479
48483
48487
48491
48499
48505
48510
48511
48512
48514
48515
48516
48517
48528
48539
48540
48546
48548
48550
48563
48576
48577
48589
48590
48594
48595
48596
48607
48620
48623
48633
48637
48645
48646
48648
48650
48653
48654
48656
48659
48663
48670
48673
48675
48678
48680
48686
48687
48692
48699
48714
48717
48721
48722
48727
48736
48737
48752
48761
48764
48765
48775
48777
48778
48782
48784
48790
48792
48799
48805
48814
48818
48820
48842
48859
48860
48865
48869
48871
48881
48884
48886
48887
48889
48898
48904
48909
48923
48925
48928
48947
48948
48952
48956
48961
48965
48967
48971
48985
48988
48993
48994
48998
49022
49024
49026
49028
49032
49033
49034
49037
49045
49059
49060
49079
49080
49083
49088
49089
49090
49094
49095
49098
49105
49106
49109
49112
49122
49127
49128
49139
49147
49150
49153
49158
49161
49162
49163
49171
49177
49190
49192
49197
49200
49201
49210
49220
49221
49226
49230
49232
49241
49247
49248
49251
49253
49254
49260
49272
49274
49275
49283
49284
49290
49296
49297
49300
49304
49309
49311
49319
49320
49323
49357
49361
49362
49363
49376
49383
49385
49391
49394
49396
49401
49402
49403
49420
49434
49435
49438
49459
49460
49461
49469
49471
49472
49476
49488
49490
49494
49505
49518
49523
49535
49536
49542
49549
49550
49553
49554
49558
49559
49568
49579
49581
49583
49584
49589
49595
49598
49614
49622
49625
49643
49644
49648
49655
49661
49663
49676
49680
49691
49697
49711
49717
49723
49725
49732
49736
49738
49747
49763
49766
49775
49781
49790
49793
49808
49817
49818
49820
49821
49823
49824
49834
49838
49843
49852
49860
49861
49870
49877
49882
49892
49895
49897
49908
49909
49911
49919
49921
49922
49924
49941
49942
49945
49948
49950
49964
49968
49973
49977
49978
49979
49980
49982
49985
49987
49997
