4
6
8
11
29
55
58
66
81
84
96
98
100
104
106
119
120
123
124
128
130
131
133
134
136
137
138
147
148
155
157
160
161
164
169
171
175
180
199
202
203
204
212
219
223
225
228
229
231
247
248
250
253
255
260
262
263
265
271
290
299
310
320
322
326
334
335
345
353
356
364
365
375
382
385
387
389
390
405
414
424
425
428
431
441
448
455
460
466
473
475
481
482
488
489
490
493
498
512
513
518
520
525
528
534
538
541
548
556
558
564
580
593
604
606
612
617
620
624
630
632
634
641
642
643
645
646
650
654
656
657
659
666
669
678
682
683
688
694
699
705
708
712
713
715
717
732
747
751
752
755
759
761
773
782
790
796
808
811
813
815
816
826
827
832
834
837
841
842
843
846
849
852
854
861
862
876
884
887
888
889
890
899
904
913
914
925
934
943
945
961
965
967
968
973
977
986
995
1000
1001
1005
1016
1027
1030
1032
1035
1042
1045
1048
1050
1055
1063
1065
1069
1072
1081
1083
1090
1098
1102
1106
1109
1114
1115
1119
1134
1136
1151
1153
1157
1158
1177
1180
1187
1189
1192
1193
1201
1203
1205
1217
1220
1221
1224
1230
1231
1232
1236
1237
1238
1245
1246
1247
1248
1250
1255
1257
1259
1260
1263
1267
1302
1308
1313
1323
1326
1327
1328
1334
1341
1343
1344
1349
1360
1363
1369
1373
1375
1385
1387
1389
1390
1396
1397
1405
1407
1412
1415
1416
1421
1423
1424
1428
1429
1433
1436
1437
1442
1456
1457
1475
1488
1489
1494
1501
1504
1507
1518
1521
1533
1534
1538
1542
1543
1545
1546
1547
1550
1552
1558
1560
1561
1568
1574
1582
1586
1588
1594
1598
1602
1606
1612
1616
1620
1626
1628
1635
1637
1638
1641
1646
1647
1659
1666
1669
1679
1684
1688
1695
1702
1713
1721
1724
1732
1735
1736
1740
1747
1754
1756
1763
1765
1772
1774
1791
1792
1793
1794
1809
1814
1815
1823
1830
1836
1842
1848
1849
1852
1854
1857
1858
1864
1869
1872
1879
1885
1888
1894
1896
1904
1908
1918
1938
1943
1950
1952
1953
1971
1973
1978
1991
2001
2012
2014
2022
2023
2030
2047
2063
2064
2068
2071
2072
2075
2079
2094
2097
2104
2105
2114
2122
2124
2127
2128
2130
2146
2155
2157
2163
2164
2165
2167
2170
2171
2173
2182
2187
2190
2191
2197
2201
2203
2207
2209
2212
2216
2217
2219
2221
2232
2239
2244
2246
2257
2260
2265
2268
2274
2276
2277
2278
2288
2290
2293
2302
2303
2307
2308
2309
2312
2315
2319
2329
2330
2331
2336
2337
2344
2358
2360
2362
2363
2365
2368
2370
2374
2380
2398
2401
2407
2408
2410
2425
2427
2447
2448
2451
2460
2463
2488
2498
2503
2508
2509
2519
2523
2525
2541
2542
2547
2549
2552
2555
2557
2559
2560
2563
2564
2565
2570
2577
2580
2588
2590
2594
2601
2610
2617
2623
2625
2632
2633
2634
2635
2638
2646
2650
2658
2665
2673
2678
2682
2684
2690
2695
2699
2700
2708
2709
2712
2716
2718
2724
2727
2729
2730
2734
2739
2742
2745
2747
2751
2754
2765
2774
2782
2783
2795
2796
2797
2798
2834
2836
2840
2843
2852
2875
2876
2878
2885
2887
2889
2894
2907
2919
2921
2933
2951
2952
2956
2957
2975
2985
2988
2989
2990
2994
2996
3003
3012
3016
3031
3033
3035
3050
3053
3057
3058
3062
3064
3072
3073
3078
3083
3084
3091
3092
3100
3101
3120
3121
3124
3128
3133
3137
3140
3145
3148
3150
3153
3159
3161
3163
3164
3171
3175
3177
3184
3198
3200
3203
3209
3211
3224
3225
3227
3230
3231
3232
3235
3258
3273
3274
3284
3289
3292
3320
3326
3329
3337
3343
3353
3368
3376
3380
3390
3393
3403
3406
3407
3411
3430
3434
3440
3441
3443
3452
3467
3480
3484
3497
3500
3507
3514
3525
3535
3543
3559
3561
3570
3577
3580
3590
3603
3610
3615
3616
3623
3638
3642
3645
3649
3650
3655
3657
3661
3662
3666
3675
3678
3683
3684
3695
3698
3701
3711
3715
3723
3724
3740
3749
3751
3760
3762
3763
3764
3765
3769
3770
3778
3781
3782
3805
3812
3818
3821
3824
3826
3827
3836
3839
3842
3843
3844
3852
3856
3865
3866
3868
3908
3912
3916
3917
3918
3921
3923
3929
3948
3965
3977
3982
3986
3994
3997
3999
4002
4003
4004
4010
4011
4018
4020
4025
4028
4034
4035
4041
4042
4045
4057
4067
4073
4074
4076
4082
4104
4111
4115
4116
4135
4136
4139
4141
4142
4151
4158
4164
4167
4171
4175
4177
4179
4189
4197
4198
4209
4227
4231
4237
4240
4241
4252
4253
4256
4262
4270
4271
4280
4281
4287
4290
4292
4293
4294
4308
4311
4319
4327
4341
4345
4348
4351
4360
4368
4373
4375
4378
4382
4385
4387
4394
4400
4402
4404
4413
4415
4418
4419
4425
4428
4437
4439
4441
4445
4449
4450
4454
4455
4456
4457
4466
4470
4473
4482
4483
4489
4493
4496
4498
4501
4509
4510
4514
4515
4516
4528
4536
4538
4540
4541
4550
4551
4558
4559
4562
4565
4578
4580
4581
4582
4583
4584
4586
4591
4603
4606
4609
4610
4611
4612
4618
4621
4623
4626
4630
4633
4636
4640
4648
4652
4656
4662
4696
4697
4698
4707
4712
4741
4742
4751
4754
4756
4757
4761
4763
4766
4769
4773
4775
4778
4787
4798
4804
4812
4816
4820
4824
4825
4826
4830
4834
4837
4840
4843
4853
4864
4872
4879
4886
4887
4897
4904
4906
4907
4908
4911
4923
4926
4937
4940
4950
4951
4957
4961
4967
4982
4984
4986
4987
4989
4998
5021
5031
5037
5039
5051
5064
5088
5092
5105
5120
5131
5134
5135
5149
5154
5158
5171
5183
5186
5206
5212
5228
5234
5238
5239
5247
5256
5257
5258
5264
5267
5274
5278
5283
5295
5298
5301
5304
5305
5313
5317
5326
5369
5392
5394
5398
5407
5410
5419
5420
5423
5432
5457
5460
5463
5468
5471
5472
5489
5493
5494
5501
5510
5517
5523
5526
5527
5535
5538
5542
5546
5559
5567
5573
5574
5612
5614
5628
5634
5637
5678
5679
5691
5695
5732
5737
5744
5773
5781
5788
5789
5799
5812
5821
5829
5832
5840
5845
5853
5856
5874
5883
5901
5911
5944
5948
5963
5968
5976
5979
5980
5984
6001
6015
6022
6035
6079
6080
6084
6085
6086
6093
6100
6121
6131
6134
6137
6164
6169
6176
6182
6189
6190
6195
6200
6207
6238
6261
6266
6286
6289
6290
6302
6304
6307
6315
6332
6360
6361
6375
6381
6384
6399
6409
6419
6421
6447
6450
6454
6467
6471
6487
6503
6506
6529
6532
6551
6564
6571
6573
6575
6582
6592
6609
6624
6628
6642
6660
6663
6664
6668
6669
6680
6689
6700
6707
6709
6728
6737
6738
6748
6754
6758
6768
6770
6776
6782
6783
6806
6807
6809
6813
6818
6843
6857
6860
6861
6866
6880
6882
6890
6895
6915
6919
6921
6926
6933
6949
6950
6957
6981
6994
7000
7001
7003
7028
7029
7049
7083
7085
7089
7099
7100
7103
7107
7114
7116
7129
7131
7136
7148
7149
7183
7215
7219
7222
7223
7224
7233
7246
7250
7254
7256
7270
7278
7290
7291
7296
7301
7305
7327
7336
7338
7350
7366
7375
7376
7384
7398
7419
7429
7437
7449
7451
7453
7459
7463
7469
7498
7520
7525
7544
7551
7559
7574
7594
7620
7626
7631
7636
7642
7663
7678
7679
7687
7706
7719
7737
7742
7746
7797
7808
7811
7812
7830
7839
7850
7857
7858
7872
7875
7876
7881
7888
7921
7923
7926
7928
7932
7934
7935
7941
7944
7945
7951
7954
7966
7967
7980
7992
8018
8030
8041
8051
8067
8088
8108
8111
8118
8120
8128
8130
8131
8136
8143
8146
8147
8154
8161
8163
8169
8171
8190
8196
8199
8211
8224
8233
8243
8246
8258
8264
8266
8269
8278
8316
8327
8336
8341
8374
8375
8415
8460
8475
8476
8487
8491
8493
8498
8549
8550
8565
8589
8593
8604
8610
8620
8622
8629
8632
8647
8661
8664
8674
8709
8720
8738
8772
8776
8781
8785
8789
8802
8818
8827
8828
8829
8843
8845
8846
8849
8850
8855
8867
8868
8873
8890
8895
8896
8908
8921
8923
8928
8940
8947
8965
8971
8973
8990
8994
9003
9016
9024
9029
9032
9036
9045
9068
9069
9086
9091
9102
9104
9109
9117
9120
9127
9142
9150
9164
9187
9209
9216
9222
9246
9248
9250
9251
9261
9277
9278
9284
9287
9290
9298
9305
9306
9315
9316
9321
9356
9366
9382
9385
9396
9420
9426
9444
9447
9451
9465
9470
9494
9500
9505
9509
9521
9529
9533
9541
9543
9557
9562
9563
9568
9573
9578
9583
9590
9612
9628
9649
9650
9653
9703
9704
9712
9716
9728
9734
9736
9738
9747
9748
9760
9763
9768
9781
9801
9805
9806
9811
9815
9820
9821
9822
9834
9836
9844
9870
9872
9875
9880
9886
9896
9914
9924
9932
9940
9945
9946
9953
9962
9964
9970
9994
10004
10006
10013
10015
10022
10026
10030
10033
10034
10038
10048
10050
10051
10054
10058
10068
10079
10080
10081
10083
10084
10092
10095
10096
10101
10109
10110
10112
10119
10128
10130
10131
10134
10146
10147
10148
10153
10159
10164
10171
10173
10175
10178
10183
10184
10187
10189
10191
10192
10196
10198
10204
10206
10210
10213
10221
10223
10224
10236
10244
10245
10247
10258
10261
10273
10280
10282
10291
10293
10294
10296
10297
10300
10302
10304
10316
10319
10325
10327
10328
10334
10347
10353
10354
10362
10364
10368
10369
10373
10375
10377
10389
10400
10401
10403
10409
10412
10416
10417
10421
10422
10424
10435
10438
10440
10446
10447
10449
10453
10458
10460
10465
10469
10472
10478
10482
10491
10499
10506
10512
10513
10519
10520
10523
10527
10528
10536
10537
10538
10553
10562
10567
10576
10577
10578
10580
10587
10595
10598
10602
10603
10607
10609
10612
10613
10616
10619
10625
10627
10631
10635
10642
10643
10649
10650
10657
10658
10665
10668
10669
10675
10679
10682
10686
10689
10692
10695
10700
10701
10706
10708
10712
10716
10724
10726
10731
10732
10733
10739
10740
10742
10743
10744
10749
10753
10755
10760
10761
10762
10768
10769
10779
10780
10781
10783
10788
10790
10797
10810
10811
10813
10816
10818
10820
10823
10824
10837
10850
10855
10856
10857
10874
10875
10889
10900
10902
10905
10906
10912
10918
10920
10922
10925
10926
10927
10945
10950
10966
10968
10972
10973
10982
10983
10986
10990
10995
11001
11002
11003
11006
11007
11016
11018
11019
11022
11024
11028
11033
11037
11039
11042
11045
11048
11051
11053
11061
11066
11069
11073
11083
11084
11094
11097
11098
11102
11103
11106
11108
11113
11117
11120
11122
11128
11134
11135
11136
11137
11141
11144
11145
11146
11149
11153
11168
11172
11174
11175
11178
11180
11181
11186
11189
11192
11201
11203
11205
11208
11209
11216
11217
11226
11227
11232
11235
11238
11247
11249
11252
11256
11259
11261
11268
11269
11279
11283
11289
11292
11302
11306
11308
11313
11316
11317
11322
11323
11324
11326
11328
11331
11333
11339
11342
11343
11361
11364
11370
11375
11378
11380
11382
11393
11399
11401
11404
11407
11409
11411
11412
11419
11426
11439
11443
11448
11458
11465
11467
11473
11487
11494
11503
11504
11517
11521
11525
11527
11534
11549
11561
11563
11565
11573
11580
11583
11593
11601
11602
11603
11605
11621
11624
11631
11633
11634
11635
11642
11645
11648
11650
11657
11658
11665
11680
11688
11693
11694
11696
11698
11701
11702
11707
11717
11726
11729
11730
11739
11740
11743
11745
11769
11770
11774
11781
11782
11788
11790
11796
11798
11805
11809
11813
11814
11821
11823
11824
11829
11833
11836
11849
11856
11860
11865
11866
11867
11870
11872
11873
11876
11889
11893
11895
11901
11910
11917
11918
11920
11922
11929
11930
11935
11940
11941
11948
11950
11952
11954
11955
11956
11960
11963
11964
11968
11982
11983
11985
11989
11992
11998
12003
12008
12011
12012
12014
12016
12022
12026
12033
12040
12050
12051
12052
12054
12055
12059
12061
12063
12065
12070
12078
12079
12084
12086
12087
12088
12095
12098
12100
12101
12103
12110
12113
12114
12119
12120
12121
12127
12138
12140
12148
12149
12155
12161
12171
12181
12184
12187
12188
12193
12194
12196
12200
12202
12203
12204
12214
12216
12217
12218
12219
12227
12232
12239
12242
12244
12245
12246
12248
12252
12261
12275
12276
12277
12280
12281
12284
12288
12289
12305
12306
12309
12314
12315
12316
12317
12318
12320
12325
12326
12328
12331
12332
12339
12344
12348
12352
12357
12361
12363
12366
12368
12371
12380
12382
12386
12389
12390
12397
12398
12404
12407
12409
12412
12417
12418
12419
12423
12425
12426
12428
12429
12437
12438
12439
12442
12446
12448
12453
12456
12457
12462
12469
12470
12471
12472
12473
12474
12501
12502
12509
12510
12512
12514
12515
12522
12523
12530
12542
12547
12549
12551
12555
12563
12571
12572
12574
12579
12587
12590
12591
12592
12593
12601
12604
12605
12608
12610
12626
12628
12629
12637
12638
12646
12647
12648
12650
12653
12657
12658
12660
12664
12680
12682
12688
12699
12705
12706
12712
12713
12717
12718
12720
12722
12732
12733
12743
12746
12747
12748
12754
12757
12769
12772
12780
12785
12803
12807
12808
12809
12819
12821
12823
12828
12832
12837
12839
12841
12843
12844
12853
12854
12855
12856
12858
12872
12876
12878
12883
12884
12889
12890
12897
12901
12911
12913
12915
12916
12920
12924
12928
12929
12932
12936
12937
12940
12941
12947
12952
12955
12958
12959
12963
12966
12969
12975
12976
12977
12983
12985
12989
12990
12994
12999
13001
13008
13009
13011
13012
13013
13018
13019
13020
13029
13030
13033
13036
13037
13039
13041
13047
13053
13058
13060
13061
13062
13063
13064
13070
13077
13081
13082
13092
13097
13098
13099
13115
13121
13127
13130
13138
13141
13147
13149
13151
13152
13154
13155
13157
13159
13161
13173
13176
13179
13181
13182
13184
13192
13193
13205
13209
13212
13223
13228
13231
13235
13239
13242
13245
13248
13253
13256
13258
13265
13267
13271
13272
13287
13291
13297
13301
13314
13315
13324
13327
13328
13332
13333
13337
13341
13348
13349
13352
13356
13359
13360
13365
13368
13369
13371
13384
13385
13386
13388
13395
13399
13402
13404
13407
13408
13413
13417
13421
13422
13423
13425
13429
13437
13442
13445
13452
13465
13469
13471
13473
13480
13482
13484
13504
13506
13510
13512
13513
13515
13519
13523
13525
13529
13537
13548
13549
13553
13555
13557
13569
13573
13580
13583
13586
13594
13598
13603
13605
13613
13619
13621
13623
13629
13630
13644
13651
13652
13653
13654
13656
13658
13660
13662
13663
13671
13673
13675
13681
13683
13688
13695
13698
13699
13701
13704
13705
13717
13723
13730
13734
13735
13737
13740
13741
13743
13745
13746
13750
13758
13768
13770
13771
13773
13777
13779
13781
13784
13786
13788
13790
13791
13792
13794
13796
13804
13807
13816
13817
13818
13824
13825
13826
13827
13830
13831
13835
13838
13840
13843
13845
13846
13849
13853
13854
13858
13866
13870
13872
13881
13883
13884
13886
13895
13901
13916
13919
13921
13928
13931
13933
13935
13936
13941
13942
13943
13945
13948
13953
13954
13963
13964
13965
13968
13970
13974
13975
13978
13981
13985
13990
13992
13994
13996
13997
14005
14013
14016
14021
14022
14026
14028
14031
14033
14038
14046
14067
14072
14073
14074
14076
14078
14081
14085
14086
14088
14093
14097
14099
14108
14109
14112
14113
14115
14125
14126
14127
14128
14131
14134
14137
14138
14141
14156
14159
14162
14169
14176
14181
14183
14187
14189
14190
14196
14197
14200
14201
14202
14203
14221
14222
14223
14226
14228
14232
14237
14238
14239
14242
14244
14251
14253
14254
14259
14260
14264
14269
14277
14284
14290
14297
14298
14305
14310
14311
14314
14319
14328
14332
14333
14338
14343
14344
14350
14351
14353
14355
14357
14358
14359
14364
14380
14381
14389
14391
14395
14396
14404
14406
14408
14412
14416
14417
14418
14421
14422
14424
14432
14433
14435
14440
14450
14451
14453
14459
14460
14479
14480
14489
14493
14497
14499
14501
14510
14514
14515
14520
14529
14534
14540
14542
14547
14548
14549
14550
14551
14557
14565
14570
14575
14578
14581
14582
14584
14587
14593
14594
14596
14599
14600
14601
14602
14603
14606
14608
14615
14616
14618
14621
14622
14624
14625
14627
14631
14634
14639
14645
14651
14652
14653
14658
14659
14660
14667
14669
14676
14678
14683
14684
14685
14688
14691
14695
14698
14702
14704
14705
14713
14715
14721
14729
14735
14746
14751
14753
14754
14765
14766
14770
14772
14773
14782
14784
14785
14789
14792
14793
14794
14795
14799
14800
14803
14806
14810
14813
14820
14821
14824
14825
14827
14828
14830
14831
14835
14837
14838
14839
14840
14842
14843
14845
14846
14848
14849
14853
14854
14859
14863
14872
14874
14876
14879
14884
14885
14886
14888
14889
14890
14895
14896
14911
14918
14933
14941
14942
14943
14948
14951
14953
14954
14956
14957
14959
14962
14965
14967
14974
14978
14979
14982
14987
14990
14998
15003
15006
15009
15010
15011
15012
15015
15019
15020
15023
15025
15026
15027
15029
15030
15032
15034
15036
15042
15046
15047
15048
15053
15054
15055
15056
15059
15060
15061
15062
15064
15066
15068
15070
15072
15073
15075
15082
15083
15086
15088
15092
15099
15105
15107
15109
15110
15111
15113
15115
15116
15117
15120
15126
15128
15131
15133
15135
15143
15145
15146
15148
15149
15151
15153
15156
15164
15170
15176
15178
15179
15182
15183
15184
15188
15192
15195
15196
15197
15198
15202
15212
15215
15216
15217
15218
15220
15221
15223
15225
15236
15237
15240
15241
15247
15248
15249
15251
15257
15263
15265
15267
15269
15271
15273
15275
15276
15278
15280
15281
15287
15288
15290
15291
15294
15296
15298
15299
15301
15303
15305
15310
15312
15313
15321
15326
15328
15330
15335
15343
15344
15346
15348
15353
15354
15355
15361
15363
15366
15368
15369
15372
15374
15375
15380
15381
15384
15385
15392
15402
15405
15407
15408
15409
15413
15415
15417
15418
15420
15422
15424
15425
15426
15427
15431
15432
15436
15440
15441
15442
15444
15446
15448
15449
15451
15453
15456
15457
15465
15470
15471
15474
15477
15478
15480
15483
15484
15486
15487
15491
15498
15502
15503
15504
15506
15510
15511
15512
15518
15519
15520
15522
15523
15527
15529
15537
15547
15549
15550
15551
15553
15561
15564
15566
15567
15568
15570
15571
15574
15580
15582
15583
15584
15586
15587
15589
15593
15596
15602
15605
15611
15613
15616
15619
15621
15622
15623
15627
15631
15635
15636
15638
15642
15645
15646
15652
15653
15655
15663
15664
15666
15668
15670
15678
15680
15683
15684
15685
15688
15689
15691
15692
15693
15696
15700
15702
15706
15709
15711
15713
15715
15721
15722
15727
15728
15729
15730
15731
15732
15739
15743
15745
15746
15749
15750
15752
15754
15758
15760
15762
15763
15765
15766
15767
15768
15771
15772
15773
15775
15777
15778
15779
15780
15783
15784
15785
15788
15790
15793
15799
15801
15802
15804
15805
15806
15809
15810
15812
15813
15817
15819
15821
15826
15827
15829
15833
15834
15839
15840
15842
15844
15845
15847
15849
15850
15854
15855
15857
15858
15863
15865
15867
15868
15871
15878
15889
15890
15892
15893
15894
15898
15899
15904
15908
15910
15923
15925
15936
15937
15938
15940
15943
15946
15947
15948
15949
15950
15952
15954
15955
15957
15958
15960
15962
15965
15966
15970
15971
15983
15987
15988
15990
15991
15995
15999
16004
16012
16014
16015
16017
16018
16019
16020
16022
16027
16029
16031
16033
16037
16041
16044
16048
16050
16052
16053
16055
16056
16057
16061
16062
16065
16069
16071
16072
16075
16076
16078
16081
16084
16085
16087
16088
16090
16095
16096
16098
16099
16100
16101
16104
16105
16106
16108
16109
16114
16116
16118
16122
16124
16125
16130
16133
16134
16139
16141
16143
16145
16149
16155
16157
16159
16162
16164
16165
16167
16169
16172
16176
16184
16187
16189
16191
16192
16193
16197
16199
16200
16203
16205
16206
16208
16210
16211
16216
16217
16220
16225
16227
16231
16232
16234
16237
16238
16239
16244
16247
16250
16253
16255
16257
16259
16260
16261
16263
16265
16266
16268
16269
16270
16271
16273
16274
16276
16279
16281
16282
16284
16288
16290
16292
16293
16295
16297
16302
16304
16305
16308
16309
16311
16316
16323
16324
16330
16332
16333
16336
16337
16338
16339
16342
16348
16357
16359
16360
16362
16363
16364
16367
16368
16371
16372
16375
16378
16391
16392
16396
16401
16403
16404
16406
16409
16411
16412
16414
16418
16421
16422
16425
16427
16428
16429
16431
16432
16435
16436
16437
16440
16443
16447
16451
16454
16458
16461
16468
16470
16472
16473
16474
16477
16479
16480
16481
16483
16484
16485
16488
16492
16497
16499
16507
16508
16511
16517
16522
16530
16533
16541
16542
16543
16544
16546
16550
16554
16557
16558
16559
16562
16564
16567
16570
16572
16578
16580
16581
16582
16585
16590
16592
16597
16598
16606
16609
16614
16616
16617
16618
16621
16622
16624
16631
16633
16638
16640
16642
16645
16647
16648
16650
16652
16657
16661
16662
16663
16668
16669
16673
16675
16678
16681
16682
16683
16686
16689
16696
16697
16698
16701
16702
16707
16708
16712
16713
16715
16717
16722
16725
16729
16732
16733
16735
16736
16737
16739
16741
16743
16745
16746
16747
16748
16750
16752
16754
16756
16762
16763
16764
16766
16768
16770
16771
16773
16775
16789
16791
16798
16801
16802
16804
16806
16807
16810
16811
16812
16814
16815
16816
16823
16825
16826
16828
16832
16833
16836
16842
16845
16847
16853
16857
16858
16863
16864
16866
16869
16871
16882
16886
16887
16888
16890
16892
16894
16895
16896
16900
16902
16904
16905
16906
16907
16912
16913
16914
16915
16919
16926
16927
16928
16932
16933
16935
16939
16946
16950
16952
16955
16956
16957
16958
16962
16964
16967
16969
16976
16978
16980
16986
16991
16993
16995
16999
17001
17002
17003
17005
17006
17009
17015
17016
17018
17019
17022
17023
17024
17025
17028
17029
17030
17031
17032
17036
17040
17041
17046
17047
17048
17049
17051
17052
17053
17054
17064
17066
17067
17069
17071
17072
17073
17074
17076
17079
17086
17088
17089
17090
17091
17092
17093
17107
17109
17117
17121
17127
17132
17139
17140
17141
17142
17146
17148
17149
17150
17151
17159
17162
17163
17164
17165
17168
17173
17174
17180
17182
17183
17185
17186
17187
17188
17190
17191
17193
17195
17197
17198
17200
17201
17202
17203
17207
17208
17212
17214
17215
17224
17227
17230
17231
17234
17236
17238
17240
17244
17246
17247
17248
17249
17252
17261
17264
17265
17269
17270
17271
17273
17276
17277
17278
17280
17283
17284
17286
17289
17290
17292
17294
17295
17296
17299
17302
17306
17307
17318
17322
17327
17329
17330
17342
17343
17349
17351
17359
17362
17363
17365
17366
17368
17369
17370
17371
17372
17376
17377
17379
17380
17385
17386
17387
17388
17390
17393
17394
17396
17398
17401
17403
17405
17406
17408
17409
17411
17413
17414
17415
17416
17417
17424
17425
17427
17428
17431
17432
17433
17436
17440
17442
17449
17450
17453
17455
17459
17463
17464
17467
17471
17473
17475
17478
17480
17481
17483
17484
17490
17491
17494
17495
17498
17503
17507
17509
17510
17511
17515
17517
17521
17527
17530
17538
17540
17541
17546
17547
17548
17551
17557
17561
17563
17564
17568
17571
17572
17576
17579
17580
17583
17585
17587
17590
17594
17598
17600
17603
17604
17605
17607
17610
17612
17614
17616
17625
17626
17627
17630
17631
17632
17636
17638
17640
17642
17648
17649
17652
17653
17654
17657
17659
17666
17667
17668
17671
17672
17673
17675
17678
17679
17683
17685
17686
17691
17693
17700
17701
17702
17704
17706
17709
17710
17714
17715
17721
17726
17727
17729
17733
17737
17739
17740
17752
17753
17757
17760
17763
17764
17765
17771
17772
17773
17774
17776
17779
17780
17783
17795
17805
17809
17812
17814
17815
17818
17820
17821
17822
17823
17824
17828
17831
17836
17841
17846
17848
17849
17850
17855
17857
17858
17859
17860
17862
17865
17868
17869
17880
17887
17890
17891
17896
17897
17898
17900
17904
17905
17909
17915
17918
17919
17931
17932
17937
17942
17943
17946
17947
17950
17951
17961
17963
17965
17970
17973
17978
17985
17986
17990
17991
17994
17995
17996
17997
18002
18007
18009
18010
18014
18015
18017
18018
18020
18023
18024
18025
18027
18030
18032
18036
18037
18043
18045
18046
18048
18052
18053
18057
18059
18060
18064
18065
18066
18067
18068
18070
18072
18073
18079
18082
18084
18085
18090
18091
18097
18100
18103
18104
18106
18110
18112
18115
18123
18124
18125
18126
18127
18131
18134
18138
18142
18145
18146
18147
18148
18149
18150
18151
18153
18154
18155
18158
18159
18160
18161
18163
18166
18167
18168
18169
18170
18174
18175
18178
18181
18188
18189
18190
18193
18194
18198
18200
18202
18204
18205
18206
18213
18221
18223
18227
18228
18234
18236
18237
18243
18249
18251
18252
18254
18255
18257
18258
18261
18262
18264
18269
18270
18272
18278
18280
18281
18282
18284
18285
18288
18290
18299
18300
18301
18303
18307
18309
18310
18311
18312
18317
18321
18323
18325
18326
18327
18328
18330
18333
18337
18338
18341
18342
18347
18348
18350
18353
18354
18362
18365
18366
18368
18372
18373
18375
18377
18379
18382
18383
18384
18385
18386
18388
18389
18390
18391
18393
18394
18398
18401
18402
18404
18405
18407
18411
18412
18414
18416
18423
18428
18430
18437
18439
18441
18442
18445
18446
18447
18448
18452
18453
18454
18456
18458
18461
18465
18468
18476
18477
18479
18481
18483
18485
18486
18488
18489
18494
18495
18497
18498
18501
18502
18503
18506
18507
18508
18510
18511
18513
18514
18517
18523
18525
18527
18530
18533
18534
18535
18536
18537
18540
18543
18544
18545
18550
18556
18557
18559
18561
18562
18563
18567
18569
18574
18579
18583
18585
18588
18590
18591
18594
18595
18596
18599
18603
18604
18607
18613
18616
18619
18620
18622
18627
18628
18631
18632
18639
18644
18645
18649
18654
18656
18658
18662
18663
18664
18665
18670
18674
18676
18679
18680
18682
18685
18687
18690
18692
18693
18694
18695
18698
18700
18703
18709
18712
18714
18715
18716
18717
18718
18720
18724
18725
18729
18731
18732
18742
18744
18745
18746
18747
18748
18749
18753
18756
18761
18765
18769
18770
18775
18777
18778
18781
18782
18783
18784
18785
18786
18791
18796
18797
18799
18803
18804
18806
18809
18812
18814
18815
18816
18817
18821
18824
18827
18829
18832
18834
18845
18847
18848
18850
18854
18855
18858
18859
18860
18862
18866
18867
18868
18871
18873
18876
18878
18879
18882
18886
18887
18889
18894
18899
18900
18909
18911
18912
18918
18923
18924
18926
18928
18929
18930
18937
18942
18943
18946
18947
18949
18951
18953
18955
18963
18964
18967
18969
18971
18972
18977
18978
18979
18983
18985
18989
18992
18994
18997
18998
19000
19001
19002
19005
19006
19007
19008
19015
19019
19026
19032
19034
19041
19044
19048
19052
19053
19059
19062
19069
19070
19072
19074
19075
19076
19078
19079
19084
19086
19096
19097
19098
19099
19101
19102
19105
19106
19109
19110
19111
19115
19116
19121
19122
19125
19126
19127
19128
19130
19131
19132
19135
19136
19137
19138
19141
19145
19146
19150
19154
19156
19158
19159
19161
19162
19170
19172
19175
19176
19180
19181
19183
19185
19188
19190
19192
19193
19197
19200
19204
19206
19209
19211
19212
19214
19215
19219
19220
19221
19225
19229
19232
19234
19235
19236
19237
19238
19240
19241
19242
19243
19251
19253
19254
19258
19261
19262
19263
19265
19266
19268
19269
19270
19271
19272
19273
19274
19277
19280
19286
19287
19289
19290
19295
19297
19298
19299
19301
19303
19305
19306
19308
19310
19311
19314
19315
19317
19318
19321
19323
19328
19333
19342
19347
19351
19353
19356
19357
19361
19365
19366
19376
19377
19378
19379
19380
19384
19386
19390
19395
19397
19400
19402
19407
19409
19410
19411
19412
19415
19416
19420
19430
19431
19435
19436
19442
19453
19459
19462
19463
19466
19468
19469
19470
19472
19477
19481
19486
19489
19498
19499
19500
19503
19505
19513
19514
19515
19518
19524
19525
19528
19529
19533
19537
19538
19539
19546
19550
19554
19557
19560
19562
19564
19576
19578
19581
19582
19584
19586
19587
19591
19593
19594
19595
19596
19600
19601
19604
19605
19611
19612
19613
19616
19620
19624
19627
19631
19634
19636
19640
19642
19646
19648
19651
19652
19653
19657
19658
19660
19664
19667
19668
19669
19674
19682
19683
19691
19692
19696
19698
19699
19701
19704
19707
19708
19710
19711
19713
19714
19716
19720
19722
19723
19727
19729
19731
19732
19733
19735
19740
19742
19744
19749
19750
19751
19754
19758
19760
19770
19771
19775
19777
19781
19782
19784
19785
19786
19788
19790
19792
19793
19799
19801
19802
19808
19815
19816
19817
19822
19825
19826
19828
19831
19833
19836
19839
19840
19842
19844
19845
19848
19850
19853
19854
19855
19856
19860
19861
19863
19865
19867
19868
19870
19874
19875
19876
19877
19878
19879
19881
19882
19883
19884
19886
19887
19894
19895
19899
19900
19902
19903
19905
19908
19909
19910
19912
19913
19914
19916
19921
19925
19927
19928
19931
19933
19943
19945
19947
19948
19956
19958
19963
19969
19974
19978
19980
19981
19982
19983
19987
19989
19990
19992
19995
19998
19999
20007
20012
20020
20024
20032
20035
20047
20048
20049
20052
20053
20054
20058
20076
20080
20086
20087
20089
20091
20092
20095
20102
20124
20129
20140
20145
20148
20150
20154
20160
20161
20162
20163
20165
20166
20169
20170
20174
20179
20182
20196
20200
20204
20206
20210
20211
20212
20218
20232
20236
20242
20245
20249
20261
20262
20265
20284
20286
20288
20299
20300
20308
20313
20319
20321
20322
20327
20330
20342
20348
20350
20354
20356
20357
20359
20362
20363
20364
20372
20377
20378
20380
20382
20391
20392
20393
20396
20405
20407
20412
20422
20427
20431
20436
20439
20447
20448
20455
20457
20458
20485
20486
20487
20492
20495
20498
20501
20511
20516
20518
20519
20527
20531
20539
20542
20545
20546
20549
20553
20558
20559
20561
20568
20574
20576
20577
20591
20593
20600
20608
20615
20618
20626
20628
20641
20644
20645
20646
20649
20664
20674
20676
20686
20689
20697
20710
20712
20717
20724
20725
20732
20733
20738
20746
20748
20751
20754
20756
20759
20765
20772
20774
20779
20787
20793
20794
20800
20808
20812
20814
20818
20830
20833
20839
20840
20857
20865
20869
20877
20878
20881
20884
20897
20906
20909
20911
20912
20914
20937
20940
20942
20960
20961
20964
20969
20979
20984
20986
20996
20999
21001
21013
21022
21024
21031
21033
21035
21044
21053
21057
21058
21061
21065
21083
21086
21088
21093
21098
21099
21100
21105
21107
21117
21126
21139
21142
21145
21148
21154
21155
21168
21170
21173
21174
21179
21185
21187
21195
21199
21202
21208
21210
21217
21225
21227
21228
21230
21236
21239
21241
21243
21262
21279
21281
21286
21293
21294
21303
21308
21315
21316
21317
21321
21322
21335
21348
21350
21353
21356
21365
21366
21373
21376
21380
21384
21386
21400
21410
21411
21413
21414
21415
21417
21421
21425
21426
21429
21431
21433
21435
21436
21440
21445
21447
21449
21459
21460
21462
21470
21482
21503
21516
21524
21537
21539
21546
21551
21552
21553
21555
21556
21563
21566
21567
21569
21576
21577
21579
21584
21585
21589
21593
21594
21601
21606
21608
21611
21634
21647
21649
21652
21665
21672
21690
21699
21701
21703
21709
21710
21711
21717
21720
21743
21744
21751
21755
21759
21761
21762
21764
21769
21775
21779
21784
21785
21790
21793
21794
21795
21820
21830
21831
21836
21837
21839
21843
21846
21857
21860
21861
21870
21872
21882
21885
21892
21900
21903
21922
21937
21944
21950
21961
21966
21967
21976
21982
21985
21990
21992
21993
22003
22007
22010
22012
22014
22028
22030
22031
22040
22045
22051
22052
22055
22059
22060
22061
22066
22070
22076
22077
22081
22085
22099
22105
22108
22113
22114
22124
22131
22132
22136
22138
22142
22144
22158
22159
22162
22166
22169
22172
22174
22176
22177
22180
22182
22196
22199
22200
22209
22216
22217
22221
22224
22235
22247
22255
22261
22262
22264
22277
22282
22283
22289
22291
22297
22302
22304
22308
22319
22320
22322
22324
22340
22349
22354
22356
22358
22360
22364
22368
22371
22376
22381
22383
22386
22393
22396
22398
22403
22411
22412
22421
22425
22433
22444
22446
22461
22462
22463
22469
22476
22477
22478
22483
22490
22493
22495
22500
22505
22507
22509
22511
22517
22519
22522
22530
22531
22534
22535
22546
22548
22554
22555
22557
22558
22567
22569
22574
22577
22586
22591
22604
22607
22610
22615
22622
22632
22633
22637
22638
22640
22642
22645
22648
22651
22654
22671
22675
22681
22682
22686
22691
22692
22697
22700
22704
22708
22715
22719
22725
22726
22728
22733
22740
22747
22759
22763
22768
22771
22779
22780
22781
22792
22802
22805
22823
22830
22839
22842
22843
22850
22859
22867
22870
22872
22879
22881
22883
22889
22893
22896
22900
22902
22903
22904
22906
22908
22912
22914
22917
22928
22934
22935
22938
22939
22942
22951
22952
22954
22957
22959
22964
22973
22983
22984
22988
22993
22997
22998
22999
23013
23016
23019
23021
23034
23052
23053
23054
23056
23069
23071
23073
23079
23082
23088
23097
23105
23113
23114
23119
23121
23129
23138
23140
23150
23155
23159
23171
23174
23188
23196
23198
23206
23224
23233
23236
23238
23239
23242
23252
23254
23255
23256
23262
23265
23275
23290
23294
23312
23316
23334
23341
23343
23346
23352
23363
23372
23374
23376
23378
23381
23391
23393
23403
23404
23411
23417
23418
23424
23431
23434
23436
23438
23450
23453
23459
23463
23465
23466
23469
23480
23482
23483
23484
23488
23491
23492
23493
23496
23497
23502
23509
23511
23520
23522
23530
23533
23537
23545
23550
23565
23567
23572
23585
23587
23598
23608
23609
23614
23623
23627
23629
23630
23633
23643
23660
23663
23670
23684
23706
23715
23719
23720
23721
23724
23726
23740
23741
23744
23751
23753
23755
23773
23778
23782
23786
23793
23794
23797
23798
23807
23811
23812
23814
23826
23827
23844
23867
23875
23877
23884
23886
23901
23905
23908
23911
23924
23925
23929
23931
23934
23952
23960
23962
23967
23971
23973
23982
23991
23992
24005
24006
24017
24031
24034
24041
24042
24043
24062
24064
24070
24071
24076
24084
24087
24093
24102
24104
24111
24112
24117
24118
24119
24121
24122
24131
24133
24135
24136
24145
24148
24150
24172
24173
24175
24185
24193
24198
24199
24212
24232
24238
24240
24241
24256
24264
24266
24269
24272
24273
24276
24279
24281
24282
24283
24286
24288
24292
24295
24303
24305
24311
24314
24317
24320
24324
24329
24331
24337
24338
24351
24359
24364
24368
24382
24388
24399
24408
24411
24414
24417
24420
24427
24430
24435
24437
24447
24450
24458
24473
24475
24478
24479
24486
24491
24500
24502
24503
24505
24507
24508
24518
24522
24524
24541
24546
24553
24554
24555
24563
24567
24570
24572
24582
24585
24590
24592
24594
24596
24606
24609
24614
24615
24616
24622
24625
24629
24646
24650
24652
24654
24659
24663
24676
24677
24680
24683
24686
24687
24691
24693
24697
24704
24705
24707
24710
24717
24718
24720
24735
24739
24744
24748
24752
24753
24755
24759
24762
24768
24784
24793
24811
24812
24814
24816
24817
24819
24820
24825
24826
24834
24866
24867
24872
24873
24879
24882
24890
24891
24900
24901
24906
24907
24914
24919
24923
24924
24930
24931
24937
24942
24943
24947
24951
24952
24961
24972
24978
24982
24983
24992
25001
25010
25016
25021
25022
25026
25031
25034
25036
25038
25040
25048
25050
25055
25061
25063
25070
25073
25075
25077
25090
25099
25102
25107
25108
25112
25114
25115
25116
25118
25120
25125
25129
25136
25137
25141
25143
25146
25148
25149
25150
25154
25155
25160
25164
25165
25168
25169
25179
25181
25184
25187
25197
25199
25200
25201
25202
25205
25217
25218
25223
25231
25234
25235
25236
25237
25248
25249
25254
25256
25258
25263
25264
25265
25277
25279
25280
25284
25285
25290
25292
25296
25304
25310
25314
25316
25317
25318
25319
25322
25326
25327
25329
25334
25335
25341
25345
25346
25347
25350
25356
25362
25370
25375
25378
25379
25380
25382
25387
25392
25394
25400
25413
25422
25441
25443
25456
25458
25461
25463
25478
25483
25487
25489
25490
25497
25508
25514
25515
25516
25519
25528
25529
25530
25531
25532
25540
25544
25548
25550
25552
25553
25554
25560
25561
25567
25569
25570
25571
25574
25575
25577
25580
25590
25595
25597
25600
25604
25605
25606
25609
25611
25612
25616
25617
25621
25622
25623
25629
25631
25636
25639
25640
25645
25649
25657
25669
25672
25677
25678
25681
25686
25694
25696
25703
25705
25706
25716
25719
25722
25724
25727
25733
25735
25738
25743
25751
25753
25756
25757
25758
25759
25761
25762
25764
25766
25778
25786
25788
25793
25795
25802
25806
25808
25809
25811
25815
25816
25817
25827
25829
25831
25832
25833
25834
25840
25848
25849
25856
25863
25866
25870
25880
25881
25885
25886
25899
25901
25919
25921
25927
25929
25930
25936
25940
25942
25945
25946
25950
25953
25955
25957
25967
25972
25975
25978
25991
25994
25995
25996
25997
25999
26000
26002
26003
26010
26012
26016
26017
26020
26023
26034
26040
26044
26046
26048
26049
26053
26055
26057
26061
26073
26074
26076
26077
26079
26083
26087
26088
26091
26092
26098
26100
26101
26103
26104
26108
26113
26114
26117
26119
26121
26128
26135
26138
26142
26144
26146
26149
26150
26156
26160
26162
26167
26170
26171
26172
26179
26181
26187
26191
26194
26196
26198
26199
26210
26215
26216
26217
26218
26219
26224
26227
26229
26231
26232
26233
26236
26238
26239
26248
26249
26253
26254
26255
26262
26265
26268
26269
26270
26271
26275
26277
26280
26281
26283
26284
26287
26289
26300
26306
26310
26313
26319
26322
26324
26331
26334
26335
26337
26340
26343
26346
26347
26348
26350
26351
26356
26358
26360
26367
26370
26371
26372
26378
26379
26380
26385
26391
26392
26396
26401
26405
26408
26409
26413
26415
26417
26419
26429
26438
26439
26445
26446
26447
26448
26450
26451
26452
26456
26459
26464
26466
26474
26476
26485
26489
26500
26505
26506
26510
26511
26519
26523
26533
26535
26538
26539
26542
26543
26544
26548
26565
26567
26570
26575
26576
26577
26578
26581
26583
26591
26592
26598
26599
26602
26605
26608
26609
26610
26614
26619
26621
26623
26624
26625
26626
26628
26630
26633
26635
26638
26645
26646
26648
26654
26656
26663
26665
26669
26670
26677
26678
26679
26680
26682
26686
26688
26690
26692
26693
26697
26706
26707
26709
26710
26711
26713
26731
26733
26737
26738
26739
26741
26743
26744
26747
26749
26752
26756
26757
26761
26762
26770
26776
26778
26780
26785
26786
26787
26790
26795
26798
26802
26806
26810
26815
26816
26822
26830
26833
26834
26844
26852
26859
26864
26865
26866
26874
26875
26879
26882
26885
26886
26892
26894
26899
26900
26904
26906
26907
26909
26910
26914
26919
26920
26921
26923
26930
26933
26936
26939
26943
26946
26947
26949
26954
26959
26961
26964
26968
26978
26980
26991
26994
26995
26997
27001
27003
27007
27014
27018
27023
27024
27025
27026
27028
27031
27034
27036
27043
27045
27046
27047
27048
27049
27052
27054
27056
27059
27063
27071
27075
27076
27077
27078
27082
27084
27088
27094
27095
27096
27100
27103
27104
27108
27110
27111
27115
27118
27119
27120
27122
27123
27125
27126
27132
27133
27137
27138
27139
27140
27143
27147
27148
27150
27156
27159
27169
27170
27171
27172
27189
27193
27195
27198
27203
27206
27208
27212
27217
27218
27220
27226
27228
27229
27238
27244
27246
27249
27250
27252
27259
27260
27264
27267
27268
27274
27277
27281
27283
27285
27289
27293
27299
27314
27319
27321
27323
27325
27327
27330
27331
27333
27334
27335
27337
27339
27340
27342
27343
27345
27346
27347
27353
27354
27355
27360
27366
27369
27374
27376
27379
27382
27384
27388
27390
27395
27397
27398
27400
27404
27411
27418
27419
27420
27421
27423
27425
27433
27434
27435
27440
27442
27444
27449
27452
27453
27456
27457
27463
27467
27468
27470
27471
27472
27492
27494
27495
27504
27505
27506
27515
27516
27517
27519
27520
27524
27528
27529
27533
27534
27537
27541
27550
27551
27552
27555
27557
27558
27562
27565
27567
27570
27571
27576
27577
27579
27585
27587
27590
27596
27598
27603
27604
27607
27609
27610
27613
27614
27615
27617
27618
27622
27624
27625
27626
27631
27634
27635
27638
27641
27642
27644
27646
27647
27650
27654
27666
27667
27672
27674
27682
27686
27687
27688
27689
27692
27702
27705
27708
27713
27719
27720
27723
27725
27732
27735
27738
27739
27740
27741
27744
27747
27749
27752
27755
27757
27768
27769
27777
27780
27782
27790
27791
27792
27800
27803
27804
27806
27808
27816
27820
27824
27830
27831
27834
27838
27839
27841
27846
27848
27850
27851
27854
27857
27861
27867
27870
27873
27874
27882
27883
27897
27899
27900
27901
27902
27904
27907
27913
27916
27919
27922
27927
27929
27930
27933
27935
27939
27940
27941
27945
27947
27953
27955
27977
27980
27986
27990
27993
27995
27996
28000
28002
28004
28005
28006
28007
28008
28012
28014
28020
28021
28027
28032
28041
28045
28047
28051
28052
28059
28060
28063
28064
28065
28068
28070
28074
28075
28076
28077
28081
28089
28090
28091
28093
28101
28104
28106
28107
28108
28116
28130
28132
28135
28137
28147
28148
28153
28161
28163
28168
28169
28170
28171
28173
28174
28178
28182
28183
28187
28190
28206
28213
28214
28220
28229
28238
28239
28243
28246
28249
28259
28261
28262
28264
28271
28273
28275
28278
28284
28291
28302
28304
28305
28307
28309
28315
28316
28322
28325
28330
28331
28337
28341
28351
28360
28361
28363
28372
28377
28388
28389
28390
28393
28395
28396
28398
28402
28403
28406
28411
28415
28418
28421
28426
28428
28432
28433
28434
28435
28438
28447
28448
28449
28452
28454
28461
28464
28467
28469
28471
28477
28480
28481
28485
28488
28490
28492
28499
28500
28506
28509
28511
28512
28515
28516
28517
28522
28523
28525
28526
28527
28529
28530
28533
28540
28544
28546
28547
28550
28552
28553
28556
28557
28558
28561
28562
28566
28567
28569
28572
28573
28574
28581
28582
28583
28584
28585
28587
28589
28590
28592
28593
28603
28604
28605
28606
28607
28613
28615
28618
28626
28630
28631
28636
28640
28642
28643
28646
28647
28648
28650
28651
28662
28666
28668
28671
28672
28674
28676
28682
28683
28686
28687
28688
28689
28692
28704
28705
28708
28709
28711
28712
28714
28716
28721
28724
28732
28742
28746
28750
28754
28755
28757
28764
28767
28768
28769
28771
28774
28776
28778
28782
28784
28787
28788
28791
28793
28800
28803
28804
28807
28810
28813
28815
28819
28820
28823
28825
28826
28827
28829
28830
28832
28833
28838
28840
28845
28846
28851
28852
28864
28866
28870
28873
28875
28877
28883
28891
28892
28898
28901
28904
28906
28908
28909
28911
28915
28916
28917
28918
28921
28924
28925
28928
28929
28930
28931
28932
28938
28940
28941
28946
28947
28950
28951
28952
28966
28967
28970
28971
28978
28984
28988
28990
28994
28996
29003
29006
29008
29015
29020
29021
29023
29025
29026
29031
29035
29038
29040
29048
29050
29058
29059
29061
29063
29067
29071
29072
29074
29075
29076
29077
29079
29081
29082
29083
29087
29088
29090
29093
29095
29098
29099
29100
29111
29115
29116
29117
29118
29121
29123
29125
29127
29128
29133
29137
29139
29143
29144
29145
29152
29154
29156
29160
29163
29164
29171
29174
29175
29176
29180
29182
29195
29200
29210
29215
29218
29219
29220
29230
29245
29252
29253
29256
29258
29259
29260
29263
29267
29272
29274
29275
29276
29277
29279
29280
29282
29283
29284
29285
29286
29291
29292
29295
29304
29314
29320
29321
29323
29333
29334
29336
29343
29347
29354
29355
29358
29361
29363
29364
29365
29366
29367
29370
29374
29375
29376
29377
29378
29382
29383
29384
29385
29386
29390
29394
29397
29401
29408
29411
29412
29414
29416
29419
29423
29425
29428
29432
29442
29444
29449
29453
29457
29462
29469
29471
29472
29482
29485
29487
29494
29498
29503
29504
29507
29509
29511
29519
29520
29526
29533
29536
29540
29541
29543
29544
29545
29546
29556
29557
29558
29562
29566
29568
29569
29570
29572
29576
29578
29580
29582
29585
29588
29590
29592
29593
29594
29597
29598
29604
29606
29611
29612
29616
29618
29620
29622
29623
29626
29627
29628
29633
29634
29636
29645
29650
29651
29655
29664
29666
29668
29673
29680
29682
29690
29692
29696
29701
29704
29706
29708
29709
29710
29711
29712
29714
29716
29718
29721
29722
29739
29740
29743
29748
29752
29757
29761
29762
29769
29773
29779
29789
29795
29797
29799
29801
29807
29809
29812
29819
29820
29823
29828
29830
29836
29844
29847
29852
29853
29860
29865
29867
29873
29881
29891
29893
29894
29896
29901
29902
29903
29905
29909
29920
29924
29927
29929
29939
29941
29949
29950
29953
29954
29957
29958
29959
29962
29964
29967
29969
29984
29986
29989
29994
29997
29998
29999
30000
30009
30010
30020
30043
30050
30062
30084
30090
30097
30111
30114
30116
30124
30149
30173
30177
30193
30197
30209
30217
30220
30227
30228
30241
30243
30244
30249
30250
30261
30271
30276
30291
30300
30315
30318
30327
30330
30334
30336
30344
30367
30368
30369
30370
30371
30372
30373
30374
30383
30387
30391
30412
30448
30449
30457
30460
30462
30465
30472
30485
30508
30514
30539
30543
30561
30562
30577
30594
30598
30601
30612
30615
30632
30640
30646
30656
30660
30661
30665
30673
30676
30678
30681
30685
30689
30697
30718
30719
30728
30730
30734
30736
30745
30755
30758
30761
30765
30767
30776
30781
30782
30784
30785
30788
30789
30791
30793
30794
30803
30809
30810
30825
30852
30859
30875
30876
30885
30890
30893
30898
30910
30921
30933
30950
30951
30957
30960
30967
30972
30987
30989
30998
31001
31002
31004
31011
31013
31014
31019
31021
31043
31048
31055
31065
31070
31074
31081
31084
31091
31101
31105
31109
31111
31112
31121
31130
31133
31135
31142
31145
31164
31168
31179
31180
31195
31197
31198
31202
31208
31217
31218
31219
31222
31228
31241
31244
31248
31249
31262
31265
31278
31291
31292
31297
31298
31302
31308
31314
31315
31329
31338
31344
31345
31371
31375
31381
31396
31406
31413
31414
31429
31436
31465
31471
31486
31487
31500
31507
31508
31530
31538
31539
31541
31562
31563
31575
31579
31589
31592
31593
31602
31609
31618
31620
31626
31636
31640
31641
31649
31653
31654
31658
31664
31668
31673
31676
31677
31678
31697
31708
31715
31725
31740
31744
31747
31755
31761
31764
31766
31770
31775
31776
31784
31785
31791
31809
31813
31828
31834
31837
31839
31842
31844
31857
31863
31883
31885
31896
31898
31907
31914
31919
31935
31941
31948
31952
31953
31954
31956
31957
31961
31981
31983
31986
31990
31993
31994
32000
32018
32019
32036
32046
32058
32065
32069
32073
32075
32080
32087
32099
32104
32105
32127
32130
32131
32148
32160
32169
32175
32176
32183
32184
32186
32187
32191
32196
32205
32219
32222
32228
32233
32241
32247
32250
32260
32264
32266
32281
32282
32285
32302
32303
32304
32312
32315
32325
32326
32332
32337
32342
32354
32367
32385
32389
32393
32394
32395
32396
32403
32412
32434
32435
32453
32458
32459
32462
32473
32474
32475
32478
32483
32494
32498
32501
32506
32510
32517
32523
32559
32561
32565
32585
32587
32589
32598
32602
32610
32611
32615
32627
32642
32650
32653
32659
32660
32689
32693
32696
32705
32709
32714
32733
32735
32757
32760
32773
32774
32775
32777
32778
32782
32784
32787
32789
32813
32816
32828
32833
32860
32862
32869
32902
32903
32910
32915
32916
32921
32926
32927
32929
32932
32939
32951
32954
32972
32973
32982
32983
32989
32996
33006
33009
33030
33041
33044
33050
33053
33058
33059
33063
33064
33071
33072
33079
33081
33087
33097
33102
33105
33120
33126
33129
33131
33133
33151
33163
33168
33176
33184
33186
33195
33197
33201
33205
33207
33210
33213
33218
33229
33235
33247
33249
33258
33260
33275
33278
33282
33291
33292
33296
33301
33306
33323
33324
33334
33341
33357
33365
33366
33371
33378
33381
33384
33386
33388
33398
33411
33412
33426
33433
33438
33440
33445
33464
33481
33493
33498
33504
33506
33518
33526
33531
33532
33553
33560
33565
33572
33577
33584
33585
33605
33608
33611
33616
33617
33626
33629
33640
33647
33650
33656
33659
33669
33682
33688
33691
33703
33704
33710
33712
33716
33717
33720
33736
33772
33773
33779
33780
33781
33789
33802
33809
33810
33815
33822
33832
33834
33842
33844
33846
33847
33867
33878
33879
33886
33892
33895
33904
33926
33931
33936
33941
33946
33947
33949
33951
33955
33962
33967
33972
33988
33994
34005
34013
34016
34018
34031
34039
34056
34059
34063
34071
34076
34077
34089
34091
34094
34104
34105
34123
34125
34127
34147
34160
34161
34172
34176
34179
34185
34192
34195
34197
34203
34208
34210
34216
34224
34226
34232
34246
34247
34249
34251
34263
34265
34272
34274
34280
34283
34286
34295
34299
34306
34316
34321
34326
34327
34339
34352
34353
34359
34362
34365
34385
34394
34395
34408
34409
34413
34424
34434
34453
34461
34465
34483
34488
34496
34499
34505
34506
34512
34521
34527
34535
34543
34552
34554
34557
34561
34562
34568
34572
34577
34591
34595
34599
34602
34611
34616
34621
34637
34640
34641
34643
34650
34655
34663
34668
34670
34674
34680
34681
34683
34690
34691
34702
34711
34718
34733
34748
34776
34779
34782
34791
34793
34812
34815
34816
34826
34833
34838
34839
34847
34860
34864
34870
34873
34883
34891
34895
34896
34905
34910
34919
34924
34929
34930
34932
34936
34952
34960
34966
34968
34970
34978
34980
34984
34998
35001
35004
35005
35010
35013
35014
35042
35045
35046
35063
35066
35070
35075
35078
35080
35083
35092
35103
35109
35114
35126
35137
35139
35142
35155
35156
35160
35165
35166
35170
35175
35181
35184
35197
35210
35220
35249
35250
35253
35257
35258
35262
35270
35276
35290
35301
35309
35311
35312
35313
35327
35335
35347
35366
35367
35369
35382
35392
35419
35424
35430
35432
35438
35441
35448
35449
35471
35476
35498
35502
35505
35508
35509
35514
35516
35526
35535
35537
35543
35552
35567
35568
35569
35573
35576
35577
35579
35581
35597
35600
35605
35606
35619
35621
35635
35655
35657
35671
35674
35677
35680
35681
35683
35701
35705
35711
35715
35718
35723
35724
35729
35741
35744
35746
35756
35759
35760
35768
35773
35811
35813
35814
35831
35832
35837
35841
35848
35855
35859
35877
35881
35889
35896
35899
35902
35903
35908
35909
35912
35933
35940
35944
35947
35959
35964
35981
35986
35989
35990
35999
36002
36006
36014
36030
36033
36034
36037
36046
36047
36052
36068
36077
36091
36093
36107
36119
36122
36134
36137
36140
36149
36150
36159
36164
36166
36187
36197
36200
36201
36207
36216
36227
36235
36252
36257
36259
36261
36264
36265
36267
36280
36284
36291
36293
36314
36316
36329
36331
36332
36334
36349
36360
36363
36377
36383
36399
36405
36409
36413
36415
36416
36423
36425
36426
36427
36429
36435
36438
36447
36450
36458
36471
36476
36481
36491
36493
36494
36504
36511
36513
36519
36531
36539
36540
36548
36560
36574
36575
36585
36587
36605
36606
36607
36611
36620
36623
36632
36634
36636
36639
36644
36651
36653
36655
36657
36659
36665
36703
36715
36725
36745
36751
36756
36757
36767
36782
36790
36791
36793
36803
36815
36817
36823
36826
36828
36829
36832
36834
36852
36856
36863
36866
36869
36873
36884
36885
36891
36893
36899
36900
36903
36912
36913
36918
36921
36924
36925
36927
36939
36943
36952
36965
36982
36992
36993
37010
37015
37045
37048
37049
37050
37054
37057
37062
37069
37075
37080
37088
37091
37098
37101
37104
37125
37131
37142
37155
37167
37171
37174
37175
37187
37196
37202
37204
37205
37211
37218
37220
37224
37229
37230
37234
37258
37263
37265
37286
37288
37289
37291
37296
37331
37335
37339
37353
37369
37379
37380
37386
37395
37404
37408
37415
37421
37422
37435
37437
37439
37441
37449
37478
37482
37488
37489
37494
37498
37504
37527
37536
37553
37555
37560
37563
37565
37567
37569
37570
37572
37579
37581
37591
37592
37593
37595
37600
37617
37620
37622
37626
37628
37630
37637
37641
37655
37657
37658
37671
37672
37675
37679
37683
37690
37693
37704
37719
37721
37725
37729
37736
37739
37752
37754
37779
37781
37782
37790
37798
37804
37813
37838
37841
37842
37844
37847
37859
37867
37880
37892
37901
37906
37910
37916
37919
37921
37928
37930
37934
37952
37955
37959
37978
37983
38005
38009
38010
38017
38018
38021
38022
38026
38030
38039
38048
38050
38061
38067
38072
38077
38096
38101
38107
38117
38124
38133
38137
38144
38151
38158
38180
38183
38211
38215
38223
38226
38227
38229
38233
38238
38245
38250
38267
38268
38271
38272
38279
38288
38296
38306
38307
38322
38330
38351
38359
38364
38369
38373
38377
38379
38384
38394
38400
38408
38422
38425
38434
38456
38465
38467
38471
38474
38492
38511
38524
38556
38557
38558
38562
38563
38593
38594
38598
38599
38609
38613
38627
38628
38629
38631
38634
38638
38646
38651
38653
38666
38673
38684
38685
38686
38688
38703
38708
38725
38727
38752
38768
38769
38789
38797
38804
38805
38823
38831
38836
38844
38845
38847
38848
38858
38864
38869
38873
38884
38886
38888
38891
38892
38895
38903
38905
38913
38914
38916
38924
38927
38931
38935
38937
38939
38958
38963
38981
38987
38988
39000
39001
39002
39011
39014
39019
39032
39041
39044
39047
39058
39061
39069
39077
39079
39080
39084
39089
39098
39099
39105
39120
39121
39125
39152
39155
39158
39166
39168
39170
39179
39193
39224
39245
39246
39247
39257
39259
39260
39262
39267
39278
39283
39284
39286
39297
39304
39306
39311
39316
39329
39336
39344
39349
39352
39358
39361
39363
39365
39383
39390
39398
39399
39416
39419
39424
39433
39448
39488
39497
39500
39513
39522
39523
39525
39532
39545
39555
39564
39572
39577
39582
39589
39595
39596
39617
39619
39620
39628
39633
39634
39636
39643
39648
39657
39658
39686
39696
39714
39721
39733
39735
39737
39741
39745
39746
39748
39751
39760
39761
39762
39763
39764
39770
39788
39789
39797
39806
39817
39848
39851
39857
39859
39862
39864
39880
39888
39895
39902
39913
39917
39934
39943
39945
39946
39948
39950
39952
39964
39965
39968
39976
39981
39982
39998
39999
40008
40014
40024
40043
40050
40066
40068
40072
40082
40084
40087
40089
40092
40112
40118
40131
40157
40159
40160
40164
40166
40167
40168
40169
40190
40203
40208
40211
40223
40224
40225
40226
40227
40249
40255
40257
40263
40264
40266
40273
40281
40283
40285
40312
40326
40328
40340
40345
40352
40355
40361
40363
40373
40378
40379
40383
40401
40407
40417
40429
40443
40450
40473
40491
40498
40503
40511
40523
40527
40535
40538
40551
40564
40586
40608
40612
40628
40642
40654
40655
40659
40674
40676
40678
40683
40692
40744
40750
40760
40782
40797
40803
40806
40823
40830
40831
40837
40839
40845
40847
40848
40850
40855
40858
40864
40876
40880
40881
40883
40884
40885
40888
40894
40902
40908
40909
40915
40920
40921
40933
40939
40943
40954
40958
40959
40963
40980
40989
40991
41006
41015
41017
41018
41038
41039
41046
41047
41058
41075
41078
41089
41100
41114
41130
41135
41140
41144
41167
41168
41169
41172
41192
41205
41207
41209
41212
41234
41235
41236
41254
41260
41261
41265
41266
41272
41286
41288
41293
41297
41299
41314
41317
41321
41334
41344
41352
41365
41367
41368
41370
41374
41377
41381
41386
41387
41392
41396
41403
41404
41415
41454
41459
41463
41474
41478
41479
41497
41498
41516
41522
41525
41537
41544
41562
41568
41574
41586
41589
41594
41601
41610
41618
41626
41629
41635
41659
41666
41674
41684
41688
41694
41722
41727
41730
41746
41751
41757
41762
41767
41769
41784
41787
41794
41800
41818
41824
41825
41829
41831
41832
41833
41840
41850
41851
41864
41865
41873
41874
41901
41922
41926
41933
41937
41942
41957
41963
41973
41978
41998
42003
42031
42034
42046
42061
42075
42078
42079
42082
42096
42103
42134
42156
42161
42171
42172
42185
42192
42203
42215
42229
42246
42247
42252
42261
42262
42267
42272
42274
42276
42279
42282
42287
42329
42331
42337
42345
42346
42347
42348
42369
42376
42383
42384
42390
42391
42401
42406
42411
42413
42429
42436
42437
42440
42446
42449
42465
42478
42486
42493
42496
42506
42509
42519
42525
42531
42533
42537
42566
42573
42574
42575
42587
42588
42600
42614
42636
42638
42648
42652
42653
42656
42664
42668
42679
42681
42687
42688
42706
42714
42716
42720
42747
42751
42758
42761
42766
42767
42773
42781
42790
42796
42799
42800
42808
42810
42827
42861
42863
42868
42869
42871
42872
42875
42884
42886
42887
42899
42908
42915
42919
42924
42929
42945
42951
42952
42957
42958
42968
42977
42980
42998
43009
43013
43022
43026
43031
43037
43047
43094
43106
43107
43119
43131
43141
43146
43147
43148
43156
43159
43161
43169
43184
43187
43190
43203
43220
43222
43228
43237
43252
43255
43305
43308
43313
43331
43333
43340
43344
43354
43358
43360
43377
43379
43380
43384
43391
43407
43412
43414
43419
43428
43442
43445
43447
43456
43459
43483
43489
43494
43500
43512
43514
43516
43524
43526
43539
43541
43560
43562
43563
43568
43585
43594
43596
43602
43624
43625
43627
43634
43647
43654
43655
43666
43668
43672
43687
43695
43698
43699
43702
43718
43719
43720
43726
43745
43747
43766
43774
43776
43787
43790
43791
43796
43800
43803
43808
43810
43811
43814
43822
43827
43842
43845
43852
43856
43858
43859
43864
43865
43867
43881
43882
43889
43901
43909
43919
43922
43923
43929
43930
43932
43947
43954
43961
43967
43977
43985
43988
43989
44004
44006
44012
44013
44027
44032
44038
44041
44051
44053
44054
44077
44082
44088
44093
44099
44103
44106
44107
44117
44127
44133
44137
44148
44171
44178
44191
44192
44197
44214
44227
44228
44234
44244
44269
44270
44289
44293
44314
44317
44318
44326
44342
44351
44365
44366
44371
44375
44389
44395
44396
44413
44426
44429
44435
44436
44447
44455
44456
44484
44489
44518
44523
44525
44528
44533
44535
44547
44569
44594
44596
44627
44628
44631
44653
44662
44667
44668
44670
44676
44677
44681
44684
44686
44705
44708
44709
44710
44718
44721
44728
44734
44735
44748
44761
44769
44770
44785
44792
44800
44803
44807
44812
44813
44817
44818
44822
44824
44864
44872
44886
44890
44898
44905
44914
44920
44927
44929
44937
44947
44954
44958
44971
44974
44975
44986
44990
44991
45005
45014
45016
45021
45027
45029
45032
45035
45036
45048
45067
45075
45093
45104
45105
45118
45119
45121
45124
45127
45136
45138
45149
45166
45167
45171
45182
45187
45193
45198
45202
45204
45205
45207
45212
45213
45221
45225
45234
45241
45245
45252
45254
45255
45262
45265
45273
45276
45300
45302
45305
45316
45336
45347
45349
45366
45376
45390
45402
45403
45412
45427
45440
45442
45444
45483
45486
45493
45500
45515
45524
45525
45554
45558
45588
45591
45609
45611
45618
45623
45632
45634
45635
45640
45651
45652
45664
45667
45670
45676
45679
45698
45700
45724
45738
45744
45746
45747
45761
45799
45813
45817
45820
45821
45823
45827
45844
45847
45855
45858
45860
45861
45866
45869
45880
45883
45891
45907
45910
45911
45917
45920
45923
45942
45945
45948
45956
45972
45977
45985
45986
45988
45991
45994
46025
46027
46029
46031
46037
46050
46080
46091
46096
46138
46144
46154
46158
46165
46167
46175
46176
46189
46201
46216
46224
46233
46240
46250
46262
46264
46276
46283
46293
46297
46298
46303
46311
46316
46318
46327
46339
46345
46357
46362
46364
46370
46374
46396
46398
46402
46404
46416
46417
46423
46424
46426
46438
46443
46447
46454
46456
46458
46490
46491
46497
46512
46527
46532
46542
46543
46549
46562
46572
46579
46598
46605
46619
46627
46628
46641
46647
46656
46681
46701
46704
46713
46714
46719
46721
46726
46727
46730
46735
46738
46743
46758
46767
46768
46777
46779
46796
46823
46824
46832
46843
46848
46851
46854
46856
46880
46891
46904
46908
46916
46927
46937
46947
46952
46965
46985
46986
47014
47015
47016
47031
47040
47048
47052
47055
47056
47060
47063
47066
47079
47110
47113
47115
47120
47129
47131
47132
47144
47147
47167
47182
47212
47218
47225
47227
47231
47248
47259
47277
47286
47287
47300
47304
47317
47331
47336
47342
47357
47365
47370
47374
47380
47386
47387
47389
47395
47400
47406
47412
47419
47422
47432
47439
47448
47452
47455
47457
47477
47485
47491
47493
47495
47497
47499
47503
47518
47519
47544
47547
47548
47550
47552
47554
47555
47559
47562
47566
47567
47579
47582
47585
47586
47589
47593
47601
47610
47611
47640
47648
47663
47667
47671
47685
47699
47700
47704
47705
47713
47716
47760
47786
47794
47796
47807
47816
47842
47857
47859
47869
47870
47873
47877
47891
47894
47901
47909
47917
47920
47928
47929
47944
47971
47976
47999
48003
48015
48023
48035
48037
48046
48063
48077
48087
48088
48096
48103
48105
48112
48116
48142
48146
48149
48152
48156
48157
48163
48169
48174
48181
48197
48206
48210
48224
48239
48241
48250
48262
48278
48279
48291
48303
48304
48305
48312
48315
48319
48320
48323
48325
48334
48348
48353
48356
48357
48364
48381
48384
48390
48394
48402
48411
48412
48414
48416
48423
48430
48458
48479
48491
48499
48505
48510
48512
48514
48516
48517
48528
48540
48547
48548
48550
48563
48565
48576
48588
48589
48590
48594
48595
48596
48607
48646
48647
48656
48670
48673
48678
48680
48686
48687
48692
48695
48717
48721
48722
48736
48737
48752
48765
48777
48783
48784
48785
48790
48792
48805
48814
48842
48849
48859
48860
48861
48871
48881
48886
48898
48904
48906
48909
48923
48928
48948
48952
48956
48961
48971
48985
48993
48994
48998
49024
49026
49028
49032
49033
49034
49039
49042
49059
49068
49079
49083
49088
49089
49090
49094
49095
49098
49105
49109
49112
49127
49128
49129
49139
49145
49147
49150
49153
49154
49158
49161
49162
49171
49192
49197
49200
49201
49210
49226
49230
49232
49241
49251
49274
49275
49297
49304
49309
49311
49319
49320
49323
49357
49361
49363
49376
49394
49402
49403
49410
49434
49437
49460
49471
49476
49497
49498
49504
49505
49508
49518
49519
49523
49525
49532
49536
49540
49542
49550
49553
49554
49558
49581
49583
49589
49598
49605
49622
49625
49643
49648
49663
49674
49691
49697
49711
49717
49723
49732
49738
49747
49763
49775
49781
49790
49792
49793
49809
49821
49823
49834
49843
49860
49861
49867
49868
49870
49877
49882
49895
49897
49908
49909
49919
49922
49930
49939
49942
49948
49950
49957
49964
49968
49973
49978
49979
49982
49985
49987
