4
6
8
11
16
21
22
24
31
40
47
49
55
56
58
67
68
74
76
81
84
88
93
98
100
104
105
106
111
120
123
124
130
131
134
136
137
138
146
148
155
158
159
164
166
167
169
175
176
180
184
186
202
204
210
212
216
218
219
223
225
229
230
240
243
248
253
254
256
265
271
276
279
299
305
317
318
320
322
331
334
340
345
348
351
354
355
356
361
365
376
377
382
386
387
389
390
393
397
401
402
405
408
420
428
431
441
448
455
460
465
467
468
473
474
481
482
485
488
489
490
500
506
512
518
520
524
525
528
536
548
550
556
561
580
584
588
591
599
604
606
612
613
614
615
616
617
630
632
634
641
646
654
656
657
660
666
677
679
680
682
685
700
704
708
710
711
717
718
720
730
732
738
751
752
755
758
759
775
776
778
780
782
790
793
803
805
808
809
813
814
824
827
831
835
837
843
846
849
852
854
858
860
861
862
866
876
878
887
888
889
901
904
912
914
916
921
930
934
935
945
959
960
961
967
969
973
977
981
982
983
985
986
995
998
1000
1001
1002
1003
1005
1014
1016
1022
1027
1028
1030
1031
1048
1059
1061
1072
1086
1090
1099
1100
1101
1104
1106
1108
1109
1111
1119
1134
1139
1153
1156
1172
1177
1180
1182
1189
1193
1198
1199
1201
1202
1211
1217
1223
1224
1234
1236
1237
1238
1239
1245
1246
1247
1253
1255
1257
1258
1259
1260
1263
1278
1279
1281
1282
1297
1300
1301
1302
1305
1308
1315
1317
1322
1323
1325
1328
1334
1343
1347
1357
1363
1369
1371
1373
1384
1385
1389
1396
1397
1400
1405
1416
1421
1423
1424
1434
1436
1442
1446
1456
1488
1490
1492
1498
1501
1504
1507
1511
1513
1521
1523
1530
1532
1533
1537
1542
1545
1546
1547
1550
1552
1555
1558
1560
1561
1568
1572
1576
1582
1583
1586
1588
1589
1598
1606
1618
1632
1635
1636
1637
1641
1646
1652
1658
1659
1675
1677
1679
1684
1689
1691
1695
1696
1702
1705
1724
1725
1736
1740
1742
1745
1747
1754
1762
1763
1765
1769
1772
1779
1789
1792
1793
1794
1798
1800
1806
1807
1809
1814
1822
1830
1836
1838
1839
1848
1852
1857
1858
1872
1876
1879
1883
1885
1892
1896
1903
1904
1922
1940
1943
1945
1948
1950
1951
1973
1977
1978
1991
1994
1999
2007
2009
2012
2014
2015
2023
2026
2030
2048
2050
2053
2056
2057
2063
2067
2068
2071
2074
2079
2082
2094
2104
2105
2114
2124
2134
2142
2146
2150
2156
2157
2162
2164
2167
2170
2171
2182
2186
2188
2190
2197
2203
2207
2212
2216
2217
2219
2220
2221
2232
2235
2243
2244
2245
2246
2257
2261
2263
2265
2268
2274
2276
2277
2278
2282
2290
2297
2303
2309
2310
2312
2313
2315
2319
2330
2331
2342
2344
2346
2348
2354
2357
2363
2364
2365
2366
2370
2372
2380
2382
2393
2401
2417
2418
2425
2438
2442
2448
2451
2460
2474
2480
2485
2488
2496
2498
2499
2503
2508
2509
2510
2511
2519
2525
2547
2550
2555
2557
2560
2566
2570
2578
2582
2584
2594
2595
2604
2606
2608
2610
2614
2617
2623
2629
2632
2633
2634
2635
2644
2648
2658
2673
2675
2682
2683
2684
2696
2698
2699
2700
2709
2710
2721
2730
2734
2739
2740
2743
2747
2751
2754
2765
2774
2775
2781
2782
2794
2796
2797
2798
2799
2804
2810
2818
2833
2834
2843
2844
2847
2851
2853
2854
2875
2876
2878
2880
2885
2886
2887
2894
2899
2905
2917
2921
2926
2927
2929
2933
2934
2951
2956
2958
2960
2975
2976
2979
2981
2983
2985
2989
2996
2997
3003
3008
3012
3013
3018
3024
3030
3031
3034
3035
3036
3037
3046
3048
3053
3057
3058
3073
3077
3078
3083
3084
3092
3094
3098
3100
3106
3114
3119
3123
3124
3130
3131
3138
3140
3142
3148
3150
3151
3153
3156
3159
3160
3161
3163
3164
3171
3200
3208
3212
3219
3224
3225
3227
3230
3231
3232
3237
3249
3252
3259
3272
3273
3283
3289
3304
3322
3328
3329
3337
3340
3360
3373
3376
3377
3380
3389
3400
3403
3404
3407
3411
3412
3413
3417
3422
3430
3434
3443
3448
3466
3475
3484
3497
3500
3502
3506
3511
3517
3524
3525
3537
3543
3548
3553
3559
3561
3564
3576
3580
3581
3583
3585
3586
3593
3603
3610
3615
3630
3632
3638
3644
3645
3651
3659
3662
3666
3667
3668
3670
3678
3680
3683
3688
3689
3694
3695
3698
3701
3708
3711
3730
3734
3745
3749
3760
3762
3763
3764
3765
3769
3770
3778
3782
3783
3791
3792
3795
3798
3806
3807
3812
3818
3821
3824
3826
3827
3832
3842
3844
3850
3855
3856
3857
3860
3865
3866
3868
3872
3886
3887
3900
3908
3911
3912
3916
3917
3918
3919
3921
3926
3929
3948
3950
3951
3958
3972
3975
3986
3992
3994
3997
4004
4007
4009
4010
4011
4020
4021
4025
4035
4036
4039
4059
4060
4065
4072
4073
4074
4078
4082
4088
4090
4092
4094
4104
4106
4111
4115
4116
4118
4137
4141
4142
4151
4164
4167
4175
4176
4184
4187
4197
4198
4203
4205
4212
4224
4225
4231
4237
4251
4252
4256
4260
4262
4263
4276
4281
4283
4289
4290
4293
4294
4308
4311
4316
4323
4327
4343
4349
4351
4352
4360
4364
4370
4373
4375
4381
4385
4393
4394
4398
4400
4404
4406
4409
4413
4415
4418
4428
4437
4439
4445
4447
4449
4450
4454
4456
4458
4466
4470
4473
4474
4478
4481
4482
4489
4491
4496
4509
4514
4521
4536
4540
4546
4548
4550
4551
4558
4559
4562
4570
4578
4580
4581
4584
4604
4606
4610
4613
4616
4621
4622
4625
4626
4627
4633
4636
4640
4642
4652
4658
4660
4662
4665
4670
4672
4673
4682
4684
4701
4707
4722
4723
4734
4742
4749
4750
4751
4754
4757
4760
4763
4769
4773
4775
4778
4787
4788
4807
4809
4810
4821
4824
4825
4830
4831
4841
4843
4848
4853
4866
4869
4873
4874
4879
4880
4885
4896
4900
4907
4911
4914
4921
4922
4926
4940
4951
4955
4957
4960
4962
4967
4977
4982
4984
4987
4992
4998
4999
5007
5021
5037
5039
5051
5059
5064
5092
5105
5120
5127
5135
5144
5149
5151
5152
5158
5183
5192
5197
5206
5243
5244
5262
5264
5267
5282
5289
5295
5298
5301
5302
5304
5305
5310
5317
5326
5344
5349
5360
5398
5407
5428
5444
5457
5471
5472
5479
5489
5493
5501
5517
5519
5520
5523
5526
5530
5538
5539
5542
5546
5559
5567
5574
5575
5613
5614
5628
5634
5637
5655
5656
5660
5662
5676
5691
5695
5714
5729
5732
5734
5743
5744
5781
5786
5788
5789
5791
5799
5812
5820
5821
5829
5831
5832
5837
5845
5855
5856
5869
5874
5876
5877
5896
5898
5899
5901
5936
5939
5944
5955
5976
5979
5980
5992
6006
6009
6035
6053
6080
6086
6093
6095
6100
6120
6123
6127
6130
6134
6137
6152
6161
6164
6176
6182
6189
6190
6194
6195
6207
6261
6266
6286
6290
6300
6302
6311
6320
6321
6349
6356
6361
6381
6421
6445
6447
6448
6450
6467
6487
6489
6499
6500
6503
6506
6516
6520
6524
6537
6540
6551
6563
6570
6587
6624
6642
6655
6663
6668
6669
6670
6680
6689
6694
6702
6710
6729
6736
6738
6758
6768
6770
6776
6783
6787
6806
6818
6843
6849
6854
6860
6861
6876
6879
6880
6885
6886
6890
6895
6918
6921
6926
6936
6957
6981
6994
6996
6997
6999
7000
7009
7011
7017
7029
7049
7050
7060
7064
7074
7082
7099
7100
7101
7107
7111
7114
7115
7116
7129
7131
7139
7149
7152
7158
7199
7208
7219
7222
7223
7225
7233
7246
7254
7262
7270
7278
7290
7291
7294
7295
7301
7314
7327
7338
7341
7351
7358
7375
7390
7398
7411
7429
7452
7454
7459
7463
7468
7469
7479
7486
7498
7502
7511
7520
7525
7536
7547
7559
7560
7574
7575
7586
7591
7626
7640
7642
7656
7674
7678
7697
7700
7704
7706
7711
7737
7744
7746
7750
7762
7784
7797
7811
7812
7815
7836
7839
7840
7850
7857
7858
7860
7863
7872
7888
7894
7916
7923
7926
7928
7936
7944
7945
7966
7968
7992
8013
8018
8019
8023
8035
8041
8042
8051
8092
8099
8108
8116
8122
8125
8130
8134
8136
8140
8146
8147
8154
8169
8171
8187
8190
8196
8199
8205
8211
8224
8233
8236
8240
8243
8250
8256
8258
8264
8266
8278
8280
8283
8288
8292
8304
8316
8327
8336
8341
8382
8446
8460
8476
8487
8531
8539
8548
8549
8550
8565
8573
8580
8593
8601
8602
8610
8613
8619
8628
8632
8638
8643
8647
8650
8664
8673
8674
8677
8709
8711
8720
8738
8742
8772
8781
8784
8789
8818
8827
8828
8836
8844
8845
8850
8864
8867
8876
8887
8890
8895
8904
8907
8908
8923
8928
8939
8940
8946
8947
8957
8959
8971
8980
8988
9016
9029
9032
9036
9068
9086
9087
9102
9127
9139
9142
9150
9161
9164
9170
9178
9187
9216
9218
9248
9251
9252
9261
9278
9284
9294
9302
9305
9306
9315
9316
9320
9334
9356
9366
9382
9410
9420
9423
9426
9453
9454
9455
9467
9470
9493
9494
9509
9513
9521
9529
9545
9557
9561
9568
9573
9576
9583
9588
9592
9601
9606
9610
9612
9628
9631
9644
9653
9680
9703
9704
9712
9726
9736
9737
9746
9748
9757
9760
9763
9801
9805
9815
9822
9826
9834
9836
9853
9859
9886
9896
9897
9909
9912
9932
9940
9941
9964
9965
9980
9984
9993
9994
9997
10000
10004
10006
10007
10008
10010
10015
10017
10024
10026
10031
10034
10038
10039
10044
10048
10050
10051
10052
10054
10066
10068
10069
10075
10076
10081
10092
10098
10099
10110
10113
10114
10118
10119
10122
10123
10128
10130
10131
10133
10138
10140
10141
10147
10148
10151
10152
10153
10154
10157
10159
10180
10182
10184
10189
10191
10192
10194
10201
10206
10208
10209
10210
10213
10214
10225
10232
10236
10237
10240
10242
10244
10246
10247
10250
10253
10256
10261
10263
10270
10273
10278
10279
10282
10293
10295
10296
10297
10306
10307
10310
10311
10319
10322
10324
10325
10329
10331
10335
10340
10348
10349
10351
10354
10361
10362
10363
10364
10368
10371
10373
10382
10391
10394
10399
10401
10403
10404
10412
10413
10420
10421
10424
10430
10434
10439
10440
10446
10452
10453
10455
10458
10459
10461
10462
10464
10467
10469
10472
10478
10481
10482
10487
10491
10495
10499
10502
10505
10514
10516
10523
10527
10528
10529
10532
10534
10536
10537
10538
10542
10544
10547
10552
10553
10565
10571
10573
10576
10587
10595
10598
10607
10608
10609
10610
10612
10613
10615
10618
10619
10620
10624
10625
10627
10629
10631
10632
10638
10642
10643
10645
10646
10649
10650
10654
10655
10656
10658
10661
10665
10672
10674
10679
10681
10692
10695
10697
10700
10701
10702
10706
10708
10712
10716
10720
10724
10726
10730
10731
10741
10747
10752
10753
10758
10764
10765
10775
10778
10780
10784
10788
10789
10802
10803
10804
10805
10807
10810
10813
10814
10819
10820
10824
10825
10826
10849
10854
10855
10856
10857
10861
10863
10872
10874
10878
10881
10883
10884
10906
10908
10911
10913
10914
10918
10922
10927
10932
10935
10950
10953
10958
10960
10964
10966
10968
10969
10972
10973
10977
10986
10987
10991
10995
11000
11001
11003
11018
11022
11025
11028
11033
11034
11039
11042
11044
11049
11061
11063
11066
11069
11074
11075
11077
11083
11085
11094
11103
11106
11120
11122
11123
11127
11128
11134
11135
11137
11140
11141
11144
11146
11151
11158
11163
11166
11168
11171
11172
11174
11178
11181
11189
11192
11193
11196
11199
11201
11206
11211
11212
11215
11216
11217
11218
11222
11223
11225
11226
11227
11228
11235
11237
11247
11252
11253
11255
11256
11259
11261
11262
11263
11272
11281
11283
11287
11288
11289
11290
11292
11296
11298
11302
11303
11306
11308
11309
11317
11318
11328
11330
11331
11333
11335
11339
11343
11347
11352
11357
11359
11361
11364
11366
11370
11375
11387
11388
11389
11390
11398
11399
11400
11401
11405
11411
11412
11416
11419
11425
11426
11429
11431
11436
11439
11445
11446
11447
11456
11461
11464
11465
11467
11468
11470
11484
11486
11487
11491
11494
11500
11503
11506
11517
11525
11533
11534
11542
11553
11554
11563
11565
11568
11569
11571
11573
11576
11579
11580
11583
11585
11593
11598
11601
11603
11615
11623
11624
11631
11634
11636
11637
11638
11640
11642
11645
11647
11655
11657
11661
11665
11668
11670
11673
11680
11682
11683
11684
11686
11689
11690
11699
11700
11701
11702
11707
11713
11714
11717
11724
11741
11742
11743
11751
11761
11762
11769
11770
11776
11781
11782
11783
11787
11788
11799
11805
11808
11811
11813
11817
11820
11821
11823
11824
11826
11833
11834
11837
11842
11844
11845
11857
11859
11860
11861
11864
11865
11866
11868
11873
11875
11876
11885
11886
11887
11889
11890
11891
11895
11896
11897
11901
11903
11906
11907
11910
11911
11913
11918
11920
11930
11933
11935
11940
11942
11946
11950
11951
11952
11955
11960
11964
11971
11978
11979
11982
11983
11985
11992
11993
11994
12001
12003
12006
12008
12011
12014
12016
12021
12022
12025
12026
12031
12032
12033
12036
12040
12043
12051
12052
12055
12069
12070
12076
12077
12084
12088
12092
12098
12100
12101
12103
12105
12107
12108
12109
12110
12112
12114
12116
12120
12121
12123
12124
12125
12127
12128
12132
12136
12138
12139
12141
12146
12147
12149
12150
12157
12161
12164
12165
12171
12172
12174
12175
12184
12185
12188
12190
12191
12194
12197
12200
12201
12204
12209
12214
12216
12217
12218
12219
12224
12225
12226
12238
12240
12243
12249
12250
12253
12256
12257
12258
12259
12261
12264
12266
12270
12272
12281
12282
12284
12289
12291
12292
12296
12303
12305
12306
12309
12314
12315
12316
12318
12320
12328
12336
12339
12348
12352
12361
12366
12368
12370
12375
12376
12377
12382
12386
12389
12396
12399
12404
12406
12412
12415
12416
12417
12418
12423
12426
12429
12430
12437
12443
12444
12448
12451
12453
12454
12457
12462
12464
12466
12470
12471
12472
12473
12475
12476
12477
12479
12482
12486
12487
12488
12489
12493
12495
12496
12498
12508
12509
12510
12512
12513
12514
12515
12519
12523
12529
12530
12531
12532
12535
12536
12542
12552
12557
12560
12563
12565
12571
12572
12574
12576
12579
12583
12585
12586
12591
12593
12595
12600
12601
12604
12605
12607
12608
12610
12613
12614
12617
12621
12626
12631
12634
12637
12638
12640
12641
12650
12651
12654
12657
12658
12673
12680
12682
12688
12695
12698
12701
12702
12703
12706
12713
12717
12720
12722
12723
12731
12732
12733
12734
12740
12741
12748
12750
12756
12757
12764
12769
12772
12777
12780
12782
12784
12785
12789
12801
12802
12803
12808
12809
12819
12820
12821
12822
12823
12826
12828
12832
12835
12839
12841
12843
12844
12855
12856
12857
12858
12861
12867
12868
12871
12877
12878
12884
12887
12889
12890
12893
12894
12913
12920
12923
12924
12926
12928
12929
12932
12934
12936
12937
12938
12940
12942
12952
12954
12955
12959
12960
12969
12970
12973
12975
12983
12984
12985
12986
12989
12990
12994
13001
13003
13004
13009
13011
13012
13017
13019
13020
13029
13032
13033
13036
13041
13042
13043
13047
13050
13054
13055
13060
13061
13064
13070
13071
13077
13078
13081
13092
13097
13098
13104
13108
13110
13117
13118
13119
13120
13122
13125
13129
13130
13131
13138
13139
13140
13148
13149
13152
13154
13155
13159
13161
13170
13176
13178
13179
13181
13182
13183
13184
13187
13189
13190
13192
13193
13196
13198
13204
13208
13211
13216
13219
13223
13235
13238
13242
13244
13248
13256
13258
13261
13265
13267
13270
13272
13276
13282
13287
13288
13290
13291
13292
13300
13301
13305
13311
13314
13315
13320
13321
13323
13324
13325
13328
13333
13336
13339
13340
13342
13345
13349
13356
13359
13360
13362
13363
13365
13371
13383
13386
13387
13388
13393
13396
13399
13402
13404
13406
13407
13408
13411
13417
13418
13420
13423
13425
13426
13427
13429
13430
13434
13435
13436
13437
13439
13442
13444
13445
13449
13450
13451
13452
13458
13464
13465
13471
13475
13484
13486
13489
13490
13492
13501
13505
13506
13510
13511
13512
13513
13519
13521
13523
13525
13528
13529
13530
13535
13537
13538
13542
13549
13551
13553
13555
13556
13559
13563
13569
13574
13577
13586
13594
13596
13597
13598
13599
13603
13621
13622
13623
13626
13627
13638
13643
13652
13653
13654
13656
13658
13659
13662
13664
13667
13668
13671
13673
13674
13675
13677
13679
13681
13684
13685
13687
13688
13690
13698
13700
13704
13705
13706
13718
13721
13723
13724
13727
13734
13744
13745
13746
13747
13750
13756
13758
13768
13770
13778
13779
13781
13784
13785
13786
13790
13791
13797
13805
13808
13817
13818
13821
13823
13826
13827
13830
13832
13835
13836
13839
13840
13843
13846
13849
13855
13858
13866
13870
13871
13876
13884
13886
13887
13888
13896
13900
13901
13904
13917
13920
13921
13928
13931
13932
13935
13936
13938
13939
13941
13943
13945
13947
13952
13959
13965
13970
13974
13975
13978
13980
13982
13989
13991
13992
13996
13997
14006
14011
14013
14016
14020
14021
14023
14027
14035
14037
14038
14042
14045
14046
14047
14054
14062
14064
14066
14071
14073
14074
14078
14085
14088
14090
14094
14099
14101
14112
14114
14115
14118
14119
14120
14124
14125
14126
14127
14128
14134
14138
14139
14142
14146
14159
14162
14164
14169
14170
14171
14178
14180
14181
14186
14187
14188
14189
14190
14192
14196
14197
14200
14203
14205
14222
14223
14232
14235
14239
14241
14242
14251
14254
14257
14259
14260
14264
14268
14271
14277
14283
14288
14290
14292
14293
14294
14298
14302
14304
14305
14307
14310
14312
14313
14314
14316
14319
14322
14323
14326
14328
14329
14330
14331
14332
14338
14341
14344
14346
14350
14351
14356
14362
14365
14366
14368
14369
14372
14373
14376
14377
14379
14383
14387
14388
14389
14390
14391
14395
14396
14401
14404
14407
14409
14411
14412
14415
14416
14417
14422
14424
14427
14428
14442
14445
14446
14449
14450
14451
14453
14455
14461
14462
14465
14469
14473
14476
14478
14479
14480
14482
14483
14491
14492
14494
14503
14506
14513
14514
14529
14532
14537
14542
14548
14549
14555
14562
14563
14570
14571
14578
14581
14587
14591
14593
14601
14602
14606
14611
14615
14618
14619
14621
14624
14625
14630
14631
14633
14636
14642
14645
14649
14651
14652
14654
14656
14658
14659
14660
14662
14667
14669
14673
14684
14685
14693
14694
14695
14696
14699
14702
14704
14705
14707
14710
14717
14719
14729
14730
14736
14737
14738
14740
14742
14746
14751
14753
14766
14769
14770
14771
14772
14773
14779
14784
14786
14787
14789
14793
14795
14797
14799
14805
14807
14808
14814
14817
14818
14827
14829
14835
14841
14845
14848
14854
14855
14856
14857
14864
14874
14876
14884
14885
14887
14889
14890
14897
14905
14907
14909
14916
14920
14921
14923
14925
14926
14928
14938
14939
14940
14941
14943
14945
14948
14951
14954
14957
14963
14964
14974
14976
14978
14979
14983
14987
14988
14989
14990
14995
14998
14999
15004
15006
15007
15011
15012
15023
15024
15025
15030
15031
15035
15037
15039
15043
15046
15051
15054
15058
15062
15064
15072
15075
15080
15083
15085
15091
15092
15097
15113
15115
15116
15119
15128
15144
15145
15146
15151
15156
15158
15165
15170
15175
15176
15181
15187
15197
15205
15212
15219
15220
15226
15236
15245
15265
15267
15278
15281
15284
15289
15291
15292
15305
15308
15319
15353
15354
15355
15356
15359
15361
15367
15375
15376
15384
15385
15388
15389
15394
15396
15405
15407
15408
15413
15418
15420
15425
15437
15446
15471
15474
15475
15478
15489
15494
15498
15504
15505
15509
15511
15515
15518
15524
15525
15527
15528
15529
15539
15545
15550
15557
15559
15561
15564
15565
15568
15571
15584
15587
15597
15611
15613
15616
15619
15620
15628
15630
15631
15640
15642
15644
15657
15660
15661
15670
15676
15684
15685
15702
15706
15713
15729
15732
15737
15739
15740
15760
15762
15766
15767
15778
15779
15780
15781
15783
15797
15799
15804
15805
15807
15808
15814
15817
15842
15843
15850
15851
15854
15860
15863
15867
15873
15876
15880
15881
15886
15892
15898
15899
15901
15905
15907
15908
15915
15918
15931
15933
15936
15943
15947
15956
15959
15960
15965
15974
15980
15982
15984
15986
15990
15991
15996
15998
15999
16001
16003
16014
16015
16016
16019
16020
16022
16023
16051
16060
16069
16074
16076
16097
16099
16104
16105
16109
16118
16119
16121
16124
16130
16139
16143
16147
16149
16161
16162
16163
16167
16169
16178
16195
16200
16213
16231
16237
16246
16247
16249
16250
16255
16257
16258
16266
16268
16280
16281
16291
16295
16296
16299
16304
16308
16309
16323
16332
16333
16334
16336
16340
16341
16346
16349
16353
16356
16359
16361
16362
16367
16368
16379
16380
16391
16392
16394
16396
16402
16403
16405
16409
16410
16426
16429
16432
16436
16437
16440
16443
16454
16455
16458
16459
16472
16474
16477
16481
16483
16484
16485
16486
16487
16490
16492
16495
16498
16507
16509
16514
16517
16544
16546
16548
16554
16556
16559
16562
16572
16574
16581
16597
16598
16603
16608
16609
16614
16617
16618
16630
16635
16647
16648
16649
16652
16654
16660
16667
16672
16673
16683
16688
16691
16696
16697
16701
16708
16713
16714
16716
16717
16718
16721
16725
16729
16732
16736
16745
16747
16754
16766
16768
16770
16783
16786
16799
16814
16816
16829
16836
16838
16840
16841
16842
16847
16850
16858
16864
16869
16889
16896
16899
16900
16902
16904
16911
16912
16913
16919
16935
16938
16949
16955
16956
16958
16962
16967
16969
16970
16972
16974
16978
16988
16989
16995
17001
17002
17003
17004
17006
17015
17016
17019
17021
17024
17025
17026
17028
17031
17034
17036
17037
17038
17040
17047
17048
17049
17053
17066
17072
17073
17074
17088
17105
17108
17111
17115
17124
17139
17141
17146
17149
17150
17155
17156
17165
17171
17184
17185
17187
17190
17194
17197
17198
17203
17207
17212
17216
17224
17227
17228
17230
17231
17232
17241
17242
17248
17249
17252
17253
17261
17262
17264
17265
17273
17276
17280
17284
17289
17292
17293
17308
17310
17316
17321
17323
17326
17329
17330
17335
17341
17345
17349
17352
17355
17356
17359
17365
17372
17373
17376
17381
17386
17388
17389
17390
17394
17398
17404
17406
17408
17409
17415
17416
17417
17419
17426
17427
17437
17449
17452
17468
17473
17476
17483
17485
17488
17490
17491
17498
17508
17511
17527
17529
17534
17540
17541
17542
17547
17557
17561
17562
17564
17566
17568
17572
17580
17581
17583
17600
17603
17611
17612
17623
17630
17632
17635
17640
17648
17649
17665
17684
17685
17686
17699
17700
17704
17706
17707
17709
17712
17715
17716
17719
17725
17726
17739
17746
17752
17756
17761
17763
17769
17770
17772
17773
17774
17779
17786
17791
17795
17814
17818
17819
17820
17821
17830
17846
17847
17848
17855
17859
17862
17863
17865
17868
17875
17879
17880
17887
17896
17900
17904
17908
17919
17928
17940
17943
17947
17950
17957
17962
17970
17972
17979
17986
17991
17995
18001
18007
18014
18020
18030
18032
18037
18038
18046
18048
18049
18052
18053
18058
18060
18066
18068
18070
18082
18083
18084
18087
18092
18094
18096
18097
18107
18110
18116
18123
18136
18138
18140
18148
18150
18151
18153
18154
18155
18158
18159
18166
18168
18169
18172
18174
18188
18192
18193
18194
18196
18199
18200
18230
18234
18239
18249
18251
18253
18255
18261
18264
18265
18270
18280
18284
18285
18290
18293
18300
18302
18309
18310
18325
18330
18335
18337
18347
18350
18360
18366
18373
18382
18386
18390
18392
18394
18397
18401
18407
18415
18416
18421
18423
18425
18429
18430
18435
18441
18446
18449
18450
18453
18456
18458
18465
18468
18472
18476
18479
18484
18486
18498
18501
18507
18525
18528
18530
18534
18554
18555
18563
18575
18587
18596
18597
18609
18620
18622
18628
18635
18637
18639
18645
18662
18663
18682
18683
18685
18690
18692
18693
18697
18708
18716
18725
18731
18732
18737
18739
18746
18752
18759
18760
18761
18767
18778
18780
18782
18783
18784
18786
18787
18788
18791
18794
18798
18803
18805
18824
18844
18847
18848
18851
18854
18858
18860
18861
18867
18876
18879
18881
18883
18887
18889
18899
18905
18922
18923
18936
18944
18946
18953
18963
18965
18968
18971
18975
18986
18998
19000
19017
19018
19020
19021
19039
19046
19062
19070
19078
19081
19083
19084
19089
19094
19099
19105
19106
19109
19112
19118
19119
19125
19130
19132
19150
19155
19159
19166
19169
19172
19174
19175
19180
19183
19188
19192
19204
19206
19207
19212
19217
19221
19227
19233
19234
19238
19240
19246
19248
19250
19251
19255
19257
19262
19265
19267
19269
19270
19272
19286
19292
19295
19298
19299
19310
19311
19321
19322
19338
19348
19355
19356
19357
19360
19366
19370
19376
19380
19382
19384
19392
19394
19395
19399
19411
19412
19415
19416
19421
19425
19426
19431
19432
19433
19435
19441
19453
19458
19459
19461
19464
19465
19466
19469
19472
19477
19489
19491
19500
19504
19506
19508
19509
19513
19517
19519
19520
19522
19524
19526
19528
19529
19530
19541
19542
19543
19549
19550
19551
19556
19557
19562
19586
19587
19594
19596
19604
19611
19617
19619
19620
19621
19624
19631
19636
19642
19645
19654
19659
19661
19662
19667
19668
19669
19682
19692
19698
19701
19702
19707
19708
19709
19711
19720
19721
19723
19727
19731
19732
19743
19747
19749
19750
19751
19753
19754
19755
19760
19775
19777
19782
19788
19792
19793
19794
19799
19801
19811
19815
19822
19830
19836
19837
19841
19847
19848
19850
19853
19856
19860
19862
19863
19873
19878
19879
19882
19891
19893
19899
19900
19902
19912
19913
19920
19921
19927
19928
19931
19943
19955
19963
19967
19975
19978
19982
19990
19998
20000
20008
20016
20020
20021
20032
20034
20044
20047
20050
20052
20054
20072
20080
20089
20102
20107
20109
20110
20117
20122
20138
20139
20150
20163
20165
20169
20173
20174
20184
20194
20195
20196
20199
20212
20227
20230
20232
20235
20242
20247
20253
20260
20293
20300
20301
20317
20321
20322
20327
20342
20350
20353
20354
20357
20363
20369
20378
20380
20382
20383
20391
20392
20394
20407
20412
20415
20431
20436
20442
20449
20454
20457
20466
20468
20475
20476
20477
20478
20487
20493
20495
20498
20499
20501
20519
20536
20539
20559
20567
20576
20579
20585
20598
20605
20608
20610
20615
20618
20626
20628
20634
20637
20645
20653
20659
20663
20664
20676
20682
20710
20711
20717
20719
20729
20730
20732
20733
20741
20747
20751
20754
20756
20759
20771
20779
20783
20793
20808
20809
20812
20814
20816
20824
20838
20842
20849
20857
20906
20933
20942
20946
20956
20964
20967
20969
20995
21009
21023
21024
21059
21061
21078
21083
21093
21097
21099
21100
21102
21112
21117
21122
21154
21158
21161
21164
21168
21173
21181
21186
21195
21198
21205
21214
21224
21230
21241
21243
21254
21268
21293
21300
21308
21313
21321
21328
21338
21353
21355
21356
21366
21380
21382
21384
21395
21399
21400
21413
21417
21422
21432
21437
21445
21455
21460
21462
21470
21491
21494
21496
21498
21530
21536
21555
21566
21567
21576
21579
21581
21584
21594
21601
21602
21605
21618
21641
21647
21658
21662
21672
21697
21699
21709
21733
21737
21742
21753
21756
21759
21760
21768
21777
21788
21792
21794
21795
21800
21804
21821
21830
21831
21834
21839
21879
21882
21886
21900
21901
21903
21910
21919
21934
21950
21956
21959
21963
21982
21992
22003
22010
22014
22018
22028
22030
22040
22042
22051
22052
22055
22059
22060
22063
22065
22071
22082
22085
22131
22136
22138
22140
22144
22149
22157
22164
22166
22172
22194
22198
22200
22207
22216
22217
22226
22231
22232
22235
22256
22257
22267
22270
22277
22281
22291
22293
22294
22299
22319
22320
22338
22340
22341
22349
22351
22354
22355
22361
22371
22376
22381
22383
22385
22387
22403
22412
22415
22422
22423
22427
22438
22442
22444
22447
22449
22452
22453
22463
22465
22467
22469
22481
22499
22507
22509
22511
22525
22534
22535
22541
22544
22546
22549
22557
22558
22570
22577
22584
22613
22621
22622
22625
22628
22629
22630
22632
22638
22640
22645
22666
22670
22673
22675
22686
22688
22692
22703
22706
22708
22712
22714
22733
22744
22747
22756
22761
22765
22766
22771
22776
22779
22781
22785
22802
22805
22810
22847
22853
22859
22860
22867
22872
22879
22893
22896
22902
22914
22916
22928
22930
22939
22940
22942
22954
22973
22978
22982
22985
22988
22991
23013
23014
23019
23022
23031
23033
23034
23035
23058
23072
23073
23077
23096
23101
23102
23105
23110
23113
23135
23136
23137
23167
23168
23171
23190
23203
23238
23239
23249
23255
23256
23259
23260
23265
23269
23276
23286
23292
23300
23306
23316
23321
23322
23323
23329
23330
23333
23338
23339
23343
23344
23346
23358
23363
23367
23374
23377
23378
23385
23389
23395
23399
23401
23402
23415
23417
23418
23455
23461
23465
23466
23469
23471
23472
23483
23484
23491
23492
23497
23502
23517
23519
23522
23536
23541
23543
23546
23547
23548
23549
23554
23555
23556
23559
23562
23584
23608
23612
23630
23633
23637
23663
23670
23678
23684
23698
23713
23715
23719
23720
23721
23723
23724
23726
23731
23734
23741
23744
23753
23766
23770
23780
23782
23785
23789
23790
23793
23803
23805
23807
23817
23819
23829
23840
23844
23855
23866
23877
23885
23886
23892
23897
23903
23904
23908
23918
23919
23921
23929
23937
23940
23946
23959
23960
23962
23966
23967
23968
23969
23971
23990
23997
23999
24006
24008
24019
24020
24025
24031
24039
24043
24070
24084
24102
24105
24110
24121
24122
24124
24128
24146
24148
24150
24159
24161
24172
24173
24196
24198
24199
24210
24220
24231
24233
24251
24253
24254
24256
24266
24273
24276
24281
24286
24287
24290
24294
24305
24332
24337
24351
24353
24358
24360
24366
24374
24377
24382
24387
24409
24410
24417
24419
24424
24440
24447
24450
24471
24473
24478
24481
24491
24495
24502
24507
24516
24517
24518
24538
24539
24553
24562
24567
24577
24578
24585
24591
24592
24594
24596
24601
24615
24622
24624
24632
24649
24650
24659
24666
24678
24686
24691
24705
24710
24718
24719
24720
24731
24738
24748
24752
24753
24756
24759
24784
24788
24794
24795
24808
24811
24812
24814
24816
24817
24819
24825
24866
24867
24874
24879
24883
24887
24892
24901
24906
24910
24915
24929
24943
24947
24948
24951
24952
24953
24959
24963
24982
24983
24987
24989
24996
24998
25002
25003
25007
25035
25038
25040
25044
25045
25048
25050
25054
25061
25068
25086
25091
25094
25106
25149
25157
25165
25166
25169
25170
25173
25179
25180
25187
25189
25191
25199
25203
25216
25217
25219
25226
25242
25254
25260
25263
25264
25281
25316
25324
25326
25336
25351
25355
25358
25375
25413
25422
25423
25431
25440
25441
25455
25456
25458
25460
25470
25473
25477
25481
25497
25502
25510
25511
25512
25514
25516
25521
25532
25534
25544
25559
25561
25563
25565
25567
25574
25575
25581
25597
25598
25607
25611
25612
25620
25621
25623
25658
25666
25669
25689
25722
25733
25736
25753
25758
25759
25766
25785
25816
25818
25819
25829
25831
25832
25833
25860
25863
25864
25868
25886
25901
25913
25914
25919
25933
25936
25943
25967
25972
25977
25979
25981
25983
25990
25996
26002
26004
26010
26013
26014
26017
26029
26033
26044
26045
26058
26063
26069
26077
26079
26090
26107
26113
26137
26157
26193
26196
26198
26203
26218
26220
26224
26243
26248
26254
26271
26272
26319
26322
26337
26339
26341
26342
26343
26347
26349
26353
26356
26367
26370
26391
26409
26410
26411
26416
26417
26450
26451
26468
26485
26508
26510
26513
26530
26535
26539
26548
26555
26563
26567
26577
26605
26608
26616
26621
26624
26627
26628
26630
26640
26658
26665
26667
26679
26683
26686
26687
26690
26693
26702
26714
26724
26728
26733
26741
26744
26753
26770
26776
26785
26786
26808
26816
26817
26834
26847
26856
26865
26875
26882
26884
26887
26890
26909
26911
26925
26926
26939
26952
26955
26969
26978
26980
26991
26993
27011
27016
27028
27032
27034
27047
27055
27072
27076
27077
27078
27093
27095
27103
27104
27110
27130
27138
27139
27155
27156
27160
27172
27177
27189
27193
27198
27209
27218
27221
27224
27238
27267
27271
27274
27282
27288
27289
27292
27314
27323
27325
27333
27347
27374
27379
27386
27389
27394
27396
27398
27400
27404
27405
27414
27415
27425
27434
27440
27442
27457
27471
27495
27511
27522
27529
27534
27536
27537
27541
27550
27570
27576
27593
27600
27606
27610
27617
27625
27637
27643
27645
27682
27687
27702
27706
27716
27720
27732
27744
27753
27769
27782
27786
27790
27814
27815
27828
27833
27834
27844
27846
27851
27857
27873
27899
27917
27919
27927
27939
27941
27951
27957
27975
27977
27983
27984
27987
27994
27996
28005
28007
28009
28027
28031
28049
28070
28078
28090
28093
28100
28102
28116
28128
28148
28169
28173
28178
28183
28209
28226
28233
28237
28241
28243
28258
28262
28264
28275
28277
28278
28312
28323
28329
28330
28331
28334
28347
28349
28355
28356
28359
28361
28375
28377
28385
28386
28392
28398
28399
28403
28408
28412
28414
28416
28438
28448
28459
28461
28467
28476
28481
28490
28504
28511
28512
28526
28539
28549
28553
28558
28561
28567
28571
28574
28584
28585
28587
28589
28601
28605
28622
28626
28631
28646
28648
28651
28653
28662
28665
28686
28698
28704
28735
28743
28746
28749
28755
28768
28769
28771
28784
28820
28827
28829
28830
28838
28851
28866
28871
28881
28887
28892
28894
28903
28909
28910
28911
28914
28921
28940
28963
28971
28982
29001
29013
29015
29016
29018
29023
29047
29061
29064
29079
29083
29090
29098
29123
29152
29157
29164
29172
29176
29189
29195
29197
29204
29220
29226
29227
29234
29246
29250
29258
29260
29261
29267
29273
29276
29279
29284
29303
29321
29323
29327
29344
29355
29364
29365
29379
29382
29384
29393
29394
29408
29429
29446
29457
29462
29472
29485
29486
29490
29497
29514
29537
29539
29543
29547
29565
29579
29588
29590
29598
29605
29606
29612
29616
29618
29619
29620
29630
29635
29650
29655
29662
29664
29680
29686
29697
29703
29708
29710
29721
29752
29766
29783
29790
29794
29795
29802
29819
29847
29854
29873
29879
29885
29890
29901
29909
29936
29943
29958
29977
29996
30004
30025
30028
30030
30035
30050
30064
30068
30069
30072
30084
30090
30098
30111
30114
30129
30130
30145
30177
30193
30197
30209
30220
30224
30227
30228
30232
30244
30245
30247
30265
30283
30291
30299
30318
30320
30324
30327
30334
30344
30368
30369
30370
30371
30374
30418
30425
30436
30460
30472
30485
30510
30512
30525
30539
30543
30548
30562
30571
30575
30577
30581
30594
30598
30613
30632
30641
30646
30650
30653
30656
30661
30665
30673
30681
30685
30688
30689
30704
30714
30730
30743
30745
30746
30755
30758
30765
30784
30789
30794
30796
30802
30809
30810
30852
30863
30864
30865
30876
30893
30905
30918
30921
30933
30937
30947
30951
30957
30972
30977
30982
31010
31011
31013
31019
31024
31052
31053
31055
31066
31083
31093
31101
31111
31112
31114
31138
31142
31145
31146
31160
31164
31165
31170
31175
31180
31191
31197
31201
31208
31209
31217
31218
31219
31228
31237
31241
31249
31254
31265
31271
31278
31280
31291
31292
31295
31296
31297
31298
31332
31345
31347
31360
31371
31375
31381
31393
31395
31396
31401
31456
31459
31477
31479
31486
31487
31509
31512
31529
31530
31538
31539
31548
31549
31562
31571
31589
31602
31618
31627
31628
31632
31636
31642
31649
31653
31658
31663
31664
31665
31680
31692
31696
31697
31704
31711
31718
31725
31739
31740
31769
31770
31775
31784
31785
31788
31791
31798
31805
31813
31839
31844
31857
31896
31909
31926
31935
31952
31954
31986
31990
31991
31994
31997
32004
32008
32018
32019
32021
32023
32024
32036
32048
32058
32060
32062
32066
32067
32069
32073
32081
32086
32092
32099
32102
32127
32130
32148
32171
32175
32176
32191
32199
32205
32213
32222
32233
32241
32246
32260
32280
32282
32285
32302
32307
32312
32315
32332
32337
32342
32349
32362
32375
32385
32389
32390
32394
32403
32434
32436
32453
32456
32465
32473
32483
32484
32493
32494
32506
32510
32518
32559
32562
32564
32589
32598
32610
32612
32614
32636
32650
32675
32680
32682
32683
32693
32700
32705
32709
32719
32735
32737
32760
32773
32775
32776
32777
32784
32787
32816
32827
32828
32849
32850
32862
32863
32869
32876
32890
32915
32916
32927
32929
32932
32939
32957
32970
32971
32983
32991
32993
32996
32997
32998
33005
33009
33012
33023
33027
33033
33041
33047
33051
33053
33058
33059
33063
33071
33072
33079
33099
33120
33128
33140
33156
33178
33199
33205
33212
33213
33223
33226
33229
33233
33249
33253
33268
33277
33292
33301
33315
33316
33323
33328
33334
33352
33357
33358
33363
33365
33366
33381
33385
33393
33398
33412
33423
33440
33463
33464
33468
33473
33477
33481
33498
33503
33504
33513
33522
33552
33553
33557
33565
33585
33605
33607
33608
33616
33640
33645
33647
33659
33669
33691
33694
33695
33699
33716
33717
33718
33730
33737
33738
33743
33752
33753
33810
33815
33823
33825
33832
33833
33842
33844
33846
33860
33872
33875
33888
33895
33896
33904
33915
33926
33927
33931
33936
33941
33947
33955
33963
33969
33980
33988
33991
33999
34013
34017
34028
34031
34059
34063
34071
34076
34077
34089
34094
34097
34105
34111
34114
34123
34125
34127
34136
34138
34140
34147
34161
34192
34195
34197
34200
34203
34208
34210
34216
34217
34219
34224
34226
34229
34232
34249
34251
34252
34260
34261
34264
34265
34280
34283
34286
34299
34302
34316
34319
34324
34326
34334
34350
34353
34362
34364
34377
34378
34379
34417
34424
34428
34432
34453
34473
34483
34492
34493
34496
34505
34513
34521
34535
34551
34557
34561
34565
34572
34574
34577
34591
34602
34621
34622
34641
34645
34647
34648
34650
34655
34656
34662
34663
34668
34676
34678
34681
34683
34684
34688
34691
34699
34719
34726
34727
34729
34735
34741
34743
34748
34752
34772
34779
34782
34812
34815
34827
34833
34834
34839
34860
34864
34870
34895
34896
34910
34911
34919
34927
34928
34930
34932
34936
34946
34952
34966
34980
34984
34998
35001
35002
35004
35005
35006
35013
35014
35020
35023
35025
35027
35028
35029
35034
35035
35042
35043
35046
35050
35054
35056
35057
35061
35063
35066
35067
35069
35071
35074
35077
35078
35080
35081
35083
35084
35086
35087
35088
35092
35093
35096
35097
35100
35101
35103
35109
35112
35114
35119
35123
35126
35128
35137
35139
35142
35143
35145
35149
35151
35152
35153
35155
35156
35160
35161
35162
35163
35166
35172
35174
35175
35181
35183
35185
35190
35191
35192
35193
35194
35195
35196
35197
35210
35212
35215
35220
35221
35222
35223
35230
35231
35237
35239
35245
35249
35252
35257
35258
35262
35269
35270
35271
35274
35275
35278
35281
35283
35285
35290
35301
35302
35308
35309
35311
35312
35313
35316
35319
35320
35326
35327
35328
35329
35333
35335
35336
35344
35345
35346
35347
35350
35352
35361
35362
35363
35364
35366
35367
35374
35377
35378
35379
35380
35381
35383
35388
35392
35396
35404
35406
35408
35409
35415
35416
35419
35424
35428
35429
35430
35432
35434
35438
35441
35443
35448
35449
35456
35460
35463
35464
35465
35466
35468
35471
35472
35476
35477
35479
35486
35492
35498
35500
35504
35505
35508
35509
35517
35520
35525
35526
35529
35530
35534
35535
35537
35538
35543
35552
35553
35556
35560
35563
35567
35568
35569
35572
35573
35574
35576
35577
35578
35579
35581
35586
35595
35597
35598
35605
35613
35618
35624
35628
35630
35633
35634
35635
35636
35643
35644
35648
35651
35653
35654
35655
35666
35671
35674
35676
35677
35678
35679
35680
35681
35693
35695
35701
35704
35705
35708
35709
35712
35715
35718
35723
35725
35729
35731
35733
35742
35744
35746
35748
35757
35758
35759
35760
35768
35773
35776
35787
35791
35796
35801
35802
35803
35809
35811
35813
35819
35820
35821
35822
35823
35831
35832
35837
35838
35839
35840
35841
35843
35845
35847
35848
35851
35855
35863
35870
35877
35881
35883
35884
35886
35888
35889
35890
35892
35899
35901
35902
35906
35909
35912
35916
35922
35923
35925
35926
35927
35933
35934
35938
35939
35940
35941
35944
35947
35953
35955
35957
35961
35963
35964
35969
35981
35984
35985
35986
35988
35990
35991
35997
35999
36003
36008
36013
36014
36021
36025
36026
36029
36030
36033
36034
36037
36038
36041
36044
36046
36047
36048
36053
36068
36072
36074
36075
36077
36087
36088
36089
36091
36094
36098
36099
36102
36107
36110
36112
36113
36115
36117
36119
36122
36129
36132
36137
36138
36140
36142
36146
36149
36150
36156
36159
36166
36168
36172
36176
36177
36178
36187
36188
36189
36193
36194
36195
36202
36211
36214
36215
36216
36227
36228
36233
36235
36236
36250
36252
36257
36259
36261
36262
36264
36265
36267
36271
36274
36276
36280
36283
36284
36291
36292
36293
36294
36295
36304
36314
36316
36327
36328
36329
36332
36334
36335
36336
36339
36341
36342
36343
36346
36348
36353
36360
36363
36367
36369
36370
36372
36373
36374
36376
36394
36399
36405
36406
36408
36409
36413
36414
36416
36419
36422
36423
36424
36425
36426
36427
36429
36433
36435
36438
36439
36442
36447
36449
36451
36458
36462
36463
36466
36470
36471
36476
36481
36489
36491
36493
36497
36501
36504
36511
36512
36513
36515
36518
36521
36528
36531
36535
36540
36548
36550
36553
36560
36568
36574
36578
36580
36581
36587
36593
36597
36603
36605
36606
36607
36610
36611
36620
36623
36633
36634
36636
36638
36639
36640
36641
36642
36643
36645
36651
36654
36655
36657
36659
36666
36667
36669
36670
36671
36675
36678
36680
36687
36690
36691
36694
36696
36702
36703
36706
36707
36708
36710
36711
36712
36715
36716
36721
36722
36723
36724
36725
36740
36743
36745
36749
36750
36751
36754
36756
36757
36759
36761
36762
36763
36766
36767
36769
36771
36782
36783
36784
36787
36790
36791
36794
36795
36798
36800
36807
36810
36813
36814
36815
36817
36818
36819
36823
36825
36826
36829
36830
36832
36834
36838
36840
36845
36846
36847
36851
36852
36854
36856
36860
36866
36873
36875
36876
36884
36885
36887
36888
36891
36893
36895
36899
36900
36902
36903
36905
36910
36912
36913
36917
36918
36921
36926
36934
36935
36943
36951
36952
36960
36961
36963
36965
36967
36969
36980
36986
36990
36993
37000
37004
37010
37011
37017
37018
37021
37027
37038
37045
37048
37049
37050
37054
37056
37057
37059
37060
37062
37069
37070
37071
37074
37075
37076
37080
37088
37089
37091
37092
37096
37099
37101
37102
37104
37105
37108
37109
37115
37118
37125
37126
37130
37131
37132
37133
37138
37141
37142
37145
37146
37148
37149
37150
37156
37160
37162
37166
37167
37174
37175
37176
37177
37178
37180
37184
37187
37192
37196
37198
37204
37205
37207
37211
37217
37218
37223
37224
37229
37230
37233
37234
37236
37237
37239
37251
37253
37258
37263
37265
37269
37271
37272
37282
37286
37288
37289
37290
37291
37292
37293
37294
37296
37301
37313
37316
37329
37331
37332
37335
37336
37337
37339
37344
37349
37350
37353
37354
37365
37367
37369
37370
37373
37378
37379
37380
37384
37386
37395
37396
37399
37400
37404
37407
37408
37410
37412
37415
37420
37422
37425
37430
37432
37434
37435
37437
37439
37440
37441
37448
37449
37453
37455
37456
37465
37466
37468
37470
37474
37476
37481
37482
37487
37493
37494
37498
37501
37504
37506
37507
37508
37521
37524
37527
37529
37532
37535
37536
37537
37545
37548
37550
37551
37553
37556
37558
37560
37561
37563
37564
37567
37569
37571
37572
37575
37578
37579
37581
37590
37592
37593
37594
37595
37596
37597
37600
37604
37609
37610
37613
37618
37620
37622
37625
37626
37628
37630
37633
37637
37639
37641
37642
37649
37655
37660
37664
37671
37672
37675
37679
37683
37690
37693
37695
37699
37700
37704
37716
37718
37719
37721
37723
37725
37729
37736
37739
37743
37744
37749
37752
37754
37768
37769
37777
37779
37781
37782
37784
37787
37788
37790
37798
37807
37813
37814
37824
37825
37836
37838
37839
37841
37842
37843
37845
37847
37852
37854
37859
37862
37871
37872
37877
37879
37881
37883
37886
37892
37894
37896
37899
37900
37901
37902
37906
37907
37910
37911
37912
37914
37916
37917
37918
37919
37921
37922
37923
37926
37927
37928
37931
37934
37942
37945
37946
37952
37954
37957
37959
37965
37966
37968
37977
37978
37983
37988
37990
37993
37999
38004
38005
38006
38008
38009
38010
38012
38014
38018
38020
38021
38022
38026
38027
38029
38030
38031
38035
38038
38039
38041
38042
38044
38048
38050
38053
38059
38060
38061
38065
38067
38068
38072
38073
38077
38079
38082
38084
38088
38090
38092
38094
38096
38100
38104
38107
38111
38113
38117
38121
38123
38124
38125
38126
38130
38133
38134
38137
38138
38141
38143
38144
38149
38156
38158
38160
38166
38168
38169
38174
38180
38182
38183
38190
38202
38204
38205
38211
38214
38215
38221
38223
38226
38227
38229
38230
38232
38233
38236
38239
38243
38245
38250
38255
38265
38267
38269
38271
38272
38275
38279
38281
38288
38289
38296
38297
38301
38306
38307
38310
38314
38317
38322
38327
38329
38330
38331
38336
38337
38341
38345
38351
38353
38356
38357
38362
38364
38369
38373
38375
38377
38379
38380
38384
38388
38394
38400
38402
38404
38408
38409
38411
38414
38418
38419
38422
38426
38431
38432
38433
38434
38435
38438
38445
38446
38452
38453
38456
38458
38462
38465
38467
38471
38474
38475
38479
38482
38484
38490
38491
38492
38493
38494
38503
38505
38506
38511
38513
38514
38522
38523
38524
38529
38556
38557
38558
38559
38560
38562
38563
38567
38573
38578
38580
38581
38584
38585
38588
38593
38594
38598
38599
38601
38603
38605
38607
38608
38609
38613
38623
38625
38628
38629
38631
38632
38634
38639
38641
38642
38647
38651
38653
38657
38668
38669
38671
38673
38678
38680
38682
38683
38685
38686
38688
38694
38697
38698
38702
38703
38710
38716
38725
38727
38730
38734
38738
38743
38746
38748
38750
38752
38755
38761
38764
38768
38769
38773
38780
38786
38788
38793
38800
38804
38805
38808
38809
38812
38816
38818
38823
38828
38831
38832
38836
38837
38840
38842
38845
38846
38847
38848
38850
38855
38864
38869
38870
38871
38874
38884
38886
38887
38888
38892
38895
38897
38905
38908
38909
38913
38914
38924
38926
38927
38931
38933
38935
38937
38939
38941
38948
38951
38953
38963
38967
38973
38974
38981
38987
38988
38990
38991
38994
38995
39001
39003
39007
39011
39014
39016
39017
39019
39020
39022
39025
39030
39034
39041
39044
39047
39055
39058
39059
39061
39073
39078
39079
39080
39084
39089
39091
39093
39098
39099
39105
39117
39118
39120
39121
39125
39128
39130
39138
39141
39152
39158
39159
39161
39162
39164
39166
39167
39168
39170
39174
39179
39190
39192
39193
39197
39206
39207
39209
39211
39213
39217
39218
39223
39224
39228
39237
39238
39240
39241
39245
39246
39247
39251
39253
39256
39260
39262
39264
39267
39272
39275
39278
39279
39283
39284
39286
39291
39297
39301
39306
39311
39316
39323
39329
39330
39336
39339
39342
39344
39349
39350
39352
39353
39355
39358
39359
39361
39363
39370
39375
39380
39381
39383
39384
39389
39390
39393
39398
39399
39404
39413
39415
39416
39418
39419
39423
39424
39433
39435
39436
39437
39439
39441
39444
39445
39446
39447
39448
39455
39460
39462
39464
39473
39475
39478
39480
39482
39483
39486
39488
39490
39491
39495
39497
39500
39503
39504
39512
39522
39523
39525
39529
39531
39532
39535
39539
39541
39543
39545
39547
39555
39557
39564
39574
39575
39576
39577
39585
39587
39589
39593
39594
39595
39596
39598
39606
39608
39609
39612
39613
39614
39616
39617
39619
39620
39623
39624
39626
39628
39633
39634
39636
39637
39643
39645
39647
39648
39657
39660
39661
39665
39666
39669
39671
39674
39675
39676
39686
39696
39699
39700
39705
39712
39714
39715
39716
39718
39719
39732
39733
39735
39737
39739
39740
39746
39748
39749
39751
39758
39760
39762
39763
39764
39770
39772
39776
39782
39785
39787
39788
39789
39797
39806
39816
39817
39819
39821
39822
39830
39837
39840
39843
39856
39857
39858
39859
39860
39862
39863
39864
39873
39876
39880
39884
39885
39888
39890
39892
39894
39899
39902
39903
39904
39906
39909
39910
39913
39915
39917
39923
39925
39934
39936
39940
39945
39955
39956
39964
39965
39968
39970
39976
39977
39981
39983
39991
39992
39993
39998
39999
40024
40043
40050
40054
40071
40072
40074
40084
40087
40131
40166
40185
40203
40208
40216
40224
40225
40226
40236
40237
40240
40247
40249
40259
40260
40276
40298
40315
40326
40327
40328
40331
40344
40345
40359
40363
40368
40378
40383
40394
40406
40407
40410
40429
40435
40450
40468
40477
40498
40512
40523
40536
40538
40548
40551
40566
40581
40588
40594
40607
40620
40623
40628
40638
40642
40659
40674
40679
40683
40692
40697
40698
40713
40736
40744
40772
40782
40802
40806
40824
40837
40840
40845
40858
40862
40881
40885
40888
40908
40915
40920
40921
40933
40954
40958
40965
40980
40988
40989
40991
41005
41006
41012
41015
41018
41038
41039
41046
41047
41048
41054
41058
41075
41079
41114
41130
41140
41145
41150
41154
41156
41167
41176
41209
41224
41234
41235
41247
41254
41261
41262
41266
41286
41314
41315
41346
41361
41365
41377
41381
41386
41387
41392
41396
41403
41408
41418
41444
41478
41482
41484
41486
41498
41505
41513
41517
41522
41523
41525
41544
41562
41574
41586
41593
41601
41610
41618
41624
41629
41631
41635
41643
41659
41666
41682
41691
41695
41722
41727
41751
41762
41787
41791
41793
41800
41818
41832
41850
41851
41864
41871
41873
41922
41935
41942
41944
41956
41964
41973
41978
41995
41998
42002
42003
42025
42032
42045
42046
42065
42106
42111
42134
42140
42143
42156
42158
42162
42171
42172
42180
42185
42188
42197
42216
42229
42230
42236
42247
42249
42252
42267
42268
42281
42282
42293
42328
42329
42331
42344
42346
42355
42369
42376
42381
42383
42390
42391
42409
42410
42411
42413
42418
42429
42440
42465
42502
42522
42531
42533
42566
42585
42600
42613
42614
42617
42642
42643
42667
42681
42699
42706
42722
42727
42743
42748
42773
42800
42804
42806
42827
42856
42863
42868
42870
42871
42886
42907
42950
42952
42953
42964
42968
42998
43009
43013
43034
43046
43060
43092
43094
43131
43136
43161
43187
43190
43222
43224
43242
43250
43255
43256
43291
43296
43317
43330
43340
43358
43384
43385
43387
43391
43414
43419
43428
43430
43442
43447
43456
43464
43478
43494
43505
43507
43514
43520
43537
43541
43560
43568
43580
43627
43647
43652
43654
43655
43666
43672
43681
43693
43700
43701
43717
43726
43759
43776
43796
43814
43821
43841
43842
43845
43865
43882
43907
43919
43947
43954
43968
43971
43974
43977
43980
43984
43988
43989
44004
44013
44021
44022
44038
44051
44053
44068
44081
44088
44114
44120
44161
44171
44187
44189
44191
44203
44214
44234
44244
44248
44265
44269
44285
44289
44293
44303
44314
44318
44340
44375
44377
44396
44410
44423
44430
44433
44435
44451
44455
44489
44492
44499
44507
44525
44535
44547
44559
44569
44571
44596
44601
44627
44628
44631
44653
44662
44677
44680
44681
44683
44684
44700
44721
44735
44741
44746
44760
44809
44817
44818
44822
44853
44870
44872
44874
44885
44905
44921
44952
44970
44971
44991
44995
45002
45004
45005
45006
45010
45011
45013
45014
45015
45019
45021
45027
45031
45032
45035
45036
45037
45045
45047
45048
45054
45065
45067
45071
45074
45075
45077
45078
45081
45083
45086
45087
45088
45093
45100
45103
45104
45109
45111
45112
45113
45117
45118
45119
45121
45123
45128
45131
45134
45136
45137
45138
45145
45147
45148
45150
45160
45161
45166
45167
45169
45171
45180
45182
45185
45187
45189
45193
45195
45197
45198
45202
45204
45205
45207
45210
45212
45213
45218
45219
45222
45224
45225
45228
45231
45232
45234
45235
45236
45240
45241
45242
45247
45249
45252
45253
45254
45255
45256
45259
45262
45270
45271
45272
45273
45274
45277
45281
45282
45283
45287
45297
45299
45300
45302
45305
45307
45310
45319
45324
45325
45329
45331
45332
45334
45336
45341
45346
45347
45349
45352
45355
45358
45361
45363
45364
45365
45366
45368
45376
45377
45380
45381
45389
45390
45393
45396
45399
45401
45402
45409
45410
45412
45413
45414
45416
45422
45424
45427
45428
45429
45436
45438
45439
45442
45447
45450
45452
45453
45454
45461
45462
45464
45465
45467
45473
45480
45481
45482
45486
45487
45490
45492
45493
45494
45496
45500
45511
45515
45519
45523
45524
45525
45526
45529
45533
45534
45536
45539
45540
45545
45546
45553
45554
45555
45558
45560
45568
45571
45572
45573
45574
45575
45577
45581
45587
45588
45595
45596
45600
45602
45605
45609
45611
45613
45616
45617
45618
45619
45622
45624
45627
45629
45631
45632
45634
45635
45640
45642
45644
45650
45651
45652
45657
45659
45661
45664
45665
45666
45667
45670
45672
45676
45677
45679
45684
45690
45694
45695
45700
45701
45703
45707
45708
45714
45722
45727
45729
45738
45744
45746
45747
45755
45756
45759
45760
45761
45762
45765
45767
45769
45771
45773
45777
45778
45783
45784
45785
45786
45788
45791
45792
45797
45799
45814
45816
45817
45820
45821
45823
45827
45828
45832
45833
45834
45838
45841
45842
45844
45845
45851
45852
45853
45854
45856
45859
45860
45861
45866
45869
45872
45874
45880
45881
45882
45883
45886
45887
45892
45894
45903
45906
45907
45908
45910
45911
45916
45917
45918
45919
45920
45923
45924
45925
45935
45936
45937
45942
45947
45950
45951
45956
45960
45962
45964
45965
45966
45971
45972
45975
45977
45979
45983
45986
45988
45994
45998
46004
46008
46013
46014
46017
46018
46028
46031
46036
46037
46038
46044
46045
46052
46057
46059
46066
46068
46071
46074
46082
46084
46086
46088
46090
46094
46095
46102
46103
46109
46111
46114
46116
46121
46123
46124
46127
46130
46132
46135
46136
46143
46144
46149
46154
46158
46161
46164
46165
46167
46168
46169
46176
46178
46179
46180
46188
46189
46190
46195
46197
46198
46199
46202
46203
46206
46207
46210
46212
46213
46214
46217
46219
46220
46224
46227
46229
46233
46235
46236
46238
46240
46243
46245
46246
46249
46250
46258
46260
46262
46264
46267
46272
46276
46278
46279
46281
46282
46283
46284
46289
46293
46294
46295
46297
46298
46300
46303
46311
46312
46313
46316
46317
46320
46324
46325
46333
46334
46336
46337
46345
46346
46351
46355
46356
46359
46360
46362
46363
46364
46369
46370
46375
46378
46379
46380
46381
46386
46393
46394
46398
46400
46402
46403
46405
46406
46410
46412
46416
46417
46420
46423
46424
46426
46429
46431
46436
46441
46443
46447
46449
46450
46454
46455
46456
46457
46461
46466
46469
46470
46474
46478
46479
46480
46483
46484
46487
46490
46497
46504
46506
46511
46512
46518
46520
46521
46525
46527
46530
46532
46534
46541
46542
46543
46546
46549
46552
46553
46554
46562
46568
46570
46580
46585
46586
46591
46597
46598
46600
46601
46603
46605
46608
46614
46619
46620
46621
46624
46628
46630
46631
46632
46634
46635
46637
46641
46647
46648
46652
46653
46656
46658
46660
46664
46666
46669
46671
46672
46675
46681
46685
46692
46696
46697
46701
46704
46713
46717
46719
46720
46721
46723
46726
46727
46728
46729
46730
46733
46735
46737
46745
46746
46748
46751
46754
46756
46759
46765
46767
46778
46779
46781
46782
46786
46790
46795
46801
46802
46803
46805
46806
46807
46809
46812
46816
46820
46822
46823
46824
46826
46830
46836
46840
46841
46842
46845
46848
46851
46856
46868
46870
46873
46874
46875
46879
46880
46885
46887
46891
46892
46895
46897
46898
46900
46902
46908
46909
46914
46916
46920
46927
46930
46932
46936
46939
46945
46947
46949
46950
46952
46954
46955
46965
46967
46969
46971
46981
46982
46983
46985
46986
46987
46988
46990
46991
46994
46998
47000
47001
47007
47015
47016
47020
47022
47033
47035
47040
47042
47045
47046
47048
47050
47052
47054
47055
47056
47059
47060
47061
47062
47064
47066
47070
47071
47074
47076
47077
47079
47081
47082
47083
47084
47085
47086
47092
47093
47095
47096
47097
47100
47101
47103
47107
47109
47113
47115
47116
47119
47120
47129
47131
47132
47135
47136
47141
47144
47146
47147
47166
47167
47173
47177
47181
47182
47184
47185
47187
47189
47190
47195
47197
47199
47200
47210
47212
47214
47218
47220
47225
47234
47235
47242
47246
47248
47249
47253
47257
47259
47278
47286
47287
47289
47296
47303
47304
47305
47308
47313
47314
47317
47325
47329
47330
47336
47341
47343
47350
47355
47360
47365
47369
47372
47374
47375
47376
47377
47378
47380
47384
47385
47387
47389
47391
47395
47397
47401
47402
47404
47405
47406
47412
47418
47419
47421
47422
47426
47428
47430
47431
47432
47437
47439
47440
47444
47445
47452
47457
47459
47461
47462
47466
47469
47470
47471
47472
47476
47477
47479
47480
47485
47487
47488
47493
47495
47496
47497
47498
47499
47500
47501
47502
47503
47505
47506
47509
47513
47517
47518
47519
47521
47523
47528
47543
47546
47548
47550
47554
47555
47559
47562
47565
47566
47567
47569
47574
47575
47578
47579
47580
47581
47583
47584
47585
47589
47590
47598
47599
47601
47602
47610
47616
47623
47624
47625
47634
47635
47638
47639
47640
47643
47644
47646
47648
47652
47653
47661
47662
47669
47670
47671
47672
47674
47675
47678
47681
47685
47693
47699
47700
47701
47702
47704
47705
47706
47708
47711
47713
47715
47716
47717
47719
47729
47736
47741
47742
47746
47747
47748
47750
47755
47772
47773
47775
47777
47779
47780
47786
47787
47791
47793
47794
47795
47800
47803
47805
47807
47811
47813
47815
47816
47817
47820
47821
47823
47824
47829
47831
47836
47839
47842
47846
47849
47859
47866
47867
47869
47871
47872
47873
47885
47887
47888
47891
47892
47894
47897
47901
47902
47904
47906
47909
47911
47913
47917
47922
47923
47926
47927
47929
47930
47937
47943
47944
47947
47950
47951
47958
47962
47968
47969
47971
47973
47974
47976
47978
47980
47981
47983
47985
47989
47990
47993
47994
47995
47996
47997
47999
48000
48002
48003
48008
48009
48011
48015
48018
48019
48023
48026
48029
48033
48035
48037
48044
48045
48047
48051
48057
48061
48063
48064
48068
48073
48074
48078
48083
48084
48085
48088
48090
48092
48093
48094
48096
48098
48099
48100
48102
48103
48107
48108
48109
48112
48113
48116
48117
48118
48121
48131
48134
48138
48139
48146
48148
48149
48151
48152
48156
48157
48158
48159
48160
48163
48169
48170
48174
48175
48176
48178
48180
48183
48185
48187
48188
48194
48198
48200
48202
48204
48206
48207
48209
48210
48212
48218
48220
48231
48232
48234
48239
48241
48244
48245
48246
48251
48255
48256
48259
48263
48265
48268
48269
48278
48279
48286
48291
48293
48296
48303
48304
48305
48308
48311
48312
48313
48315
48318
48319
48320
48322
48323
48325
48330
48333
48334
48347
48348
48350
48352
48353
48355
48356
48364
48367
48381
48384
48387
48392
48394
48395
48399
48402
48412
48416
48422
48423
48426
48429
48430
48432
48435
48437
48440
48442
48448
48449
48450
48452
48454
48455
48458
48461
48466
48472
48474
48479
48481
48483
48486
48491
48496
48498
48499
48500
48510
48511
48512
48514
48516
48517
48518
48523
48528
48529
48534
48535
48539
48540
48546
48548
48549
48552
48557
48558
48559
48560
48561
48563
48567
48569
48570
48573
48574
48576
48577
48579
48585
48589
48590
48594
48596
48601
48607
48609
48610
48618
48623
48627
48630
48633
48637
48645
48646
48647
48648
48650
48653
48659
48665
48668
48669
48670
48673
48675
48676
48678
48680
48685
48686
48687
48690
48692
48707
48710
48713
48714
48716
48717
48718
48721
48722
48727
48732
48735
48736
48737
48742
48752
48754
48756
48757
48760
48761
48765
48767
48770
48772
48774
48775
48777
48778
48780
48784
48785
48792
48796
48799
48802
48810
48814
48817
48820
48823
48825
48837
48838
48839
48840
48845
48847
48849
48859
48860
48863
48865
48866
48867
48869
48875
48879
48881
48884
48886
48887
48893
48897
48898
48901
48907
48909
48916
48918
48923
48925
48926
48928
48932
48939
48940
48942
48944
48956
48958
48961
48963
48968
48971
48975
48983
48984
48985
48987
48988
48990
48993
48996
48998
49004
49006
49012
49013
49018
49019
49020
49023
49024
49026
49028
49031
49032
49033
49037
49039
49040
49041
49049
49050
49053
49054
49060
49063
49066
49073
49077
49079
49080
49082
49088
49089
49090
49094
49095
49097
49098
49101
49105
49106
49109
49112
49114
49120
49122
49127
49128
49129
49134
49139
49140
49144
49146
49147
49150
49151
49152
49153
49154
49155
49160
49161
49162
49165
49171
49175
49177
49181
49184
49185
49187
49190
49192
49197
49198
49200
49201
49202
49210
49212
49220
49222
49223
49224
49226
49228
49229
49230
49231
49232
49236
49239
49241
49243
49247
49248
49251
49253
49254
49257
49260
49264
49272
49273
49274
49275
49278
49280
49283
49284
49286
49287
49288
49290
49292
49294
49296
49297
49298
49309
49310
49311
49312
49313
49318
49320
49322
49323
49328
49335
49336
49339
49350
49352
49357
49360
49361
49365
49371
49376
49380
49382
49383
49385
49391
49394
49399
49401
49403
49409
49410
49431
49434
49435
49437
49440
49442
49451
49452
49455
49459
49460
49461
49466
49469
49471
49472
49474
49475
49476
49487
49488
49489
49490
49494
49497
49498
49500
49504
49505
49506
49511
49514
49515
49518
49523
49525
49527
49529
49532
49536
49542
49545
49547
49549
49550
49551
49552
49553
49554
49558
49559
49562
49568
49570
49571
49572
49573
49575
49577
49578
49579
49580
49581
49583
49584
49588
49589
49590
49592
49595
49598
49600
49601
49616
49622
49623
49625
49628
49630
49634
49636
49642
49643
49644
49648
49652
49654
49655
49658
49661
49662
49667
49668
49673
49676
49677
49678
49681
49691
49694
49697
49708
49710
49711
49712
49713
49714
49716
49717
49725
49727
49728
49732
49736
49739
49741
49742
49743
49744
49747
49751
49752
49762
49766
49769
49770
49775
49781
49790
49791
49792
49793
49794
49796
49801
49805
49817
49818
49820
49821
49822
49823
49824
49828
49833
49834
49836
49838
49843
49846
49852
49854
49861
49866
49867
49870
49873
49875
49887
49892
49894
49895
49897
49898
49899
49908
49909
49911
49915
49917
49919
49921
49922
49924
49928
49931
49938
49939
49945
49946
49948
49950
49952
49953
49957
49958
49961
49964
49965
49966
49968
49969
49973
49975
49977
49979
49980
49982
49985
49987
49988
49990
49999
