4
6
8
11
16
17
21
22
24
30
31
32
38
40
41
44
47
49
50
55
56
58
64
66
67
68
70
74
76
78
81
84
88
93
96
98
100
104
105
106
111
113
115
120
121
122
123
124
126
130
131
134
136
137
138
146
148
155
158
159
161
164
166
167
169
171
175
176
180
184
186
187
190
196
198
199
202
204
208
210
212
213
215
216
218
219
222
223
225
229
230
231
240
243
247
248
251
253
254
255
256
260
265
271
276
279
287
298
299
305
317
318
320
322
331
334
340
345
348
350
351
352
353
354
355
356
358
361
363
365
375
376
377
382
386
387
389
390
393
397
401
402
405
408
420
424
428
429
431
433
441
448
454
455
456
459
460
462
465
466
467
468
473
474
481
482
485
488
489
490
498
500
502
505
506
508
510
512
518
520
524
525
528
531
536
548
550
556
561
562
564
572
580
584
588
591
593
595
599
604
605
606
612
613
614
615
616
617
618
622
624
630
632
634
636
640
641
642
645
646
648
649
654
656
657
658
660
661
666
677
678
679
680
682
683
685
698
700
703
704
705
708
710
711
712
715
717
718
720
730
732
736
738
751
752
755
758
759
773
775
776
778
780
781
782
785
786
790
793
794
799
803
805
808
809
811
813
814
815
816
821
824
826
827
831
832
834
835
836
837
841
843
846
849
852
854
858
859
860
861
862
866
876
878
887
888
889
900
901
904
905
907
912
913
914
916
920
921
930
932
934
935
937
945
946
959
960
961
963
965
967
968
969
973
974
977
981
982
983
985
986
995
998
1000
1001
1002
1003
1005
1006
1007
1009
1014
1016
1017
1018
1022
1027
1028
1030
1031
1033
1034
1035
1042
1048
1059
1061
1065
1069
1072
1074
1082
1086
1089
1090
1091
1098
1099
1100
1101
1104
1106
1108
1109
1111
1113
1116
1119
1134
1138
1139
1150
1151
1153
1156
1157
1158
1172
1177
1180
1181
1182
1189
1192
1193
1198
1199
1201
1202
1209
1211
1217
1223
1224
1230
1232
1234
1236
1237
1238
1239
1245
1246
1247
1248
1253
1254
1255
1257
1258
1259
1260
1262
1263
1267
1269
1278
1279
1281
1282
1290
1297
1300
1301
1302
1305
1308
1309
1310
1313
1315
1317
1321
1322
1323
1325
1327
1328
1333
1334
1343
1344
1347
1349
1357
1363
1369
1371
1373
1375
1383
1384
1385
1387
1389
1392
1394
1395
1396
1397
1400
1405
1406
1412
1416
1417
1421
1423
1424
1432
1434
1436
1437
1442
1446
1452
1456
1475
1488
1489
1490
1492
1498
1500
1501
1502
1504
1507
1511
1513
1518
1519
1521
1523
1528
1530
1532
1533
1537
1538
1542
1544
1545
1546
1547
1550
1552
1555
1556
1558
1560
1561
1564
1568
1572
1575
1576
1581
1582
1583
1586
1588
1589
1590
1594
1598
1606
1612
1616
1617
1618
1619
1627
1628
1630
1632
1635
1636
1637
1638
1641
1646
1650
1652
1658
1659
1666
1668
1669
1672
1675
1677
1679
1684
1686
1689
1690
1691
1695
1696
1702
1705
1711
1713
1715
1721
1724
1725
1735
1736
1740
1742
1745
1747
1754
1755
1756
1758
1762
1763
1765
1769
1772
1774
1775
1779
1789
1791
1792
1793
1794
1798
1800
1801
1805
1806
1807
1809
1812
1814
1822
1823
1830
1835
1836
1838
1839
1842
1848
1852
1853
1857
1858
1864
1866
1869
1872
1875
1876
1877
1879
1883
1885
1890
1892
1896
1903
1904
1908
1910
1918
1919
1922
1923
1924
1928
1932
1933
1935
1936
1940
1943
1945
1947
1948
1950
1951
1952
1954
1956
1967
1970
1973
1977
1978
1986
1991
1994
1996
1999
2001
2003
2007
2009
2012
2014
2015
2022
2023
2026
2030
2039
2045
2048
2050
2053
2056
2057
2063
2067
2068
2070
2071
2072
2074
2079
2082
2094
2095
2104
2105
2106
2114
2115
2123
2124
2129
2130
2132
2134
2142
2143
2144
2146
2148
2150
2156
2157
2162
2164
2167
2170
2171
2182
2186
2188
2189
2190
2191
2193
2197
2203
2207
2209
2212
2216
2217
2219
2220
2221
2225
2232
2235
2243
2244
2245
2246
2249
2256
2257
2260
2261
2263
2264
2265
2268
2274
2276
2277
2278
2282
2285
2288
2290
2295
2297
2298
2303
2309
2310
2312
2313
2314
2315
2319
2323
2329
2330
2331
2332
2337
2342
2344
2346
2347
2348
2349
2351
2354
2357
2358
2360
2363
2364
2365
2366
2370
2371
2372
2373
2374
2379
2380
2382
2393
2398
2401
2408
2417
2418
2420
2425
2427
2432
2433
2438
2442
2448
2451
2459
2460
2463
2465
2474
2480
2485
2488
2496
2498
2499
2503
2505
2507
2508
2509
2510
2511
2519
2523
2524
2525
2534
2536
2542
2543
2547
2549
2550
2552
2555
2557
2560
2565
2566
2570
2577
2578
2580
2582
2584
2587
2588
2594
2595
2604
2606
2607
2608
2610
2613
2614
2617
2620
2623
2629
2632
2633
2634
2635
2637
2638
2642
2644
2646
2648
2650
2652
2654
2655
2658
2665
2667
2673
2675
2678
2682
2683
2684
2696
2698
2699
2700
2709
2710
2716
2719
2720
2721
2724
2729
2730
2731
2734
2736
2739
2740
2742
2743
2745
2746
2747
2751
2754
2757
2760
2765
2767
2768
2773
2774
2775
2781
2782
2783
2785
2794
2795
2796
2797
2798
2799
2804
2807
2808
2810
2818
2822
2826
2833
2834
2836
2839
2840
2843
2844
2845
2846
2847
2851
2853
2854
2870
2875
2876
2878
2880
2885
2886
2887
2894
2899
2901
2905
2907
2914
2917
2920
2921
2926
2927
2929
2930
2933
2934
2942
2944
2948
2951
2954
2956
2958
2960
2966
2968
2975
2976
2979
2981
2983
2985
2988
2989
2990
2996
2997
2999
3003
3008
3012
3013
3018
3021
3024
3030
3031
3034
3035
3036
3037
3041
3046
3047
3048
3053
3057
3058
3063
3072
3073
3077
3078
3080
3083
3084
3091
3092
3094
3098
3100
3101
3102
3106
3109
3114
3117
3119
3121
3123
3124
3126
3130
3131
3133
3137
3138
3140
3142
3146
3148
3150
3151
3153
3156
3157
3159
3160
3161
3163
3164
3171
3177
3184
3185
3192
3198
3200
3203
3206
3208
3209
3211
3212
3216
3219
3224
3225
3227
3229
3230
3231
3232
3237
3241
3249
3252
3255
3258
3259
3272
3273
3274
3283
3284
3289
3292
3302
3304
3310
3314
3317
3319
3322
3326
3328
3329
3337
3339
3340
3341
3343
3344
3347
3360
3370
3373
3376
3377
3380
3387
3388
3389
3390
3393
3400
3401
3402
3403
3404
3407
3411
3412
3413
3417
3422
3430
3434
3443
3445
3448
3449
3450
3462
3464
3466
3475
3482
3484
3485
3486
3487
3496
3497
3500
3501
3502
3506
3507
3511
3514
3517
3524
3525
3533
3537
3543
3548
3552
3553
3554
3557
3559
3561
3564
3566
3575
3576
3577
3579
3580
3581
3583
3585
3586
3593
3599
3602
3603
3609
3610
3613
3615
3616
3619
3623
3628
3630
3632
3638
3641
3644
3645
3649
3651
3654
3655
3659
3661
3662
3665
3666
3667
3668
3670
3675
3678
3679
3680
3683
3685
3688
3689
3694
3695
3696
3698
3700
3701
3702
3704
3708
3710
3711
3723
3727
3730
3734
3740
3745
3749
3755
3757
3760
3762
3763
3764
3765
3769
3770
3774
3776
3778
3781
3782
3783
3791
3792
3795
3798
3806
3807
3809
3812
3818
3821
3824
3826
3827
3828
3832
3837
3842
3843
3844
3850
3852
3855
3856
3857
3860
3865
3866
3868
3870
3872
3873
3886
3887
3895
3900
3904
3908
3911
3912
3916
3917
3918
3919
3921
3923
3924
3926
3929
3930
3937
3948
3950
3951
3958
3963
3972
3975
3977
3986
3987
3992
3994
3996
3997
3998
3999
4002
4003
4004
4007
4009
4010
4011
4012
4015
4020
4021
4025
4027
4034
4035
4036
4039
4041
4045
4048
4058
4059
4060
4065
4072
4073
4074
4078
4082
4088
4090
4092
4094
4104
4106
4107
4111
4115
4116
4118
4137
4141
4142
4151
4154
4164
4167
4169
4175
4176
4184
4185
4187
4189
4195
4197
4198
4200
4203
4205
4208
4209
4212
4223
4224
4225
4227
4228
4231
4237
4242
4251
4252
4253
4256
4258
4259
4260
4262
4263
4276
4278
4279
4281
4283
4287
4289
4290
4292
4293
4294
4297
4303
4305
4308
4311
4316
4319
4321
4323
4327
4339
4343
4346
4349
4351
4352
4354
4360
4364
4367
4368
4369
4370
4373
4375
4378
4381
4385
4393
4394
4398
4400
4404
4406
4409
4411
4413
4415
4417
4418
4423
4428
4431
4434
4437
4439
4441
4445
4447
4449
4450
4454
4456
4457
4458
4460
4462
4466
4470
4473
4474
4478
4481
4482
4483
4485
4489
4491
4493
4495
4496
4499
4501
4507
4509
4510
4514
4516
4521
4536
4540
4541
4546
4548
4550
4551
4554
4558
4559
4562
4569
4570
4572
4578
4580
4581
4582
4583
4584
4586
4591
4602
4603
4604
4606
4610
4611
4613
4616
4621
4622
4625
4626
4627
4633
4636
4640
4642
4648
4652
4656
4658
4660
4662
4663
4665
4667
4670
4672
4673
4682
4684
4688
4699
4701
4707
4711
4712
4713
4718
4722
4723
4728
4731
4732
4734
4741
4742
4749
4750
4751
4754
4756
4757
4759
4760
4761
4763
4769
4773
4775
4778
4784
4785
4787
4788
4802
4807
4809
4810
4812
4816
4820
4821
4824
4825
4830
4831
4841
4843
4847
4848
4853
4854
4858
4866
4869
4873
4874
4879
4880
4882
4885
4886
4887
4896
4900
4903
4904
4907
4911
4914
4920
4921
4922
4923
4925
4926
4940
4951
4952
4955
4957
4960
4962
4966
4967
4970
4977
4982
4984
4987
4992
4997
4998
4999
5007
5018
5021
5037
5039
5051
5059
5064
5073
5091
5092
5105
5116
5118
5120
5127
5135
5142
5144
5149
5151
5152
5158
5173
5183
5192
5197
5206
5212
5234
5239
5243
5244
5247
5256
5258
5262
5264
5267
5278
5282
5286
5289
5295
5297
5298
5301
5302
5304
5305
5310
5317
5321
5322
5326
5336
5344
5349
5360
5398
5407
5428
5444
5454
5457
5468
5471
5472
5479
5489
5493
5501
5508
5509
5517
5519
5520
5523
5526
5527
5530
5538
5539
5542
5546
5555
5559
5561
5567
5574
5575
5586
5599
5611
5613
5614
5622
5628
5634
5637
5655
5656
5660
5662
5673
5676
5679
5691
5695
5714
5729
5732
5734
5743
5744
5777
5781
5786
5788
5789
5791
5799
5804
5812
5820
5821
5829
5831
5832
5837
5840
5845
5853
5855
5856
5859
5869
5874
5876
5877
5888
5896
5898
5899
5901
5907
5936
5939
5940
5944
5955
5963
5974
5976
5979
5980
5987
5992
6006
6009
6010
6022
6035
6052
6053
6080
6086
6093
6095
6100
6120
6123
6127
6130
6134
6137
6138
6140
6152
6161
6164
6169
6176
6182
6189
6190
6194
6195
6207
6219
6231
6233
6252
6261
6266
6286
6287
6290
6291
6300
6302
6304
6307
6311
6315
6320
6321
6332
6349
6354
6356
6361
6381
6409
6421
6428
6431
6445
6447
6448
6450
6467
6471
6487
6489
6491
6494
6499
6500
6501
6503
6506
6511
6516
6520
6524
6537
6540
6551
6555
6563
6570
6575
6587
6603
6609
6624
6628
6637
6642
6655
6660
6663
6668
6669
6670
6680
6689
6694
6700
6701
6702
6710
6712
6729
6736
6737
6738
6758
6763
6768
6770
6776
6783
6787
6801
6806
6818
6829
6843
6849
6854
6860
6861
6876
6879
6880
6883
6885
6886
6890
6895
6900
6918
6921
6926
6934
6936
6950
6957
6981
6991
6994
6996
6997
6999
7000
7001
7003
7006
7009
7011
7017
7029
7049
7050
7060
7064
7074
7082
7089
7099
7100
7101
7107
7111
7114
7115
7116
7129
7131
7139
7149
7151
7152
7158
7199
7208
7212
7214
7219
7222
7223
7225
7233
7246
7250
7251
7254
7262
7264
7270
7278
7284
7286
7290
7291
7294
7295
7301
7305
7314
7327
7338
7341
7345
7351
7358
7366
7375
7390
7398
7411
7419
7429
7449
7451
7452
7453
7454
7459
7463
7468
7469
7479
7486
7494
7498
7502
7504
7511
7520
7525
7536
7547
7551
7559
7560
7574
7575
7583
7586
7591
7620
7625
7626
7640
7642
7656
7674
7678
7697
7700
7704
7706
7711
7737
7744
7746
7750
7762
7784
7789
7797
7811
7812
7815
7836
7839
7840
7850
7857
7858
7860
7863
7872
7876
7888
7894
7896
7902
7916
7918
7921
7923
7926
7928
7932
7936
7939
7944
7945
7954
7966
7968
7977
7992
8005
8013
8018
8019
8023
8031
8035
8038
8041
8042
8051
8092
8095
8099
8108
8116
8122
8125
8128
8130
8131
8134
8136
8140
8146
8147
8154
8157
8169
8171
8179
8187
8190
8191
8196
8199
8205
8211
8224
8231
8233
8236
8240
8243
8250
8256
8258
8264
8265
8266
8269
8272
8278
8280
8283
8284
8288
8292
8304
8307
8316
8327
8336
8341
8359
8382
8384
8393
8396
8426
8427
8434
8441
8446
8460
8464
8466
8476
8487
8494
8505
8531
8539
8543
8544
8548
8549
8550
8559
8565
8573
8580
8593
8601
8602
8610
8613
8619
8622
8627
8628
8632
8638
8641
8643
8644
8647
8650
8664
8667
8673
8674
8677
8682
8692
8709
8711
8716
8720
8723
8727
8738
8742
8749
8772
8781
8784
8789
8795
8808
8810
8815
8818
8824
8827
8828
8829
8836
8844
8845
8850
8864
8867
8876
8887
8888
8890
8895
8904
8907
8908
8921
8923
8928
8939
8940
8942
8943
8946
8947
8957
8959
8971
8980
8988
8990
8997
8998
9002
9003
9011
9016
9029
9032
9036
9045
9068
9086
9087
9091
9102
9107
9127
9139
9142
9150
9155
9161
9164
9170
9178
9184
9187
9216
9218
9222
9246
9248
9251
9252
9261
9267
9278
9284
9294
9302
9305
9306
9315
9316
9320
9334
9356
9366
9382
9396
9410
9420
9423
9426
9441
9453
9454
9455
9459
9461
9465
9467
9470
9493
9494
9505
9509
9513
9521
9529
9545
9557
9561
9563
9568
9573
9576
9578
9583
9588
9592
9601
9606
9610
9612
9628
9631
9643
9644
9653
9671
9680
9697
9703
9704
9712
9722
9726
9729
9736
9737
9746
9747
9748
9757
9760
9763
9801
9805
9811
9815
9822
9826
9834
9836
9853
9859
9870
9881
9884
9886
9896
9897
9909
9912
9932
9940
9941
9946
9964
9965
9980
9984
9993
9994
9997
10000
10003
10004
10005
10006
10007
10008
10009
10010
10013
10015
10017
10020
10021
10023
10024
10026
10030
10031
10032
10034
10038
10039
10043
10044
10045
10048
10050
10051
10052
10054
10057
10058
10059
10065
10066
10068
10069
10075
10076
10079
10080
10081
10083
10086
10092
10095
10096
10097
10098
10099
10101
10103
10104
10105
10110
10112
10113
10114
10118
10119
10122
10123
10128
10130
10131
10133
10134
10137
10138
10140
10141
10146
10147
10148
10151
10152
10153
10154
10155
10157
10159
10161
10164
10167
10171
10175
10180
10182
10184
10189
10190
10191
10192
10194
10200
10201
10203
10206
10208
10209
10210
10211
10213
10214
10225
10229
10232
10236
10237
10240
10242
10244
10246
10247
10248
10250
10252
10253
10255
10256
10261
10263
10270
10271
10272
10273
10275
10278
10279
10280
10282
10290
10293
10295
10296
10297
10300
10302
10303
10304
10306
10307
10309
10310
10311
10316
10319
10322
10324
10325
10326
10327
10329
10331
10334
10335
10337
10340
10341
10348
10349
10351
10354
10361
10362
10363
10364
10368
10371
10372
10373
10382
10383
10390
10391
10394
10399
10400
10401
10403
10404
10409
10411
10412
10413
10416
10417
10418
10420
10421
10422
10424
10425
10430
10431
10433
10434
10435
10439
10440
10446
10449
10452
10453
10455
10457
10458
10459
10461
10462
10464
10467
10469
10472
10475
10478
10480
10481
10482
10484
10487
10490
10491
10494
10495
10496
10499
10502
10505
10509
10513
10514
10516
10517
10519
10520
10523
10526
10527
10528
10529
10532
10533
10534
10536
10537
10538
10542
10544
10547
10549
10552
10553
10554
10562
10563
10565
10570
10571
10572
10573
10576
10577
10578
10583
10587
10588
10593
10595
10596
10598
10600
10602
10605
10607
10608
10609
10610
10612
10613
10615
10618
10619
10620
10622
10624
10625
10627
10629
10631
10632
10635
10637
10638
10642
10643
10645
10646
10649
10650
10654
10655
10656
10657
10658
10661
10664
10665
10666
10668
10669
10672
10674
10675
10679
10681
10682
10684
10686
10689
10692
10695
10697
10700
10701
10702
10704
10706
10708
10712
10716
10720
10722
10724
10726
10730
10731
10732
10733
10736
10737
10739
10740
10741
10742
10743
10744
10747
10749
10752
10753
10755
10758
10760
10762
10763
10764
10765
10767
10772
10773
10775
10778
10779
10780
10781
10784
10785
10786
10787
10788
10789
10791
10794
10797
10800
10802
10803
10804
10805
10807
10809
10810
10811
10813
10814
10815
10816
10819
10820
10823
10824
10825
10826
10828
10837
10840
10844
10845
10846
10849
10850
10854
10855
10856
10857
10858
10860
10861
10863
10864
10865
10872
10874
10876
10878
10881
10883
10884
10889
10890
10894
10897
10902
10905
10906
10908
10910
10911
10912
10913
10914
10918
10920
10922
10924
10925
10926
10927
10929
10932
10935
10945
10946
10950
10953
10956
10958
10960
10964
10966
10968
10969
10972
10973
10975
10976
10977
10980
10982
10983
10985
10986
10987
10991
10992
10995
10998
11000
11001
11003
11006
11007
11008
11018
11019
11021
11022
11024
11025
11028
11030
11031
11033
11034
11037
11039
11041
11042
11044
11048
11049
11051
11052
11053
11061
11063
11064
11065
11066
11067
11069
11073
11074
11075
11077
11081
11083
11085
11094
11097
11099
11101
11103
11105
11106
11108
11117
11118
11119
11120
11122
11123
11126
11127
11128
11130
11131
11134
11135
11137
11140
11141
11142
11144
11145
11146
11149
11151
11158
11163
11166
11168
11171
11172
11174
11178
11179
11180
11181
11182
11186
11188
11189
11192
11193
11196
11197
11199
11201
11203
11206
11210
11211
11212
11215
11216
11217
11218
11222
11223
11225
11226
11227
11228
11235
11237
11238
11239
11247
11248
11249
11251
11252
11253
11255
11256
11257
11259
11261
11262
11263
11265
11272
11275
11279
11281
11283
11284
11287
11288
11289
11290
11292
11296
11298
11302
11303
11304
11306
11308
11309
11313
11315
11317
11318
11321
11323
11324
11326
11328
11329
11330
11331
11333
11335
11338
11339
11342
11343
11347
11348
11352
11354
11355
11357
11359
11361
11364
11366
11367
11370
11373
11375
11378
11387
11388
11389
11390
11398
11399
11400
11401
11405
11407
11411
11412
11416
11419
11422
11424
11425
11426
11429
11431
11434
11436
11437
11439
11445
11446
11447
11448
11456
11458
11461
11463
11464
11465
11467
11468
11470
11476
11480
11484
11486
11487
11491
11493
11494
11497
11500
11503
11505
11506
11509
11510
11513
11517
11520
11521
11525
11527
11531
11533
11534
11542
11545
11547
11548
11553
11554
11557
11559
11563
11565
11568
11569
11571
11572
11573
11576
11579
11580
11582
11583
11585
11593
11595
11598
11601
11603
11605
11608
11615
11617
11619
11621
11623
11624
11630
11631
11632
11633
11634
11636
11637
11638
11640
11642
11645
11647
11650
11652
11654
11655
11657
11660
11661
11665
11666
11668
11670
11673
11676
11677
11680
11682
11683
11684
11686
11689
11690
11693
11697
11699
11700
11701
11702
11707
11708
11713
11714
11717
11718
11723
11724
11726
11728
11730
11738
11739
11740
11741
11742
11743
11745
11747
11748
11751
11752
11754
11755
11756
11759
11761
11762
11764
11767
11768
11769
11770
11775
11776
11777
11779
11781
11782
11783
11787
11788
11791
11794
11799
11802
11805
11808
11809
11810
11811
11812
11813
11814
11817
11819
11820
11821
11823
11824
11826
11828
11833
11834
11837
11842
11844
11845
11849
11856
11857
11859
11860
11861
11864
11865
11866
11868
11870
11873
11875
11876
11885
11886
11887
11889
11890
11891
11892
11893
11894
11895
11896
11897
11901
11903
11906
11907
11910
11911
11913
11918
11920
11922
11927
11929
11930
11933
11935
11940
11941
11942
11946
11950
11951
11952
11953
11955
11956
11960
11962
11963
11964
11966
11967
11968
11969
11971
11973
11978
11979
11982
11983
11985
11989
11992
11993
11994
12001
12003
12006
12008
12011
12012
12014
12015
12016
12017
12019
12021
12022
12025
12026
12028
12031
12032
12033
12036
12039
12040
12042
12043
12049
12050
12051
12052
12054
12055
12061
12065
12069
12070
12076
12077
12078
12084
12088
12092
12093
12094
12097
12098
12100
12101
12103
12105
12107
12108
12109
12110
12112
12113
12114
12116
12120
12121
12122
12123
12124
12125
12127
12128
12132
12136
12138
12139
12140
12141
12145
12146
12147
12149
12150
12153
12157
12161
12164
12165
12171
12172
12174
12175
12177
12181
12184
12185
12188
12190
12191
12193
12194
12196
12197
12198
12200
12201
12202
12204
12209
12211
12214
12216
12217
12218
12219
12220
12221
12224
12225
12226
12233
12235
12238
12240
12241
12242
12243
12244
12245
12246
12249
12250
12253
12256
12257
12258
12259
12261
12262
12264
12266
12270
12272
12274
12275
12276
12277
12280
12281
12282
12284
12286
12289
12291
12292
12294
12295
12296
12303
12304
12305
12306
12309
12312
12314
12315
12316
12317
12318
12320
12325
12326
12328
12331
12336
12338
12339
12344
12348
12349
12352
12356
12357
12358
12361
12366
12368
12370
12371
12375
12376
12377
12378
12380
12381
12382
12386
12389
12390
12396
12397
12398
12399
12404
12406
12409
12411
12412
12415
12416
12417
12418
12419
12423
12426
12428
12429
12430
12431
12437
12443
12444
12448
12451
12453
12454
12456
12457
12461
12462
12464
12466
12470
12471
12472
12473
12474
12475
12476
12477
12478
12479
12481
12482
12486
12487
12488
12489
12492
12493
12495
12496
12498
12500
12502
12505
12508
12509
12510
12512
12513
12514
12515
12519
12521
12522
12523
12529
12530
12531
12532
12535
12536
12541
12542
12549
12552
12555
12556
12557
12558
12560
12563
12565
12571
12572
12574
12576
12578
12579
12581
12583
12585
12586
12587
12590
12591
12592
12593
12595
12600
12601
12604
12605
12606
12607
12608
12610
12613
12614
12617
12621
12626
12627
12631
12633
12634
12637
12638
12640
12641
12644
12647
12650
12651
12653
12654
12657
12658
12660
12663
12664
12666
12673
12680
12682
12687
12688
12695
12698
12699
12701
12702
12703
12704
12706
12712
12713
12715
12717
12720
12722
12723
12731
12732
12733
12734
12737
12738
12740
12741
12743
12747
12748
12750
12752
12754
12755
12756
12757
12760
12764
12767
12769
12772
12774
12777
12780
12782
12784
12785
12786
12789
12795
12796
12801
12802
12803
12804
12805
12806
12808
12809
12814
12819
12820
12821
12822
12823
12826
12828
12829
12832
12834
12835
12839
12841
12843
12844
12847
12848
12854
12855
12856
12857
12858
12859
12861
12865
12867
12868
12871
12872
12875
12876
12877
12878
12884
12886
12887
12889
12890
12893
12894
12897
12901
12904
12908
12910
12911
12913
12920
12923
12924
12926
12928
12929
12932
12934
12936
12937
12938
12939
12940
12942
12944
12947
12952
12954
12955
12958
12959
12960
12961
12962
12963
12969
12970
12973
12975
12977
12983
12984
12985
12986
12987
12989
12990
12994
12999
13001
13003
13004
13007
13009
13011
13012
13017
13018
13019
13020
13022
13029
13030
13032
13033
13036
13039
13040
13041
13042
13043
13044
13047
13050
13052
13054
13055
13060
13061
13062
13064
13067
13070
13071
13072
13074
13076
13077
13078
13081
13083
13085
13086
13088
13092
13097
13098
13099
13100
13104
13108
13110
13115
13117
13118
13119
13120
13121
13122
13125
13129
13130
13131
13132
13134
13138
13139
13140
13141
13148
13149
13152
13154
13155
13159
13161
13162
13165
13170
13176
13178
13179
13181
13182
13183
13184
13187
13189
13190
13192
13193
13196
13198
13204
13208
13209
13211
13212
13216
13219
13223
13224
13225
13228
13231
13234
13235
13238
13242
13243
13244
13248
13255
13256
13258
13261
13262
13263
13265
13267
13270
13271
13272
13276
13279
13282
13283
13285
13287
13288
13289
13290
13291
13292
13297
13300
13301
13305
13306
13309
13311
13314
13315
13316
13317
13320
13321
13323
13324
13325
13327
13328
13331
13333
13336
13337
13339
13340
13342
13345
13349
13350
13356
13359
13360
13362
13363
13365
13366
13371
13374
13377
13383
13385
13386
13387
13388
13393
13395
13396
13398
13399
13402
13404
13406
13407
13408
13410
13411
13416
13417
13418
13420
13421
13422
13423
13425
13426
13427
13428
13429
13430
13434
13435
13436
13437
13439
13442
13444
13445
13449
13450
13451
13452
13454
13458
13464
13465
13471
13472
13473
13475
13480
13482
13484
13485
13486
13489
13490
13492
13494
13499
13501
13505
13506
13510
13511
13512
13513
13515
13519
13521
13523
13525
13528
13529
13530
13535
13536
13537
13538
13542
13544
13549
13550
13551
13553
13555
13556
13557
13559
13563
13568
13569
13573
13574
13577
13583
13586
13588
13594
13596
13597
13598
13599
13602
13603
13605
13606
13607
13613
13618
13621
13622
13623
13624
13625
13626
13627
13629
13630
13631
13634
13638
13643
13646
13650
13651
13652
13653
13654
13656
13658
13659
13660
13662
13663
13664
13667
13668
13671
13673
13674
13675
13677
13679
13681
13684
13685
13687
13688
13690
13695
13698
13699
13700
13703
13704
13705
13706
13707
13709
13715
13718
13721
13723
13724
13727
13734
13737
13738
13741
13743
13744
13745
13746
13747
13749
13750
13751
13752
13755
13756
13758
13760
13762
13768
13769
13770
13777
13778
13779
13781
13784
13785
13786
13789
13790
13791
13792
13796
13797
13803
13804
13805
13806
13807
13808
13816
13817
13818
13821
13823
13824
13825
13826
13827
13829
13830
13831
13832
13835
13836
13838
13839
13840
13843
13846
13849
13853
13855
13857
13858
13863
13864
13866
13867
13870
13871
13872
13876
13879
13881
13884
13886
13887
13888
13896
13900
13901
13904
13907
13916
13917
13919
13920
13921
13928
13931
13932
13935
13936
13938
13939
13940
13941
13943
13944
13945
13947
13948
13952
13959
13964
13965
13970
13974
13975
13978
13980
13981
13982
13985
13986
13988
13989
13990
13991
13992
13996
13997
14002
14005
14006
14007
14011
14012
14013
14016
14020
14021
14022
14023
14027
14028
14031
14032
14033
14035
14036
14037
14038
14042
14043
14045
14046
14047
14054
14062
14064
14066
14067
14070
14071
14072
14073
14074
14076
14077
14078
14082
14085
14088
14090
14094
14099
14101
14108
14109
14112
14114
14115
14118
14119
14120
14124
14125
14126
14127
14128
14130
14131
14133
14134
14138
14139
14141
14142
14143
14146
14151
14154
14156
14159
14162
14164
14169
14170
14171
14176
14178
14180
14181
14183
14186
14187
14188
14189
14190
14192
14194
14196
14197
14200
14201
14203
14205
14206
14207
14214
14216
14221
14222
14223
14228
14230
14232
14234
14235
14238
14239
14241
14242
14251
14253
14254
14257
14259
14260
14262
14264
14268
14270
14271
14275
14277
14283
14285
14288
14290
14292
14293
14294
14298
14302
14304
14305
14307
14310
14311
14312
14313
14314
14316
14319
14321
14322
14323
14326
14327
14328
14329
14330
14331
14332
14338
14341
14344
14346
14348
14349
14350
14351
14352
14355
14356
14357
14358
14362
14364
14365
14366
14368
14369
14372
14373
14376
14377
14379
14383
14384
14385
14387
14388
14389
14390
14391
14392
14395
14396
14401
14404
14406
14407
14409
14411
14412
14415
14416
14417
14422
14423
14424
14427
14428
14433
14436
14439
14440
14442
14445
14446
14449
14450
14451
14453
14455
14461
14462
14465
14469
14473
14474
14476
14478
14479
14480
14482
14483
14488
14490
14491
14492
14493
14494
14499
14501
14503
14506
14507
14511
14513
14514
14522
14526
14529
14532
14534
14536
14537
14538
14541
14542
14547
14548
14549
14551
14555
14562
14563
14565
14567
14570
14571
14578
14581
14582
14587
14588
14591
14593
14596
14599
14600
14601
14602
14606
14608
14609
14611
14613
14615
14616
14618
14619
14621
14624
14625
14627
14629
14630
14631
14633
14634
14636
14637
14642
14645
14649
14650
14651
14652
14653
14654
14656
14658
14659
14660
14662
14663
14666
14667
14669
14673
14676
14678
14680
14684
14685
14691
14693
14694
14695
14696
14698
14699
14702
14704
14705
14707
14710
14713
14714
14715
14716
14717
14719
14721
14729
14730
14735
14736
14737
14738
14740
14742
14743
14746
14751
14753
14754
14764
14766
14768
14769
14770
14771
14772
14773
14779
14784
14786
14787
14788
14789
14790
14792
14793
14795
14796
14797
14799
14801
14803
14804
14805
14807
14808
14812
14814
14817
14818
14822
14824
14825
14826
14827
14828
14829
14833
14835
14838
14840
14841
14845
14848
14853
14854
14855
14856
14857
14859
14864
14874
14875
14876
14884
14885
14887
14889
14890
14891
14897
14903
14905
14906
14907
14909
14910
14914
14916
14917
14918
14920
14921
14922
14923
14925
14926
14928
14933
14938
14939
14940
14941
14942
14943
14945
14946
14948
14949
14951
14954
14955
14957
14959
14963
14964
14974
14976
14978
14979
14981
14983
14986
14987
14988
14989
14990
14995
14998
14999
15000
15004
15006
15007
15011
15012
15016
15020
15023
15024
15025
15026
15029
15030
15031
15032
15034
15035
15037
15039
15043
15045
15046
15047
15051
15054
15056
15058
15062
15064
15066
15070
15072
15075
15077
15080
15082
15083
15085
15088
15091
15092
15093
15094
15096
15097
15099
15105
15107
15111
15113
15115
15116
15119
15122
15123
15125
15126
15128
15132
15133
15137
15140
15143
15144
15145
15146
15150
15151
15152
15156
15157
15158
15159
15164
15165
15170
15173
15175
15176
15181
15183
15187
15189
15192
15195
15196
15197
15198
15205
15207
15212
15215
15216
15218
15219
15220
15226
15229
15232
15235
15236
15239
15240
15242
15244
15245
15249
15250
15251
15256
15257
15260
15264
15265
15267
15269
15270
15271
15273
15276
15277
15278
15281
15284
15286
15288
15289
15291
15292
15297
15301
15302
15305
15307
15308
15310
15312
15313
15316
15317
15319
15326
15328
15333
15337
15348
15350
15351
15352
15353
15354
15355
15356
15359
15361
15363
15366
15367
15368
15372
15373
15375
15376
15378
15380
15381
15384
15385
15388
15389
15392
15394
15395
15396
15397
15405
15407
15408
15409
15413
15414
15418
15420
15422
15423
15425
15429
15432
15433
15436
15437
15438
15441
15446
15449
15452
15453
15454
15455
15462
15466
15471
15473
15474
15475
15477
15478
15479
15486
15489
15491
15493
15494
15498
15500
15504
15505
15509
15511
15515
15518
15520
15524
15525
15527
15528
15529
15537
15539
15545
15548
15550
15551
15553
15554
15557
15559
15561
15563
15564
15565
15566
15568
15571
15574
15575
15578
15583
15584
15586
15587
15592
15597
15603
15605
15608
15609
15610
15611
15613
15614
15616
15619
15620
15623
15628
15630
15631
15632
15633
15635
15636
15638
15640
15641
15642
15644
15645
15650
15655
15657
15658
15659
15660
15661
15663
15664
15666
15668
15669
15670
15672
15676
15678
15679
15684
15685
15687
15688
15689
15691
15692
15695
15700
15702
15705
15706
15707
15709
15711
15713
15715
15727
15728
15729
15730
15732
15737
15739
15740
15743
15745
15750
15751
15752
15754
15756
15760
15762
15763
15766
15767
15769
15771
15773
15775
15778
15779
15780
15781
15783
15785
15788
15790
15792
15793
15797
15799
15800
15801
15803
15804
15805
15807
15808
15810
15814
15817
15819
15825
15827
15831
15833
15842
15843
15844
15850
15851
15853
15854
15855
15857
15860
15863
15866
15867
15869
15870
15873
15876
15880
15881
15882
15885
15886
15891
15892
15893
15897
15898
15899
15900
15901
15905
15907
15908
15910
15914
15915
15918
15925
15926
15931
15932
15933
15934
15935
15936
15942
15943
15944
15946
15947
15949
15950
15951
15956
15959
15960
15962
15965
15970
15971
15974
15977
15980
15982
15984
15986
15989
15990
15991
15996
15998
15999
16000
16001
16002
16003
16014
16015
16016
16017
16018
16019
16020
16022
16023
16030
16037
16048
16050
16051
16052
16053
16055
16056
16057
16060
16065
16069
16074
16076
16086
16090
16094
16095
16096
16097
16099
16101
16104
16105
16108
16109
16114
16118
16119
16121
16122
16124
16130
16133
16134
16139
16141
16143
16145
16146
16147
16149
16150
16151
16154
16157
16161
16162
16163
16164
16166
16167
16169
16172
16175
16177
16178
16180
16185
16188
16189
16191
16192
16193
16195
16198
16199
16200
16205
16207
16211
16213
16216
16218
16227
16231
16232
16234
16237
16239
16243
16244
16246
16247
16249
16250
16254
16255
16257
16258
16259
16265
16266
16268
16274
16279
16280
16281
16285
16288
16291
16293
16295
16296
16297
16298
16299
16304
16307
16308
16309
16311
16317
16322
16323
16325
16332
16333
16334
16336
16337
16338
16340
16341
16342
16344
16346
16349
16352
16353
16354
16356
16357
16359
16361
16362
16367
16368
16371
16376
16379
16380
16384
16385
16386
16387
16390
16391
16392
16393
16394
16396
16401
16402
16403
16405
16409
16410
16411
16412
16414
16422
16426
16428
16429
16432
16435
16436
16437
16440
16443
16446
16447
16451
16454
16455
16458
16459
16460
16463
16464
16467
16471
16472
16474
16475
16477
16481
16483
16484
16485
16486
16487
16490
16492
16495
16498
16507
16509
16514
16517
16518
16522
16523
16525
16530
16535
16541
16544
16546
16548
16549
16550
16554
16556
16557
16559
16561
16562
16572
16574
16575
16578
16581
16583
16585
16587
16592
16595
16597
16598
16603
16606
16608
16609
16614
16617
16618
16621
16622
16624
16627
16630
16631
16633
16635
16638
16640
16642
16645
16647
16648
16649
16650
16652
16654
16655
16657
16660
16663
16667
16668
16669
16672
16673
16675
16678
16683
16684
16687
16688
16689
16691
16692
16696
16697
16698
16699
16701
16702
16707
16708
16711
16712
16713
16714
16715
16716
16717
16718
16721
16725
16727
16729
16732
16733
16736
16737
16739
16741
16742
16745
16747
16753
16754
16757
16762
16764
16766
16768
16770
16773
16780
16782
16783
16786
16788
16790
16798
16799
16801
16805
16807
16808
16811
16814
16815
16816
16821
16823
16828
16829
16832
16833
16835
16836
16838
16840
16841
16842
16847
16849
16850
16851
16852
16857
16858
16864
16868
16869
16870
16871
16872
16877
16880
16882
16883
16884
16888
16889
16895
16896
16899
16900
16902
16904
16905
16907
16911
16912
16913
16914
16919
16923
16926
16930
16931
16933
16935
16938
16939
16946
16949
16950
16952
16955
16956
16958
16959
16962
16964
16967
16969
16970
16972
16973
16974
16978
16979
16986
16988
16989
16995
16996
17001
17002
17003
17004
17006
17012
17013
17015
17016
17018
17019
17021
17022
17024
17025
17026
17028
17029
17031
17032
17034
17036
17037
17038
17040
17041
17042
17047
17048
17049
17053
17054
17062
17066
17071
17072
17073
17074
17088
17100
17105
17107
17108
17111
17115
17117
17119
17120
17121
17124
17130
17131
17132
17135
17139
17141
17142
17146
17147
17149
17150
17153
17155
17156
17157
17162
17165
17168
17171
17173
17177
17180
17183
17184
17185
17186
17187
17189
17190
17191
17193
17194
17195
17197
17198
17201
17203
17204
17207
17208
17212
17215
17216
17217
17224
17227
17228
17230
17231
17232
17238
17239
17241
17242
17243
17247
17248
17249
17252
17253
17257
17259
17261
17262
17264
17265
17268
17269
17270
17273
17276
17280
17283
17284
17289
17292
17293
17294
17298
17301
17308
17310
17311
17316
17318
17321
17323
17326
17327
17328
17329
17330
17335
17341
17345
17346
17349
17352
17355
17356
17358
17359
17362
17363
17365
17367
17369
17372
17373
17376
17378
17379
17380
17381
17385
17386
17388
17389
17390
17393
17394
17397
17398
17404
17406
17408
17409
17410
17411
17415
17416
17417
17418
17419
17426
17427
17431
17432
17435
17437
17440
17442
17448
17449
17452
17453
17459
17462
17463
17464
17467
17468
17470
17471
17473
17476
17480
17483
17485
17487
17488
17490
17491
17495
17498
17500
17508
17509
17510
17511
17517
17521
17522
17527
17528
17529
17530
17534
17538
17540
17541
17542
17547
17551
17557
17560
17561
17562
17564
17566
17568
17570
17572
17573
17579
17580
17581
17583
17590
17592
17596
17598
17600
17603
17604
17605
17611
17612
17616
17622
17623
17630
17632
17635
17640
17645
17648
17649
17652
17655
17657
17665
17666
17667
17671
17675
17676
17678
17683
17684
17685
17686
17688
17689
17693
17697
17699
17700
17704
17706
17707
17709
17712
17713
17715
17716
17719
17721
17724
17725
17726
17733
17737
17739
17740
17746
17751
17752
17755
17756
17761
17762
17763
17767
17769
17770
17771
17772
17773
17774
17776
17777
17778
17779
17780
17786
17789
17791
17793
17794
17795
17799
17801
17805
17814
17818
17819
17820
17821
17822
17824
17828
17830
17835
17836
17841
17846
17847
17848
17850
17852
17855
17856
17858
17859
17860
17861
17862
17863
17864
17865
17868
17869
17870
17875
17879
17880
17882
17886
17887
17893
17895
17896
17897
17900
17904
17908
17915
17918
17919
17927
17928
17933
17937
17938
17940
17943
17947
17950
17951
17952
17955
17957
17961
17962
17966
17970
17972
17976
17978
17979
17980
17985
17986
17991
17994
17995
17997
17999
18000
18001
18002
18003
18007
18010
18012
18013
18014
18018
18020
18023
18024
18025
18026
18027
18028
18030
18031
18032
18036
18037
18038
18039
18045
18046
18048
18049
18052
18053
18056
18057
18058
18059
18060
18063
18065
18066
18067
18068
18070
18075
18079
18082
18083
18084
18085
18087
18092
18094
18095
18096
18097
18101
18102
18103
18106
18107
18110
18112
18116
18119
18123
18124
18125
18126
18127
18131
18136
18138
18139
18140
18141
18147
18148
18149
18150
18151
18153
18154
18155
18158
18159
18160
18161
18166
18168
18169
18170
18172
18174
18176
18179
18188
18192
18193
18194
18196
18198
18199
18200
18201
18206
18211
18213
18216
18219
18221
18222
18223
18226
18227
18229
18230
18232
18234
18236
18239
18241
18249
18251
18252
18253
18255
18257
18261
18262
18264
18265
18270
18275
18277
18280
18282
18284
18285
18288
18290
18291
18292
18293
18295
18299
18300
18301
18302
18303
18305
18309
18310
18311
18321
18325
18328
18330
18333
18334
18335
18336
18337
18342
18347
18350
18354
18360
18365
18366
18370
18373
18376
18377
18378
18382
18383
18386
18388
18389
18390
18391
18392
18394
18395
18397
18398
18401
18407
18413
18414
18415
18416
18417
18421
18423
18425
18426
18429
18430
18431
18435
18437
18438
18439
18441
18443
18445
18446
18449
18450
18452
18453
18456
18458
18459
18461
18465
18468
18470
18471
18472
18474
18476
18479
18484
18486
18488
18489
18495
18498
18501
18502
18506
18507
18508
18511
18512
18515
18518
18520
18523
18524
18525
18527
18528
18529
18530
18532
18533
18534
18544
18554
18555
18556
18559
18563
18567
18570
18574
18575
18581
18582
18583
18587
18588
18589
18590
18594
18596
18597
18603
18607
18609
18613
18620
18621
18622
18624
18627
18628
18635
18637
18639
18642
18643
18645
18658
18662
18663
18678
18680
18682
18683
18685
18686
18690
18692
18693
18694
18697
18698
18703
18708
18712
18715
18716
18718
18720
18724
18725
18726
18729
18731
18732
18733
18737
18739
18746
18747
18749
18751
18752
18753
18755
18756
18759
18760
18761
18765
18766
18767
18769
18770
18775
18778
18780
18781
18782
18783
18784
18786
18787
18788
18791
18794
18798
18799
18801
18803
18805
18808
18813
18821
18824
18826
18827
18829
18832
18833
18835
18836
18844
18847
18848
18851
18854
18858
18860
18861
18862
18865
18867
18868
18873
18876
18877
18878
18879
18881
18883
18884
18887
18888
18889
18894
18895
18899
18905
18909
18910
18912
18913
18917
18921
18922
18923
18924
18926
18928
18930
18934
18936
18937
18942
18944
18946
18947
18951
18953
18955
18963
18965
18968
18971
18972
18973
18975
18976
18977
18978
18985
18986
18989
18992
18997
18998
19000
19001
19015
19016
19017
19018
19020
19021
19024
19026
19027
19030
19032
19034
19035
19039
19041
19045
19046
19052
19055
19056
19061
19062
19065
19068
19070
19074
19075
19078
19080
19081
19083
19084
19086
19089
19094
19099
19101
19102
19105
19106
19109
19110
19112
19116
19118
19119
19121
19125
19127
19129
19130
19131
19132
19133
19134
19135
19137
19138
19144
19145
19146
19150
19154
19155
19157
19159
19160
19164
19166
19167
19169
19170
19172
19174
19175
19176
19177
19178
19180
19182
19183
19185
19187
19188
19189
19192
19197
19200
19204
19205
19206
19207
19209
19211
19212
19217
19218
19219
19221
19226
19227
19228
19229
19233
19234
19237
19238
19240
19241
19243
19246
19248
19250
19251
19255
19256
19257
19258
19262
19265
19267
19268
19269
19270
19272
19273
19274
19277
19286
19288
19292
19293
19295
19298
19299
19300
19304
19305
19308
19310
19311
19312
19314
19321
19322
19328
19331
19333
19335
19338
19347
19348
19353
19354
19355
19356
19357
19360
19366
19369
19370
19373
19376
19380
19382
19384
19386
19390
19392
19393
19394
19395
19399
19400
19402
19410
19411
19412
19415
19416
19421
19425
19426
19431
19432
19433
19434
19435
19440
19441
19449
19453
19455
19458
19459
19461
19463
19464
19465
19466
19469
19470
19472
19474
19476
19477
19479
19481
19488
19489
19491
19500
19502
19503
19504
19505
19506
19508
19509
19513
19514
19517
19518
19519
19520
19522
19524
19526
19528
19529
19530
19531
19537
19538
19541
19542
19543
19545
19546
19549
19550
19551
19554
19555
19556
19557
19560
19562
19563
19569
19573
19576
19578
19579
19582
19584
19586
19587
19591
19594
19595
19596
19603
19604
19609
19611
19612
19615
19616
19617
19618
19619
19620
19621
19624
19631
19636
19642
19645
19648
19651
19652
19654
19659
19660
19661
19662
19664
19667
19668
19669
19673
19674
19682
19683
19689
19692
19698
19701
19702
19704
19707
19708
19709
19711
19713
19714
19716
19720
19721
19723
19727
19731
19732
19733
19734
19735
19736
19743
19746
19747
19749
19750
19751
19752
19753
19754
19755
19758
19760
19763
19765
19769
19775
19777
19779
19782
19788
19790
19792
19793
19794
19796
19798
19799
19801
19808
19811
19815
19817
19822
19823
19828
19830
19836
19837
19841
19842
19847
19848
19849
19850
19852
19853
19856
19860
19862
19863
19867
19868
19870
19873
19874
19877
19878
19879
19882
19883
19884
19891
19893
19897
19899
19900
19902
19908
19910
19912
19913
19914
19920
19921
19927
19928
19930
19931
19934
19936
19943
19948
19953
19955
19956
19958
19963
19966
19967
19973
19975
19977
19978
19982
19983
19985
19987
19990
19992
19995
19996
19998
20000
20007
20008
20016
20020
20021
20025
20032
20034
20035
20039
20043
20044
20047
20049
20050
20052
20054
20060
20070
20072
20080
20089
20092
20093
20102
20107
20109
20110
20117
20122
20126
20134
20138
20139
20141
20150
20155
20162
20163
20165
20169
20170
20171
20173
20174
20181
20182
20184
20192
20194
20195
20196
20199
20200
20206
20209
20212
20226
20227
20230
20232
20235
20242
20247
20249
20253
20255
20258
20260
20283
20293
20300
20301
20305
20317
20319
20321
20322
20327
20342
20350
20353
20354
20355
20356
20357
20363
20364
20369
20378
20380
20382
20383
20391
20392
20394
20407
20412
20415
20431
20435
20436
20439
20442
20444
20447
20449
20454
20457
20459
20463
20466
20468
20475
20476
20477
20478
20479
20485
20487
20493
20495
20498
20499
20501
20508
20514
20516
20519
20536
20539
20542
20549
20553
20554
20558
20559
20561
20567
20568
20576
20579
20583
20585
20593
20598
20599
20605
20608
20610
20615
20618
20626
20628
20634
20637
20644
20645
20653
20659
20663
20664
20676
20678
20682
20697
20710
20711
20717
20719
20725
20726
20727
20729
20730
20731
20732
20733
20741
20745
20747
20751
20754
20756
20759
20765
20771
20779
20783
20789
20793
20806
20808
20809
20812
20814
20816
20824
20838
20840
20842
20849
20857
20860
20865
20866
20867
20868
20871
20878
20884
20892
20906
20933
20938
20940
20942
20946
20956
20959
20964
20967
20969
20982
20986
20995
21001
21009
21023
21024
21049
21053
21058
21059
21061
21064
21065
21078
21079
21083
21088
21093
21097
21099
21100
21102
21103
21112
21117
21120
21122
21137
21138
21144
21148
21154
21158
21161
21162
21164
21168
21173
21179
21181
21186
21187
21195
21198
21199
21202
21205
21214
21224
21230
21241
21243
21254
21256
21260
21268
21270
21281
21286
21293
21299
21300
21308
21312
21313
21316
21321
21323
21328
21338
21353
21355
21356
21363
21366
21377
21380
21382
21384
21386
21395
21397
21398
21399
21400
21413
21417
21421
21422
21426
21432
21433
21437
21445
21455
21459
21460
21462
21467
21470
21489
21491
21493
21494
21496
21498
21516
21524
21530
21536
21545
21546
21555
21558
21560
21566
21567
21576
21577
21579
21581
21584
21594
21601
21602
21605
21617
21618
21621
21632
21641
21647
21651
21652
21658
21662
21666
21672
21690
21697
21699
21703
21709
21733
21735
21737
21742
21743
21753
21756
21759
21760
21762
21768
21777
21784
21787
21788
21792
21794
21795
21800
21804
21808
21816
21820
21821
21830
21831
21834
21835
21836
21837
21839
21842
21847
21861
21862
21879
21882
21885
21886
21900
21901
21903
21910
21919
21922
21932
21934
21950
21956
21959
21963
21967
21982
21992
22002
22003
22010
22012
22014
22018
22028
22030
22040
22042
22051
22052
22055
22059
22060
22063
22065
22070
22071
22073
22076
22077
22080
22082
22085
22105
22116
22131
22132
22136
22138
22140
22144
22149
22151
22155
22157
22162
22164
22166
22172
22174
22177
22182
22194
22195
22198
22200
22207
22209
22216
22217
22226
22231
22232
22235
22238
22240
22247
22251
22254
22256
22257
22264
22267
22270
22277
22281
22282
22291
22293
22294
22299
22302
22308
22309
22319
22320
22335
22338
22340
22341
22349
22351
22354
22355
22360
22361
22371
22376
22381
22383
22385
22387
22393
22394
22396
22403
22412
22415
22422
22423
22425
22427
22438
22442
22443
22444
22447
22448
22449
22452
22453
22462
22463
22464
22465
22467
22469
22477
22478
22481
22483
22490
22493
22499
22501
22503
22507
22509
22511
22525
22531
22534
22535
22536
22540
22541
22544
22546
22549
22557
22558
22559
22560
22563
22570
22574
22577
22584
22597
22601
22607
22610
22613
22621
22622
22625
22628
22629
22630
22632
22638
22640
22645
22651
22659
22666
22670
22673
22675
22682
22686
22688
22692
22703
22706
22708
22712
22714
22719
22723
22733
22740
22744
22747
22752
22756
22759
22761
22765
22766
22771
22776
22779
22781
22785
22802
22805
22807
22810
22816
22823
22841
22847
22853
22859
22860
22867
22868
22870
22872
22879
22893
22896
22900
22902
22908
22914
22915
22916
22920
22928
22930
22935
22938
22939
22940
22941
22942
22945
22954
22956
22957
22973
22976
22978
22982
22985
22988
22991
22999
23013
23014
23019
23021
23022
23031
23033
23034
23035
23056
23058
23072
23073
23077
23087
23088
23089
23096
23101
23102
23105
23110
23113
23134
23135
23136
23137
23142
23167
23168
23171
23183
23188
23190
23194
23198
23203
23206
23210
23215
23238
23239
23247
23249
23255
23256
23259
23260
23264
23265
23269
23270
23276
23286
23290
23292
23294
23300
23306
23316
23321
23322
23323
23329
23330
23333
23338
23339
23343
23344
23346
23352
23358
23363
23367
23372
23374
23377
23378
23385
23389
23395
23399
23401
23402
23415
23417
23418
23427
23431
23434
23436
23455
23461
23465
23466
23467
23469
23471
23472
23480
23483
23484
23491
23492
23497
23501
23502
23517
23519
23522
23526
23536
23537
23541
23543
23545
23546
23547
23548
23549
23550
23554
23555
23556
23559
23562
23584
23604
23606
23608
23612
23623
23626
23628
23630
23633
23635
23637
23638
23657
23660
23663
23670
23672
23678
23684
23698
23712
23713
23715
23719
23720
23721
23723
23724
23725
23726
23731
23734
23740
23741
23744
23748
23751
23753
23766
23770
23778
23780
23782
23785
23789
23790
23793
23798
23803
23805
23807
23817
23819
23827
23829
23833
23839
23840
23844
23855
23857
23866
23877
23885
23886
23892
23896
23897
23901
23903
23904
23908
23918
23919
23921
23929
23936
23937
23940
23941
23946
23949
23959
23960
23962
23966
23967
23968
23969
23971
23990
23997
23999
24000
24006
24008
24019
24020
24025
24030
24031
24032
24034
24039
24042
24043
24053
24057
24064
24070
24079
24084
24092
24102
24105
24110
24111
24113
24118
24121
24122
24124
24127
24128
24132
24136
24146
24148
24150
24154
24156
24159
24161
24172
24173
24175
24186
24187
24193
24196
24198
24199
24210
24220
24231
24233
24238
24242
24251
24253
24254
24255
24256
24264
24266
24269
24272
24273
24276
24281
24283
24286
24287
24290
24294
24303
24304
24305
24311
24320
24324
24328
24332
24334
24337
24351
24353
24356
24358
24359
24360
24366
24374
24377
24378
24382
24387
24388
24406
24408
24409
24410
24411
24417
24419
24424
24431
24437
24440
24447
24450
24460
24471
24473
24475
24478
24481
24491
24495
24502
24507
24512
24516
24517
24518
24528
24538
24539
24553
24555
24561
24562
24567
24577
24578
24582
24585
24591
24592
24594
24596
24601
24615
24622
24624
24629
24632
24643
24649
24650
24652
24659
24660
24666
24677
24678
24686
24691
24705
24707
24710
24717
24718
24719
24720
24724
24726
24731
24734
24738
24748
24752
24753
24754
24755
24756
24759
24767
24780
24784
24788
24794
24795
24808
24811
24812
24813
24814
24816
24817
24819
24825
24832
24838
24842
24862
24866
24867
24872
24873
24874
24879
24883
24887
24891
24892
24901
24906
24910
24912
24915
24920
24923
24929
24931
24943
24947
24948
24951
24952
24953
24959
24960
24961
24963
24975
24982
24983
24987
24989
24996
24998
24999
25001
25002
25003
25005
25007
25013
25020
25021
25026
25029
25035
25038
25040
25044
25045
25048
25050
25054
25055
25061
25068
25070
25073
25074
25077
25086
25090
25091
25094
25102
25106
25109
25112
25117
25118
25121
25136
25144
25149
25153
25155
25157
25165
25166
25169
25170
25173
25179
25180
25181
25187
25189
25191
25199
25200
25202
25203
25206
25213
25216
25217
25219
25223
25226
25231
25242
25243
25252
25254
25256
25258
25260
25262
25263
25264
25280
25281
25284
25285
25309
25312
25314
25316
25324
25326
25327
25335
25336
25344
25345
25348
25350
25351
25355
25358
25375
25380
25382
25392
25400
25413
25417
25421
25422
25423
25431
25440
25441
25451
25452
25454
25455
25456
25458
25460
25467
25468
25470
25473
25475
25477
25481
25487
25488
25494
25495
25496
25497
25502
25505
25510
25511
25512
25514
25516
25521
25527
25532
25534
25537
25540
25544
25546
25548
25552
25554
25558
25559
25561
25563
25565
25567
25571
25572
25574
25575
25581
25597
25598
25604
25607
25608
25611
25612
25620
25621
25623
25625
25640
25645
25658
25666
25669
25675
25682
25688
25689
25696
25716
25722
25733
25736
25743
25753
25757
25758
25759
25760
25761
25766
25767
25774
25785
25788
25808
25816
25817
25818
25819
25821
25829
25831
25832
25833
25840
25860
25861
25863
25864
25868
25870
25880
25886
25888
25896
25901
25913
25914
25915
25919
25921
25928
25929
25933
25934
25936
25943
25967
25972
25975
25976
25977
25978
25979
25981
25983
25990
25996
25997
26002
26004
26010
26013
26014
26017
26020
26029
26031
26033
26034
26037
26040
26044
26045
26046
26048
26055
26057
26058
26063
26069
26077
26079
26088
26090
26098
26100
26101
26104
26107
26109
26113
26117
26119
26137
26142
26144
26157
26171
26193
26196
26198
26199
26201
26203
26208
26213
26216
26217
26218
26219
26220
26224
26235
26237
26243
26248
26254
26256
26260
26262
26267
26271
26272
26284
26286
26287
26298
26299
26301
26319
26322
26323
26331
26337
26339
26340
26341
26342
26343
26347
26349
26353
26356
26367
26370
26371
26379
26380
26382
26391
26399
26409
26410
26411
26413
26416
26417
26430
26438
26440
26446
26447
26448
26450
26451
26452
26468
26474
26484
26485
26500
26503
26506
26508
26510
26513
26519
26528
26530
26534
26535
26538
26539
26548
26555
26556
26563
26565
26567
26576
26577
26581
26602
26605
26608
26614
26615
26616
26620
26621
26624
26627
26628
26630
26640
26646
26648
26654
26658
26665
26667
26670
26679
26682
26683
26686
26687
26690
26693
26702
26706
26707
26709
26713
26714
26724
26728
26733
26740
26741
26744
26747
26752
26753
26769
26770
26776
26781
26785
26786
26790
26798
26806
26808
26816
26817
26827
26834
26837
26844
26846
26847
26852
26856
26860
26865
26868
26875
26877
26882
26883
26884
26886
26887
26890
26892
26896
26909
26911
26914
26919
26925
26926
26929
26930
26939
26940
26946
26947
26952
26955
26959
26960
26961
26964
26968
26969
26978
26980
26989
26991
26993
26997
27011
27015
27016
27023
27024
27025
27028
27031
27032
27034
27047
27052
27055
27056
27059
27061
27064
27069
27071
27072
27076
27077
27078
27084
27093
27095
27101
27103
27104
27110
27115
27120
27122
27125
27126
27130
27138
27139
27155
27156
27157
27160
27171
27172
27175
27177
27188
27189
27193
27198
27203
27209
27212
27218
27220
27221
27224
27228
27238
27239
27244
27249
27250
27252
27257
27258
27264
27267
27268
27271
27274
27277
27282
27288
27289
27292
27293
27299
27301
27302
27305
27307
27314
27323
27325
27328
27333
27334
27335
27343
27347
27348
27353
27356
27361
27362
27374
27377
27379
27386
27388
27389
27394
27395
27396
27397
27398
27400
27404
27405
27410
27411
27414
27415
27425
27427
27428
27431
27434
27440
27442
27445
27450
27451
27452
27457
27461
27463
27466
27471
27475
27492
27494
27495
27511
27512
27522
27524
27528
27529
27534
27536
27537
27541
27542
27550
27557
27565
27570
27576
27592
27593
27596
27600
27602
27606
27610
27614
27617
27624
27625
27628
27632
27635
27637
27642
27643
27645
27649
27659
27662
27667
27672
27682
27684
27687
27688
27689
27702
27704
27706
27714
27716
27720
27729
27731
27732
27744
27752
27753
27769
27772
27774
27780
27781
27782
27783
27786
27790
27799
27802
27804
27811
27814
27815
27820
27828
27829
27833
27834
27841
27844
27846
27851
27857
27867
27868
27873
27876
27879
27882
27897
27899
27904
27907
27914
27917
27919
27927
27936
27939
27941
27951
27952
27955
27956
27957
27966
27975
27977
27983
27984
27987
27994
27996
28000
28005
28006
28007
28008
28009
28012
28015
28027
28031
28040
28046
28049
28059
28063
28065
28070
28074
28078
28081
28088
28090
28091
28093
28100
28102
28105
28106
28116
28121
28128
28130
28144
28146
28148
28153
28157
28168
28169
28170
28171
28173
28178
28183
28187
28188
28200
28209
28214
28226
28229
28233
28237
28241
28243
28253
28255
28258
28259
28260
28262
28264
28271
28273
28275
28277
28278
28312
28316
28323
28329
28330
28331
28334
28341
28347
28349
28355
28356
28357
28359
28360
28361
28363
28367
28370
28375
28377
28379
28384
28385
28386
28387
28389
28390
28392
28393
28395
28398
28399
28400
28403
28408
28412
28414
28416
28432
28433
28434
28438
28448
28449
28459
28461
28466
28467
28469
28472
28476
28481
28482
28490
28492
28503
28504
28506
28507
28509
28511
28512
28522
28525
28526
28534
28539
28549
28551
28552
28553
28556
28558
28561
28566
28567
28571
28574
28581
28582
28584
28585
28587
28589
28590
28592
28593
28601
28605
28607
28613
28618
28622
28626
28629
28631
28646
28647
28648
28651
28653
28662
28665
28671
28686
28687
28692
28695
28698
28704
28705
28706
28720
28732
28735
28738
28742
28743
28744
28745
28746
28749
28754
28755
28764
28768
28769
28771
28774
28784
28788
28815
28820
28822
28825
28827
28829
28830
28832
28838
28839
28845
28851
28852
28854
28856
28866
28870
28871
28875
28881
28886
28887
28891
28892
28894
28897
28903
28909
28910
28911
28914
28916
28921
28929
28931
28932
28938
28940
28945
28952
28963
28967
28971
28982
28985
28986
28989
28990
28996
29000
29001
29013
29015
29016
29018
29019
29021
29022
29023
29024
29026
29035
29038
29045
29047
29048
29061
29062
29063
29064
29065
29074
29075
29077
29079
29082
29083
29088
29090
29098
29099
29107
29111
29116
29118
29121
29123
29128
29137
29139
29142
29143
29144
29145
29152
29156
29157
29164
29168
29172
29174
29176
29178
29182
29189
29195
29197
29202
29204
29220
29226
29227
29233
29234
29246
29250
29258
29260
29261
29262
29263
29267
29273
29276
29279
29284
29285
29286
29291
29292
29295
29302
29303
29305
29311
29314
29321
29323
29327
29331
29333
29344
29355
29358
29364
29365
29378
29379
29382
29384
29386
29393
29394
29396
29397
29399
29408
29412
29416
29417
29419
29429
29431
29442
29446
29449
29453
29457
29462
29470
29471
29472
29485
29486
29487
29490
29497
29498
29514
29519
29536
29537
29539
29540
29543
29545
29547
29557
29560
29561
29565
29574
29576
29577
29579
29588
29590
29594
29598
29605
29606
29612
29616
29618
29619
29620
29623
29626
29630
29635
29639
29644
29650
29651
29655
29661
29662
29664
29668
29680
29686
29694
29697
29701
29703
29706
29708
29710
29715
29721
29731
29733
29736
29739
29748
29752
29766
29769
29778
29783
29789
29790
29794
29795
29797
29802
29809
29817
29819
29830
29847
29854
29858
29860
29862
29873
29879
29881
29882
29885
29890
29893
29894
29901
29909
29920
29924
29927
29930
29936
29943
29957
29958
29962
29969
29970
29977
29996
29998
30000
30004
30017
30025
30028
30030
30035
30050
30054
30064
30068
30069
30072
30084
30087
30090
30098
30111
30114
30124
30129
30130
30142
30145
30173
30177
30193
30197
30203
30209
30213
30217
30220
30224
30227
30228
30232
30241
30244
30245
30247
30250
30265
30283
30291
30299
30300
30316
30318
30320
30324
30327
30330
30334
30336
30344
30352
30367
30368
30369
30370
30371
30374
30387
30396
30409
30412
30418
30425
30436
30446
30449
30457
30460
30465
30472
30485
30496
30501
30510
30512
30525
30529
30539
30543
30548
30562
30571
30575
30577
30581
30593
30594
30598
30613
30615
30632
30641
30646
30650
30653
30656
30661
30665
30667
30671
30673
30681
30684
30685
30688
30689
30704
30705
30714
30722
30727
30730
30743
30745
30746
30755
30758
30761
30765
30768
30773
30784
30787
30788
30789
30794
30796
30802
30809
30810
30827
30832
30852
30863
30864
30865
30869
30876
30893
30905
30918
30921
30931
30933
30937
30947
30951
30953
30957
30960
30967
30972
30977
30982
30989
30998
31010
31011
31013
31019
31024
31052
31053
31055
31066
31074
31080
31081
31083
31091
31093
31101
31107
31109
31111
31112
31114
31138
31142
31145
31146
31160
31164
31165
31170
31175
31180
31191
31197
31201
31208
31209
31217
31218
31219
31228
31237
31241
31249
31254
31265
31270
31271
31274
31278
31280
31291
31292
31295
31296
31297
31298
31308
31315
31323
31332
31345
31347
31360
31371
31375
31381
31393
31395
31396
31400
31401
31402
31406
31427
31429
31436
31456
31459
31477
31479
31486
31487
31509
31512
31529
31530
31535
31538
31539
31548
31549
31562
31563
31570
31571
31575
31589
31602
31604
31618
31626
31627
31628
31632
31636
31642
31649
31653
31658
31660
31663
31664
31665
31673
31680
31692
31696
31697
31704
31711
31718
31725
31739
31740
31744
31754
31764
31766
31769
31770
31772
31775
31776
31784
31785
31788
31791
31798
31805
31809
31813
31826
31829
31834
31837
31839
31842
31844
31851
31855
31857
31863
31880
31887
31896
31905
31909
31912
31921
31926
31933
31935
31952
31954
31956
31971
31986
31990
31991
31994
31997
32004
32008
32018
32019
32021
32023
32024
32028
32036
32048
32058
32060
32062
32066
32067
32069
32073
32074
32081
32086
32092
32099
32102
32119
32127
32130
32148
32156
32167
32169
32171
32175
32176
32183
32186
32191
32199
32205
32213
32222
32233
32235
32241
32246
32257
32260
32262
32280
32281
32282
32285
32287
32302
32304
32307
32312
32315
32326
32332
32337
32342
32349
32354
32362
32367
32375
32385
32389
32390
32394
32395
32403
32412
32432
32434
32436
32452
32453
32456
32459
32462
32465
32473
32474
32475
32483
32484
32493
32494
32506
32510
32514
32518
32532
32544
32550
32555
32559
32561
32562
32564
32565
32585
32587
32588
32589
32598
32602
32610
32611
32612
32614
32636
32642
32648
32650
32659
32675
32680
32682
32683
32693
32700
32705
32709
32713
32719
32735
32737
32746
32760
32764
32773
32774
32775
32776
32777
32780
32784
32787
32816
32827
32828
32836
32849
32850
32862
32863
32869
32874
32876
32888
32890
32906
32910
32915
32916
32926
32927
32929
32932
32939
32957
32970
32971
32983
32991
32992
32993
32994
32996
32997
32998
33005
33009
33012
33023
33027
33030
33033
33041
33047
33051
33053
33055
33058
33059
33063
33065
33071
33072
33078
33079
33097
33099
33114
33120
33127
33128
33140
33146
33148
33156
33168
33178
33199
33201
33205
33209
33211
33212
33213
33218
33220
33223
33226
33229
33233
33249
33253
33268
33277
33292
33296
33301
33315
33316
33323
33328
33334
33352
33357
33358
33363
33365
33366
33381
33385
33386
33393
33398
33411
33412
33423
33433
33438
33440
33445
33455
33463
33464
33468
33473
33477
33481
33493
33498
33500
33503
33504
33506
33513
33518
33522
33552
33553
33557
33560
33565
33585
33592
33598
33605
33607
33608
33616
33640
33645
33647
33659
33661
33669
33682
33691
33694
33695
33699
33716
33717
33718
33730
33737
33738
33743
33752
33753
33767
33770
33781
33782
33789
33798
33802
33804
33810
33815
33823
33825
33826
33829
33832
33833
33842
33843
33844
33846
33847
33860
33872
33873
33875
33878
33879
33888
33895
33896
33897
33904
33915
33926
33927
33931
33936
33941
33947
33955
33959
33963
33969
33972
33980
33988
33991
33994
33995
33999
34005
34013
34017
34028
34031
34039
34045
34059
34063
34071
34076
34077
34088
34089
34094
34097
34105
34111
34114
34123
34125
34127
34136
34138
34140
34145
34147
34151
34161
34192
34195
34197
34200
34203
34208
34210
34216
34217
34219
34224
34226
34229
34232
34248
34249
34251
34252
34260
34261
34264
34265
34280
34283
34286
34299
34302
34304
34314
34316
34319
34321
34324
34326
34334
34347
34350
34353
34362
34364
34373
34377
34378
34379
34385
34386
34394
34397
34408
34415
34417
34420
34424
34428
34432
34434
34453
34459
34465
34469
34473
34475
34483
34488
34492
34493
34494
34496
34505
34506
34512
34513
34521
34535
34551
34552
34557
34561
34565
34572
34574
34577
34591
34595
34602
34621
34622
34628
34640
34641
34645
34647
34648
34650
34655
34656
34662
34663
34668
34670
34674
34676
34678
34681
34683
34684
34688
34689
34691
34693
34694
34699
34701
34710
34711
34719
34726
34727
34729
34733
34735
34741
34743
34748
34750
34752
34759
34772
34776
34779
34782
34784
34793
34812
34815
34826
34827
34833
34834
34838
34839
34860
34862
34864
34870
34871
34885
34895
34896
34910
34911
34919
34923
34927
34928
34930
34932
34936
34946
34952
34966
34970
34978
34980
34984
34998
35001
35002
35004
35005
35006
35008
35010
35012
35013
35014
35015
35020
35023
35025
35027
35028
35029
35030
35034
35035
35039
35042
35043
35045
35046
35050
35054
35056
35057
35060
35061
35063
35064
35066
35067
35069
35070
35071
35074
35077
35078
35080
35081
35083
35084
35085
35086
35087
35088
35092
35093
35094
35096
35097
35100
35101
35103
35109
35112
35114
35119
35123
35125
35126
35128
35130
35137
35139
35142
35143
35145
35149
35150
35151
35152
35153
35155
35156
35157
35160
35161
35162
35163
35166
35167
35168
35170
35172
35174
35175
35181
35182
35183
35184
35185
35190
35191
35192
35193
35194
35195
35196
35197
35210
35211
35212
35215
35216
35220
35221
35222
35223
35230
35231
35237
35239
35245
35249
35252
35253
35257
35258
35262
35268
35269
35270
35271
35274
35275
35278
35281
35283
35285
35290
35291
35292
35301
35302
35308
35309
35311
35312
35313
35316
35319
35320
35326
35327
35328
35329
35333
35335
35336
35340
35344
35345
35346
35347
35350
35352
35361
35362
35363
35364
35365
35366
35367
35368
35369
35373
35374
35375
35377
35378
35379
35380
35381
35383
35388
35391
35392
35393
35396
35404
35406
35408
35409
35415
35416
35417
35419
35424
35428
35429
35430
35432
35434
35435
35438
35441
35443
35444
35448
35449
35455
35456
35457
35460
35463
35464
35465
35466
35467
35468
35471
35472
35475
35476
35477
35479
35486
35492
35498
35500
35504
35505
35508
35509
35514
35515
35516
35517
35518
35519
35520
35525
35526
35529
35530
35534
35535
35537
35538
35539
35543
35552
35553
35556
35560
35563
35565
35567
35568
35569
35570
35572
35573
35574
35576
35577
35578
35579
35581
35582
35586
35589
35595
35596
35597
35598
35600
35605
35606
35613
35614
35616
35618
35620
35621
35624
35626
35628
35630
35633
35634
35635
35636
35637
35643
35644
35647
35648
35651
35653
35654
35655
35656
35664
35665
35666
35671
35674
35676
35677
35678
35679
35680
35681
35686
35693
35695
35696
35701
35704
35705
35706
35708
35709
35710
35711
35712
35715
35718
35719
35723
35724
35725
35726
35729
35731
35733
35736
35737
35740
35741
35742
35744
35746
35748
35750
35753
35757
35758
35759
35760
35766
35767
35768
35771
35772
35773
35776
35777
35781
35787
35788
35791
35796
35801
35802
35803
35807
35809
35811
35813
35814
35819
35820
35821
35822
35823
35831
35832
35833
35837
35838
35839
35840
35841
35843
35845
35847
35848
35851
35854
35855
35859
35863
35866
35870
35871
35877
35880
35881
35883
35884
35886
35888
35889
35890
35892
35897
35899
35901
35902
35903
35906
35909
35912
35913
35916
35922
35923
35924
35925
35926
35927
35933
35934
35935
35938
35939
35940
35941
35943
35944
35947
35948
35953
35955
35957
35958
35961
35963
35964
35969
35975
35981
35984
35985
35986
35988
35989
35990
35991
35994
35997
35999
36002
36003
36006
36008
36010
36013
36014
36016
36021
36025
36026
36029
36030
36033
36034
36037
36038
36040
36041
36044
36045
36046
36047
36048
36053
36064
36066
36068
36072
36074
36075
36077
36086
36087
36088
36089
36091
36094
36095
36098
36099
36102
36107
36110
36112
36113
36114
36115
36117
36119
36122
36129
36130
36131
36132
36134
36136
36137
36138
36140
36142
36144
36146
36149
36150
36156
36159
36164
36166
36168
36172
36176
36177
36178
36187
36188
36189
36193
36194
36195
36196
36200
36201
36202
36211
36214
36215
36216
36219
36223
36227
36228
36233
36235
36236
36250
36251
36252
36257
36259
36261
36262
36264
36265
36267
36271
36274
36276
36280
36281
36282
36283
36284
36291
36292
36293
36294
36295
36299
36302
36304
36305
36311
36314
36316
36323
36327
36328
36329
36331
36332
36334
36335
36336
36339
36341
36342
36343
36346
36348
36353
36354
36355
36356
36360
36363
36367
36369
36370
36372
36373
36374
36376
36377
36383
36385
36394
36399
36405
36406
36408
36409
36413
36414
36416
36419
36420
36422
36423
36424
36425
36426
36427
36429
36433
36434
36435
36437
36438
36439
36442
36447
36449
36450
36451
36458
36460
36462
36463
36466
36470
36471
36476
36481
36489
36491
36493
36494
36497
36501
36503
36504
36506
36511
36512
36513
36515
36518
36521
36525
36528
36529
36531
36533
36535
36540
36543
36546
36548
36550
36551
36553
36560
36568
36574
36575
36577
36578
36580
36581
36584
36585
36587
36593
36595
36596
36597
36599
36603
36605
36606
36607
36610
36611
36614
36618
36620
36623
36632
36633
36634
36636
36638
36639
36640
36641
36642
36643
36644
36645
36651
36653
36654
36655
36657
36659
36663
36665
36666
36667
36669
36670
36671
36675
36678
36680
36687
36688
36689
36690
36691
36694
36695
36696
36702
36703
36706
36707
36708
36710
36711
36712
36715
36716
36721
36722
36723
36724
36725
36733
36740
36743
36745
36749
36750
36751
36754
36756
36757
36759
36761
36762
36763
36766
36767
36768
36769
36771
36782
36783
36784
36787
36790
36791
36794
36795
36798
36800
36803
36807
36810
36811
36813
36814
36815
36817
36818
36819
36823
36825
36826
36828
36829
36830
36832
36834
36837
36838
36840
36845
36846
36847
36849
36851
36852
36854
36855
36856
36858
36860
36864
36866
36873
36875
36876
36882
36884
36885
36887
36888
36891
36893
36895
36897
36898
36899
36900
36902
36903
36905
36909
36910
36912
36913
36916
36917
36918
36921
36926
36928
36934
36935
36939
36940
36941
36942
36943
36946
36951
36952
36960
36961
36963
36964
36965
36967
36969
36975
36976
36977
36979
36980
36982
36984
36986
36990
36991
36992
36993
36994
37000
37004
37006
37010
37011
37015
37017
37018
37021
37024
37027
37031
37036
37038
37043
37045
37048
37049
37050
37052
37054
37056
37057
37059
37060
37062
37069
37070
37071
37073
37074
37075
37076
37077
37080
37082
37086
37088
37089
37091
37092
37093
37096
37098
37099
37100
37101
37102
37104
37105
37108
37109
37115
37118
37123
37125
37126
37130
37131
37132
37133
37138
37141
37142
37145
37146
37148
37149
37150
37154
37155
37156
37157
37160
37162
37166
37167
37170
37172
37174
37175
37176
37177
37178
37180
37182
37184
37187
37189
37191
37192
37196
37198
37204
37205
37207
37211
37217
37218
37223
37224
37228
37229
37230
37231
37233
37234
37236
37237
37239
37249
37251
37252
37253
37258
37259
37263
37265
37269
37270
37271
37272
37282
37283
37286
37288
37289
37290
37291
37292
37293
37294
37296
37299
37301
37303
37305
37309
37311
37312
37313
37316
37317
37329
37331
37332
37335
37336
37337
37339
37340
37341
37344
37345
37346
37348
37349
37350
37352
37353
37354
37362
37365
37367
37369
37370
37373
37378
37379
37380
37381
37384
37386
37395
37396
37399
37400
37402
37403
37404
37407
37408
37410
37412
37413
37415
37420
37421
37422
37425
37430
37432
37434
37435
37436
37437
37439
37440
37441
37443
37448
37449
37453
37455
37456
37465
37466
37467
37468
37470
37474
37476
37481
37482
37487
37488
37493
37494
37498
37500
37501
37504
37506
37507
37508
37517
37521
37524
37527
37529
37532
37533
37534
37535
37536
37537
37538
37542
37545
37548
37550
37551
37553
37554
37555
37556
37558
37560
37561
37562
37563
37564
37565
37567
37568
37569
37571
37572
37574
37575
37578
37579
37581
37590
37591
37592
37593
37594
37595
37596
37597
37599
37600
37604
37609
37610
37613
37615
37617
37618
37620
37622
37624
37625
37626
37627
37628
37630
37633
37637
37639
37641
37642
37649
37650
37651
37652
37653
37655
37658
37660
37662
37664
37667
37671
37672
37675
37679
37683
37686
37690
37693
37695
37699
37700
37704
37708
37712
37716
37718
37719
37721
37723
37725
37729
37733
37736
37739
37743
37744
37749
37752
37754
37757
37760
37767
37768
37769
37774
37775
37777
37779
37781
37782
37784
37787
37788
37790
37798
37799
37807
37808
37813
37814
37818
37824
37825
37832
37836
37837
37838
37839
37841
37842
37843
37844
37845
37846
37847
37848
37849
37852
37854
37859
37862
37870
37871
37872
37874
37875
37877
37879
37880
37881
37883
37885
37886
37892
37894
37896
37899
37900
37901
37902
37906
37907
37908
37910
37911
37912
37914
37916
37917
37918
37919
37921
37922
37923
37926
37927
37928
37930
37931
37934
37936
37942
37945
37946
37948
37951
37952
37954
37957
37959
37965
37966
37967
37968
37970
37977
37978
37982
37983
37985
37988
37990
37993
37999
38004
38005
38006
38008
38009
38010
38012
38014
38017
38018
38020
38021
38022
38026
38027
38029
38030
38031
38035
38036
38038
38039
38041
38042
38044
38045
38047
38048
38050
38053
38057
38059
38060
38061
38065
38066
38067
38068
38072
38073
38077
38079
38081
38082
38083
38084
38088
38090
38092
38094
38096
38100
38104
38107
38111
38113
38117
38121
38122
38123
38124
38125
38126
38130
38133
38134
38137
38138
38141
38143
38144
38147
38149
38153
38156
38158
38160
38166
38168
38169
38174
38175
38178
38180
38182
38183
38185
38189
38190
38202
38204
38205
38209
38211
38212
38214
38215
38216
38219
38221
38223
38225
38226
38227
38229
38230
38232
38233
38236
38238
38239
38241
38243
38245
38249
38250
38254
38255
38260
38265
38267
38268
38269
38271
38272
38274
38275
38279
38281
38287
38288
38289
38296
38297
38301
38306
38307
38310
38311
38314
38317
38318
38322
38327
38329
38330
38331
38332
38334
38336
38337
38341
38345
38347
38349
38351
38353
38356
38357
38360
38362
38364
38366
38369
38373
38375
38377
38378
38379
38380
38384
38388
38392
38394
38398
38400
38402
38403
38404
38406
38408
38409
38411
38414
38416
38418
38419
38421
38422
38425
38426
38430
38431
38432
38433
38434
38435
38437
38438
38440
38445
38446
38450
38452
38453
38456
38458
38462
38465
38467
38470
38471
38473
38474
38475
38477
38479
38482
38484
38486
38490
38491
38492
38493
38494
38503
38505
38506
38511
38513
38514
38521
38522
38523
38524
38526
38529
38533
38541
38542
38546
38556
38557
38558
38559
38560
38562
38563
38567
38573
38575
38577
38578
38580
38581
38584
38585
38588
38593
38594
38595
38598
38599
38601
38603
38605
38606
38607
38608
38609
38613
38616
38617
38620
38623
38625
38627
38628
38629
38631
38632
38634
38635
38639
38641
38642
38647
38651
38653
38657
38667
38668
38669
38671
38673
38678
38680
38682
38683
38685
38686
38688
38694
38697
38698
38702
38703
38705
38709
38710
38716
38719
38720
38725
38727
38730
38732
38734
38737
38738
38740
38743
38746
38747
38748
38750
38752
38753
38755
38761
38764
38766
38768
38769
38770
38772
38773
38780
38786
38788
38792
38793
38800
38804
38805
38808
38809
38812
38815
38816
38818
38819
38821
38823
38825
38827
38828
38831
38832
38836
38837
38840
38841
38842
38844
38845
38846
38847
38848
38850
38852
38854
38855
38862
38864
38869
38870
38871
38873
38874
38879
38884
38886
38887
38888
38889
38891
38892
38895
38897
38901
38903
38905
38907
38908
38909
38913
38914
38924
38926
38927
38930
38931
38933
38935
38937
38939
38941
38944
38947
38948
38950
38951
38953
38958
38963
38965
38967
38973
38974
38979
38981
38987
38988
38990
38991
38992
38994
38995
39001
39003
39007
39011
39014
39016
39017
39019
39020
39022
39023
39025
39030
39032
39033
39034
39039
39041
39042
39043
39044
39046
39047
39050
39051
39053
39055
39058
39059
39061
39062
39063
39069
39072
39073
39076
39078
39079
39080
39081
39084
39089
39091
39093
39098
39099
39101
39103
39104
39105
39117
39118
39120
39121
39125
39128
39130
39131
39138
39141
39144
39152
39155
39157
39158
39159
39161
39162
39164
39166
39167
39168
39170
39174
39179
39190
39192
39193
39195
39197
39206
39207
39209
39211
39212
39213
39217
39218
39223
39224
39226
39227
39228
39237
39238
39239
39240
39241
39245
39246
39247
39250
39251
39253
39254
39256
39260
39262
39264
39265
39267
39272
39275
39278
39279
39280
39282
39283
39284
39285
39286
39291
39292
39297
39299
39301
39303
39305
39306
39311
39316
39321
39322
39323
39325
39328
39329
39330
39336
39339
39342
39344
39349
39350
39352
39353
39355
39357
39358
39359
39361
39362
39363
39365
39368
39370
39375
39376
39377
39380
39381
39383
39384
39385
39386
39389
39390
39393
39398
39399
39400
39404
39406
39408
39413
39415
39416
39418
39419
39423
39424
39433
39435
39436
39437
39439
39441
39444
39445
39446
39447
39448
39455
39457
39458
39459
39460
39462
39464
39465
39469
39470
39473
39474
39475
39478
39480
39481
39482
39483
39486
39488
39489
39490
39491
39495
39497
39499
39500
39503
39504
39508
39510
39512
39513
39515
39518
39522
39523
39525
39529
39531
39532
39535
39539
39541
39543
39545
39546
39547
39549
39555
39557
39562
39563
39564
39574
39575
39576
39577
39579
39582
39583
39585
39587
39589
39590
39592
39593
39594
39595
39596
39598
39606
39608
39609
39612
39613
39614
39616
39617
39619
39620
39623
39624
39626
39628
39633
39634
39636
39637
39643
39645
39647
39648
39649
39657
39660
39661
39665
39666
39669
39671
39674
39675
39676
39685
39686
39689
39691
39696
39699
39700
39704
39705
39712
39714
39715
39716
39718
39719
39720
39721
39725
39727
39730
39732
39733
39734
39735
39736
39737
39739
39740
39741
39746
39748
39749
39750
39751
39752
39756
39758
39760
39761
39762
39763
39764
39770
39772
39776
39781
39782
39785
39787
39788
39789
39797
39801
39806
39816
39817
39819
39821
39822
39824
39830
39837
39840
39841
39843
39849
39851
39856
39857
39858
39859
39860
39862
39863
39864
39873
39876
39877
39880
39881
39882
39884
39885
39888
39890
39892
39894
39898
39899
39902
39903
39904
39906
39909
39910
39913
39915
39917
39920
39923
39925
39932
39933
39934
39936
39940
39945
39946
39948
39949
39952
39955
39956
39960
39964
39965
39968
39970
39976
39977
39981
39982
39983
39984
39985
39989
39991
39992
39993
39994
39998
39999
40008
40024
40043
40044
40050
40054
40068
40071
40072
40074
40084
40087
40100
40118
40131
40141
40151
40166
40168
40185
40187
40203
40208
40216
40224
40225
40226
40236
40237
40240
40247
40249
40255
40259
40260
40276
40298
40310
40312
40315
40326
40327
40328
40331
40344
40345
40359
40361
40363
40368
40376
40378
40383
40394
40401
40406
40407
40410
40429
40433
40435
40450
40454
40468
40477
40491
40494
40498
40512
40523
40527
40535
40536
40538
40539
40542
40548
40551
40566
40574
40576
40578
40581
40588
40594
40599
40607
40612
40617
40620
40623
40627
40628
40638
40642
40659
40667
40674
40679
40683
40692
40697
40698
40713
40736
40739
40744
40768
40772
40782
40800
40802
40806
40811
40824
40837
40840
40845
40850
40858
40862
40881
40883
40884
40885
40888
40908
40909
40915
40920
40921
40922
40933
40943
40945
40954
40958
40963
40965
40980
40988
40989
40991
41005
41006
41012
41015
41018
41038
41039
41046
41047
41048
41054
41058
41075
41078
41079
41114
41130
41136
41140
41144
41145
41150
41154
41156
41164
41167
41176
41192
41206
41209
41218
41222
41224
41234
41235
41236
41247
41251
41254
41261
41262
41266
41286
41293
41297
41300
41314
41315
41346
41348
41359
41361
41365
41367
41370
41377
41381
41386
41387
41392
41396
41403
41405
41408
41415
41418
41426
41444
41475
41478
41479
41482
41484
41486
41498
41505
41513
41517
41522
41523
41525
41527
41529
41544
41562
41574
41586
41593
41594
41601
41610
41618
41624
41629
41631
41635
41643
41659
41666
41682
41691
41694
41695
41722
41727
41731
41751
41757
41762
41769
41787
41791
41793
41800
41808
41818
41832
41833
41840
41844
41850
41851
41862
41864
41871
41873
41922
41935
41937
41942
41944
41956
41964
41973
41978
41995
41998
42002
42003
42025
42032
42038
42045
42046
42048
42055
42061
42065
42068
42082
42100
42106
42110
42111
42134
42140
42143
42156
42158
42162
42171
42172
42180
42185
42188
42197
42203
42208
42215
42216
42229
42230
42234
42235
42236
42246
42247
42249
42252
42267
42268
42273
42281
42282
42284
42293
42328
42329
42331
42344
42345
42346
42347
42355
42360
42369
42376
42381
42383
42384
42390
42391
42402
42406
42409
42410
42411
42413
42418
42429
42436
42440
42446
42449
42465
42467
42488
42500
42502
42511
42522
42527
42531
42533
42537
42566
42578
42582
42585
42600
42605
42613
42614
42617
42625
42642
42643
42656
42665
42667
42668
42679
42681
42699
42706
42722
42727
42743
42748
42773
42787
42796
42798
42800
42804
42806
42816
42827
42856
42863
42868
42870
42871
42872
42886
42888
42890
42907
42919
42950
42951
42952
42953
42964
42968
42998
43009
43013
43033
43034
43037
43046
43047
43060
43068
43092
43094
43131
43136
43146
43159
43161
43187
43190
43210
43222
43224
43237
43242
43250
43255
43256
43268
43291
43296
43300
43313
43317
43330
43340
43344
43358
43376
43380
43384
43385
43387
43391
43396
43414
43417
43419
43428
43430
43431
43442
43447
43456
43464
43478
43479
43494
43496
43505
43507
43512
43514
43516
43520
43537
43541
43559
43560
43568
43580
43587
43606
43627
43647
43652
43654
43655
43666
43672
43681
43693
43698
43699
43700
43701
43702
43717
43720
43726
43745
43759
43768
43776
43787
43796
43806
43808
43814
43821
43841
43842
43845
43854
43859
43865
43876
43880
43882
43907
43919
43947
43951
43954
43961
43968
43971
43974
43977
43980
43984
43988
43989
44004
44006
44012
44013
44021
44022
44038
44051
44053
44068
44077
44079
44081
44088
44093
44106
44110
44114
44117
44120
44161
44171
44178
44187
44189
44191
44203
44214
44234
44244
44248
44265
44269
44274
44285
44289
44293
44303
44314
44318
44340
44342
44371
44375
44377
44396
44410
44423
44429
44430
44433
44435
44451
44455
44489
44492
44499
44507
44525
44535
44547
44559
44569
44571
44596
44601
44622
44627
44628
44631
44649
44653
44662
44677
44680
44681
44683
44684
44700
44708
44721
44726
44735
44741
44746
44759
44760
44769
44770
44788
44801
44809
44817
44818
44822
44853
44870
44872
44874
44885
44905
44921
44933
44937
44946
44947
44952
44970
44971
44974
44991
44995
45001
45002
45003
45004
45005
45006
45010
45011
45013
45014
45015
45019
45021
45027
45028
45031
45032
45035
45036
45037
45045
45047
45048
45054
45055
45060
45063
45065
45067
45071
45074
45075
45077
45078
45081
45083
45086
45087
45088
45093
45095
45100
45101
45102
45103
45104
45109
45111
45112
45113
45117
45118
45119
45121
45123
45124
45128
45131
45134
45135
45136
45137
45138
45145
45147
45148
45149
45150
45160
45161
45166
45167
45169
45171
45180
45182
45185
45186
45187
45189
45190
45193
45195
45196
45197
45198
45202
45204
45205
45207
45210
45212
45213
45218
45219
45222
45224
45225
45228
45231
45232
45234
45235
45236
45240
45241
45242
45247
45249
45251
45252
45253
45254
45255
45256
45259
45262
45270
45271
45272
45273
45274
45277
45281
45282
45283
45287
45290
45294
45297
45299
45300
45302
45305
45307
45310
45316
45319
45321
45323
45324
45325
45329
45331
45332
45334
45336
45337
45338
45340
45341
45346
45347
45349
45352
45355
45358
45361
45363
45364
45365
45366
45368
45369
45376
45377
45380
45381
45386
45389
45390
45393
45396
45399
45401
45402
45406
45407
45409
45410
45412
45413
45414
45416
45422
45424
45427
45428
45429
45431
45432
45436
45438
45439
45440
45442
45444
45447
45450
45451
45452
45453
45454
45458
45459
45461
45462
45464
45465
45467
45472
45473
45478
45480
45481
45482
45486
45487
45490
45492
45493
45494
45496
45500
45511
45513
45515
45516
45519
45523
45524
45525
45526
45529
45531
45533
45534
45536
45539
45540
45545
45546
45553
45554
45555
45557
45558
45560
45567
45568
45569
45571
45572
45573
45574
45575
45577
45581
45587
45588
45595
45596
45600
45602
45603
45605
45609
45611
45613
45615
45616
45617
45618
45619
45621
45622
45624
45627
45628
45629
45631
45632
45634
45635
45637
45640
45642
45644
45650
45651
45652
45656
45657
45659
45661
45664
45665
45666
45667
45669
45670
45672
45674
45676
45677
45678
45679
45684
45690
45694
45695
45696
45700
45701
45703
45707
45708
45710
45714
45722
45724
45726
45727
45729
45738
45740
45744
45745
45746
45747
45754
45755
45756
45758
45759
45760
45761
45762
45765
45767
45769
45771
45773
45777
45778
45780
45783
45784
45785
45786
45788
45790
45791
45792
45796
45797
45799
45811
45814
45816
45817
45820
45821
45823
45825
45827
45828
45832
45833
45834
45835
45838
45841
45842
45844
45845
45847
45848
45851
45852
45853
45854
45856
45858
45859
45860
45861
45866
45869
45872
45874
45880
45881
45882
45883
45886
45887
45890
45891
45892
45894
45900
45903
45906
45907
45908
45909
45910
45911
45916
45917
45918
45919
45920
45923
45924
45925
45935
45936
45937
45942
45944
45947
45950
45951
45956
45958
45960
45962
45963
45964
45965
45966
45971
45972
45975
45977
45979
45983
45986
45988
45991
45994
45996
45998
45999
46004
46008
46013
46014
46016
46017
46018
46022
46028
46031
46032
46036
46037
46038
46044
46045
46049
46050
46052
46057
46059
46064
46066
46068
46071
46074
46082
46084
46086
46088
46090
46091
46094
46095
46096
46102
46103
46109
46110
46111
46112
46114
46116
46121
46123
46124
46127
46129
46130
46132
46135
46136
46138
46143
46144
46146
46149
46154
46158
46160
46161
46164
46165
46167
46168
46169
46175
46176
46178
46179
46180
46188
46189
46190
46195
46197
46198
46199
46202
46203
46206
46207
46210
46212
46213
46214
46217
46219
46220
46224
46227
46229
46231
46233
46235
46236
46238
46240
46243
46245
46246
46248
46249
46250
46258
46260
46262
46264
46267
46270
46272
46274
46276
46278
46279
46280
46281
46282
46283
46284
46289
46293
46294
46295
46296
46297
46298
46300
46303
46309
46311
46312
46313
46315
46316
46317
46320
46323
46324
46325
46333
46334
46336
46337
46345
46346
46347
46351
46355
46356
46359
46360
46362
46363
46364
46365
46368
46369
46370
46375
46378
46379
46380
46381
46386
46393
46394
46398
46400
46402
46403
46405
46406
46410
46412
46413
46416
46417
46420
46423
46424
46426
46429
46431
46436
46441
46443
46447
46449
46450
46454
46455
46456
46457
46458
46461
46466
46467
46469
46470
46474
46475
46478
46479
46480
46483
46484
46487
46490
46497
46504
46506
46508
46511
46512
46518
46520
46521
46525
46527
46530
46532
46534
46541
46542
46543
46546
46549
46552
46553
46554
46562
46566
46568
46570
46580
46584
46585
46586
46591
46597
46598
46600
46601
46603
46605
46608
46611
46614
46617
46619
46620
46621
46624
46628
46630
46631
46632
46634
46635
46637
46640
46641
46647
46648
46651
46652
46653
46656
46658
46660
46661
46664
46666
46669
46670
46671
46672
46675
46681
46682
46685
46692
46694
46696
46697
46701
46704
46713
46714
46717
46719
46720
46721
46722
46723
46726
46727
46728
46729
46730
46733
46735
46737
46739
46745
46746
46747
46748
46751
46754
46756
46759
46765
46767
46775
46778
46779
46781
46782
46786
46787
46790
46795
46801
46802
46803
46805
46806
46807
46809
46811
46812
46816
46820
46822
46823
46824
46826
46830
46836
46840
46841
46842
46845
46848
46851
46856
46860
46868
46869
46870
46871
46872
46873
46874
46875
46879
46880
46885
46887
46891
46892
46893
46895
46897
46898
46900
46902
46904
46908
46909
46914
46916
46920
46927
46930
46932
46936
46939
46943
46945
46947
46949
46950
46952
46954
46955
46962
46965
46967
46968
46969
46971
46981
46982
46983
46985
46986
46987
46988
46990
46991
46993
46994
46998
47000
47001
47007
47015
47016
47020
47022
47025
47026
47033
47035
47040
47041
47042
47045
47046
47048
47050
47052
47054
47055
47056
47059
47060
47061
47062
47063
47064
47066
47070
47071
47072
47073
47074
47076
47077
47079
47080
47081
47082
47083
47084
47085
47086
47092
47093
47095
47096
47097
47100
47101
47103
47105
47107
47109
47110
47113
47115
47116
47118
47119
47120
47129
47130
47131
47132
47135
47136
47138
47141
47143
47144
47146
47147
47161
47165
47166
47167
47172
47173
47177
47181
47182
47184
47185
47187
47189
47190
47192
47195
47197
47199
47200
47210
47212
47214
47218
47220
47225
47226
47227
47234
47235
47238
47239
47240
47242
47246
47248
47249
47253
47257
47259
47273
47277
47278
47281
47282
47286
47287
47289
47290
47294
47296
47297
47300
47303
47304
47305
47308
47312
47313
47314
47317
47325
47329
47330
47336
47341
47342
47343
47350
47355
47360
47363
47365
47369
47372
47374
47375
47376
47377
47378
47380
47382
47384
47385
47387
47389
47391
47395
47397
47400
47401
47402
47403
47404
47405
47406
47411
47412
47418
47419
47421
47422
47425
47426
47428
47430
47431
47432
47437
47439
47440
47444
47445
47450
47452
47457
47459
47461
47462
47466
47469
47470
47471
47472
47474
47476
47477
47479
47480
47485
47487
47488
47493
47495
47496
47497
47498
47499
47500
47501
47502
47503
47505
47506
47509
47512
47513
47517
47518
47519
47520
47521
47523
47528
47536
47543
47546
47547
47548
47550
47554
47555
47559
47562
47565
47566
47567
47569
47571
47574
47575
47577
47578
47579
47580
47581
47583
47584
47585
47586
47589
47590
47597
47598
47599
47601
47602
47604
47610
47615
47616
47623
47624
47625
47626
47629
47632
47634
47635
47638
47639
47640
47643
47644
47646
47648
47651
47652
47653
47660
47661
47662
47663
47666
47669
47670
47671
47672
47674
47675
47678
47680
47681
47683
47685
47686
47693
47699
47700
47701
47702
47703
47704
47705
47706
47708
47711
47713
47715
47716
47717
47719
47720
47727
47729
47736
47741
47742
47746
47747
47748
47750
47755
47760
47772
47773
47775
47777
47779
47780
47785
47786
47787
47791
47793
47794
47795
47796
47800
47803
47805
47807
47808
47811
47813
47815
47816
47817
47820
47821
47823
47824
47829
47831
47836
47838
47839
47842
47843
47846
47849
47859
47862
47866
47867
47869
47870
47871
47872
47873
47877
47885
47887
47888
47891
47892
47894
47897
47899
47901
47902
47904
47906
47909
47911
47913
47917
47920
47922
47923
47926
47927
47929
47930
47933
47934
47937
47938
47943
47944
47947
47949
47950
47951
47958
47962
47964
47968
47969
47971
47973
47974
47976
47977
47978
47980
47981
47983
47985
47989
47990
47993
47994
47995
47996
47997
47999
48000
48002
48003
48006
48008
48009
48011
48015
48018
48019
48023
48026
48029
48033
48034
48035
48037
48043
48044
48045
48046
48047
48051
48057
48061
48063
48064
48068
48069
48070
48073
48074
48077
48078
48083
48084
48085
48088
48090
48092
48093
48094
48096
48098
48099
48100
48102
48103
48107
48108
48109
48110
48112
48113
48116
48117
48118
48121
48123
48124
48125
48129
48131
48134
48135
48138
48139
48140
48144
48146
48148
48149
48150
48151
48152
48156
48157
48158
48159
48160
48163
48169
48170
48173
48174
48175
48176
48178
48180
48182
48183
48185
48187
48188
48194
48198
48200
48202
48204
48205
48206
48207
48209
48210
48212
48213
48215
48218
48220
48231
48232
48234
48239
48241
48244
48245
48246
48250
48251
48255
48256
48259
48263
48265
48268
48269
48278
48279
48284
48286
48289
48291
48293
48295
48296
48303
48304
48305
48306
48308
48311
48312
48313
48315
48318
48319
48320
48322
48323
48324
48325
48328
48330
48333
48334
48336
48342
48346
48347
48348
48350
48352
48353
48355
48356
48360
48364
48367
48373
48374
48381
48384
48387
48392
48394
48395
48399
48402
48410
48411
48412
48416
48421
48422
48423
48425
48426
48429
48430
48432
48435
48436
48437
48440
48442
48448
48449
48450
48452
48454
48455
48458
48461
48465
48466
48472
48474
48478
48479
48481
48483
48486
48491
48496
48498
48499
48500
48504
48505
48510
48511
48512
48514
48516
48517
48518
48520
48523
48524
48528
48529
48534
48535
48537
48538
48539
48540
48546
48548
48549
48550
48552
48554
48557
48558
48559
48560
48561
48563
48565
48567
48569
48570
48571
48573
48574
48576
48577
48579
48585
48589
48590
48591
48593
48594
48596
48601
48602
48607
48609
48610
48613
48618
48620
48623
48625
48627
48630
48633
48637
48641
48645
48646
48647
48648
48650
48653
48654
48655
48656
48659
48663
48664
48665
48668
48669
48670
48673
48674
48675
48676
48678
48680
48685
48686
48687
48690
48692
48695
48701
48707
48710
48713
48714
48715
48716
48717
48718
48721
48722
48723
48727
48732
48735
48736
48737
48742
48751
48752
48754
48755
48756
48757
48760
48761
48763
48764
48765
48767
48770
48772
48774
48775
48777
48778
48780
48784
48785
48792
48796
48799
48802
48806
48810
48814
48817
48818
48820
48823
48825
48831
48837
48838
48839
48840
48842
48845
48847
48849
48854
48856
48858
48859
48860
48861
48863
48865
48866
48867
48869
48875
48876
48879
48880
48881
48884
48886
48887
48893
48894
48897
48898
48901
48907
48909
48916
48918
48919
48923
48925
48926
48927
48928
48932
48933
48936
48939
48940
48941
48942
48944
48947
48948
48952
48956
48958
48959
48960
48961
48963
48967
48968
48971
48974
48975
48981
48982
48983
48984
48985
48987
48988
48990
48993
48994
48996
48998
49004
49006
49009
49012
49013
49018
49019
49020
49022
49023
49024
49025
49026
49028
49030
49031
49032
49033
49037
49039
49040
49041
49045
49048
49049
49050
49053
49054
49057
49058
49060
49063
49066
49073
49077
49079
49080
49082
49083
49088
49089
49090
49094
49095
49097
49098
49101
49105
49106
49109
49112
49113
49114
49120
49122
49127
49128
49129
49131
49134
49139
49140
49144
49146
49147
49150
49151
49152
49153
49154
49155
49158
49160
49161
49162
49165
49168
49171
49175
49177
49181
49184
49185
49187
49190
49192
49197
49198
49200
49201
49202
49208
49210
49212
49220
49221
49222
49223
49224
49226
49228
49229
49230
49231
49232
49236
49239
49241
49243
49247
49248
49251
49253
49254
49256
49257
49260
49261
49262
49264
49272
49273
49274
49275
49276
49278
49280
49282
49283
49284
49286
49287
49288
49290
49292
49294
49296
49297
49298
49301
49309
49310
49311
49312
49313
49318
49320
49322
49323
49328
49332
49335
49336
49339
49345
49350
49352
49357
49360
49361
49362
49363
49365
49371
49372
49374
49376
49380
49382
49383
49385
49388
49389
49391
49392
49394
49395
49396
49398
49399
49401
49402
49403
49409
49410
49413
49416
49425
49428
49431
49433
49434
49435
49437
49438
49440
49442
49445
49451
49452
49453
49455
49459
49460
49461
49462
49466
49469
49471
49472
49474
49475
49476
49487
49488
49489
49490
49494
49497
49498
49500
49504
49505
49506
49511
49514
49515
49518
49523
49525
49527
49529
49532
49535
49536
49538
49542
49545
49547
49549
49550
49551
49552
49553
49554
49558
49559
49561
49562
49565
49568
49570
49571
49572
49573
49575
49577
49578
49579
49580
49581
49583
49584
49588
49589
49590
49592
49595
49598
49599
49600
49601
49604
49605
49608
49614
49616
49622
49623
49625
49626
49628
49630
49634
49636
49642
49643
49644
49645
49648
49652
49653
49654
49655
49656
49658
49661
49662
49663
49667
49668
49673
49676
49677
49678
49680
49681
49682
49686
49691
49694
49697
49699
49706
49708
49710
49711
49712
49713
49714
49716
49717
49725
49726
49727
49728
49729
49732
49734
49735
49736
49739
49741
49742
49743
49744
49747
49751
49752
49757
49762
49766
49768
49769
49770
49773
49774
49775
49781
49790
49791
49792
49793
49794
49796
49798
49801
49805
49808
49814
49817
49818
49820
49821
49822
49823
49824
49828
49833
49834
49836
49837
49838
49843
49846
49852
49854
49860
49861
49865
49866
49867
49870
49871
49873
49875
49877
49879
49887
49892
49894
49895
49897
49898
49899
49904
49908
49909
49911
49914
49915
49917
49919
49921
49922
49924
49928
49931
49938
49939
49942
49945
49946
49948
49950
49952
49953
49957
49958
49960
49961
49964
49965
49966
49968
49969
49972
49973
49975
49977
49978
49979
49980
49982
49985
49987
49988
49990
49994
49995
49997
49999
