1
4
12
13
17
18
20
25
34
37
45
65
67
69
81
90
95
96
100
101
102
110
119
120
122
127
143
144
146
148
151
158
178
180
184
195
203
204
211
214
215
224
228
235
238
239
248
249
270
275
288
292
297
312
337
343
347
352
354
361
363
377
384
388
395
407
409
412
415
420
421
423
427
431
433
441
442
451
467
472
476
481
484
500
501
503
504
506
516
524
538
542
547
571
575
576
581
584
588
596
610
612
649
655
658
679
683
694
729
731
732
736
737
739
759
766
800
811
818
832
857
874
875
886
888
922
930
934
938
955
958
966
979
986
993
999
1000
1001
1005
1006
1007
1010
1030
1031
1032
1033
1036
1037
1041
1048
1055
1057
1061
1064
1070
1071
1073
1084
1087
1095
1099
1101
1118
1120
1122
1128
1129
1130
1133
1137
1140
1142
1144
1150
1152
1156
1163
1170
1171
1172
1173
1182
1185
1186
1187
1192
1195
1197
1201
1207
1209
1216
1218
1219
1221
1228
1230
1233
1234
1237
1239
1240
1244
1249
1251
1252
1261
1266
1268
1269
1271
1273
1275
1276
1277
1278
1282
1283
1284
1286
1292
1294
1296
1301
1306
1310
1315
1320
1321
1323
1327
1332
1333
1334
1340
1341
1342
1347
1352
1355
1362
1363
1368
1373
1374
1381
1382
1385
1386
1393
1394
1397
1399
1401
1403
1405
1408
1411
1412
1414
1425
1428
1431
1433
1439
1440
1441
1442
1453
1458
1460
1463
1468
1470
1480
1481
1483
1485
1487
1491
1492
1509
1512
1516
1526
1541
1545
1546
1553
1561
1562
1569
1572
1576
1577
1578
1580
1584
1585
1586
1594
1595
1598
1601
1607
1615
1617
1625
1640
1641
1644
1646
1647
1653
1655
1660
1667
1670
1671
1677
1678
1679
1682
1686
1690
1697
1700
1702
1703
1711
1715
1719
1724
1738
1739
1740
1747
1750
1751
1761
1766
1771
1774
1782
1783
1788
1793
1801
1806
1807
1819
1820
1823
1825
1826
1827
1828
1831
1834
1835
1836
1839
1841
1845
1856
1863
1869
1871
1875
1878
1880
1884
1885
1904
1922
1932
1946
1951
1955
1959
1960
1966
1971
1974
1983
1985
1986
1989
2002
2012
2016
2020
2026
2030
2036
2048
2053
2054
2066
2067
2069
2072
2074
2077
2078
2079
2080
2081
2083
2086
2108
2117
2123
2125
2126
2128
2129
2131
2132
2141
2156
2161
2169
2174
2177
2182
2183
2191
2192
2194
2195
2199
2201
2205
2210
2216
2219
2225
2229
2230
2232
2237
2238
2250
2263
2269
2285
2287
2298
2303
2313
2314
2315
2322
2324
2329
2334
2336
2337
2339
2346
2351
2355
2361
2364
2367
2371
2377
2399
2400
2402
2410
2415
2421
2423
2425
2427
2428
2433
2435
2438
2441
2447
2458
2459
2461
2463
2465
2466
2479
2481
2482
2484
2487
2489
2494
2508
2517
2518
2523
2526
2528
2529
2532
2534
2536
2541
2545
2546
2547
2554
2562
2565
2567
2569
2576
2582
2587
2594
2595
2599
2601
2602
2607
2608
2609
2610
2621
2623
2627
2636
2643
2644
2649
2650
2655
2657
2658
2664
2668
2673
2674
2676
2677
2682
2690
2696
2697
2698
2703
2704
2707
2715
2716
2722
2723
2731
2736
2746
2751
2756
2764
2766
2767
2769
2770
2776
2787
2790
2796
2803
2804
2807
2809
2813
2818
2824
2834
2841
2842
2844
2847
2850
2852
2853
2855
2858
2861
2866
2868
2870
2882
2887
2890
2891
2894
2901
2912
2914
2915
2917
2936
2941
2947
2953
2954
2961
2966
2978
2984
2989
2990
3006
3008
3019
3020
3023
3024
3027
3044
3059
3060
3069
3070
3075
3080
3083
3087
3103
3112
3124
3139
3143
3147
3151
3160
3164
3165
3169
3172
3178
3193
3194
3206
3210
3211
3214
3217
3218
3224
3230
3236
3239
3240
3249
3263
3264
3268
3269
3273
3281
3283
3284
3310
3312
3318
3320
3321
3325
3327
3329
3330
3332
3338
3339
3340
3343
3344
3356
3359
3361
3366
3378
3385
3390
3393
3395
3397
3404
3411
3415
3417
3419
3420
3428
3438
3441
3446
3448
3452
3456
3469
3482
3487
3493
3494
3498
3511
3521
3526
3527
3553
3560
3563
3570
3574
3578
3583
3584
3595
3596
3597
3602
3608
3612
3617
3621
3628
3629
3634
3639
3640
3644
3646
3654
3664
3666
3668
3675
3680
3682
3698
3700
3715
3716
3721
3725
3726
3729
3731
3738
3739
3742
3743
3751
3761
3764
3765
3777
3784
3787
3795
3796
3801
3803
3814
3821
3823
3829
3846
3852
3859
3872
3886
3887
3893
3895
3900
3901
3906
3912
3913
3914
3917
3928
3940
3941
3943
3946
3953
3954
3959
3961
3963
3968
3970
3972
3973
3976
3977
3997
4029
4034
4043
4044
4049
4059
4070
4072
4095
4101
4103
4105
4111
4125
4135
4136
4144
4147
4148
4157
4168
4170
4171
4175
4176
4179
4183
4191
4193
4197
4213
4226
4232
4250
4271
4272
4274
4285
4296
4300
4308
4310
4328
4341
4343
4345
4352
4355
4357
4368
4372
4383
4394
4398
4412
4416
4439
4443
4444
4450
4451
4456
4458
4459
4464
4471
4496
4499
4520
4525
4530
4549
4552
4583
4599
4623
4631
4632
4659
4662
4663
4673
4683
4691
4703
4707
4708
4710
4714
4728
4730
4731
4747
4764
4773
4774
4782
4786
4797
4804
4806
4811
4827
4830
4835
4839
4846
4864
4878
4882
4888
4897
4915
4919
4926
4927
4936
4938
4947
4955
4965
4969
4992
4996
4997
5000
5013
5023
5026
5034
5036
5040
5041
5047
5049
5054
5060
5062
5067
5068
5077
5079
5080
5085
5091
5094
5099
5108
5117
5123
5124
5128
5130
5131
5133
5134
5136
5137
5142
5145
5147
5154
5155
5157
5166
5167
5170
5174
5175
5181
5187
5192
5194
5197
5198
5200
5203
5205
5207
5208
5209
5216
5218
5221
5224
5226
5230
5231
5239
5244
5245
5246
5247
5250
5251
5256
5257
5267
5269
5273
5282
5284
5286
5289
5290
5292
5303
5304
5306
5308
5311
5315
5332
5342
5350
5365
5371
5376
5384
5404
5409
5412
5416
5420
5432
5435
5437
5442
5450
5465
5474
5475
5495
5504
5507
5508
5512
5525
5527
5529
5532
5534
5536
5540
5541
5546
5547
5548
5549
5551
5556
5557
5560
5561
5563
5566
5572
5580
5583
5588
5589
5596
5606
5607
5609
5611
5614
5619
5621
5622
5624
5625
5626
5634
5635
5636
5637
5641
5643
5646
5649
5653
5655
5657
5665
5669
5671
5672
5673
5674
5679
5680
5682
5686
5688
5693
5695
5697
5705
5706
5715
5716
5718
5719
5720
5723
5727
5729
5733
5735
5738
5739
5743
5747
5748
5753
5754
5761
5770
5773
5776
5778
5782
5789
5791
5792
5793
5795
5796
5799
5800
5801
5802
5804
5805
5807
5812
5815
5816
5817
5819
5820
5824
5826
5827
5828
5829
5830
5835
5839
5841
5851
5852
5857
5858
5863
5864
5865
5867
5878
5881
5883
5887
5889
5890
5894
5895
5896
5902
5908
5910
5912
5913
5914
5919
5920
5921
5925
5926
5928
5933
5936
5944
5948
5949
5957
5959
5963
5964
5965
5966
5968
5970
5972
5973
5976
5977
5979
5982
5986
5990
5991
6000
6012
6016
6020
6033
6036
6037
6038
6040
6042
6043
6049
6053
6057
6061
6064
6066
6071
6072
6076
6080
6088
6091
6094
6103
6108
6120
6123
6124
6126
6150
6152
6156
6159
6160
6161
6170
6177
6178
6184
6193
6196
6198
6203
6204
6208
6221
6230
6231
6240
6243
6246
6250
6252
6255
6257
6263
6266
6267
6282
6283
6297
6300
6306
6307
6316
6325
6326
6331
6332
6334
6347
6349
6353
6357
6362
6363
6367
6370
6382
6399
6402
6404
6408
6418
6435
6437
6440
6442
6447
6449
6452
6467
6470
6471
6473
6474
6476
6477
6478
6486
6491
6501
6502
6505
6508
6509
6511
6512
6514
6523
6530
6533
6537
6554
6556
6561
6568
6569
6573
6574
6576
6578
6579
6580
6582
6586
6588
6591
6594
6597
6599
6601
6603
6609
6622
6625
6630
6631
6633
6642
6643
6644
6645
6646
6647
6654
6658
6659
6660
6667
6671
6673
6678
6682
6683
6686
6689
6691
6692
6694
6695
6696
6698
6701
6703
6707
6709
6721
6730
6738
6740
6744
6749
6750
6753
6757
6758
6761
6768
6771
6772
6775
6776
6779
6782
6788
6791
6792
6793
6797
6798
6805
6811
6814
6820
6828
6829
6837
6840
6847
6848
6851
6852
6856
6858
6862
6864
6866
6871
6872
6874
6884
6885
6886
6887
6888
6890
6893
6900
6904
6906
6908
6909
6910
6911
6912
6919
6921
6923
6925
6928
6930
6931
6933
6935
6941
6944
6947
6950
6951
6954
6966
6970
6971
6973
6978
6981
6984
6987
6989
6991
6993
6999
7004
7006
7015
7019
7026
7047
7063
7071
7072
7078
7102
7112
7117
7119
7122
7150
7154
7157
7158
7163
7169
7174
7195
7196
7197
7201
7206
7214
7219
7225
7238
7246
7248
7260
7268
7278
7283
7296
7300
7317
7318
7319
7333
7341
7351
7354
7360
7383
7385
7414
7415
7434
7435
7437
7440
7441
7452
7464
7470
7474
7475
7494
7497
7498
7500
7507
7514
7517
7523
7526
7528
7540
7550
7552
7559
7568
7584
7586
7589
7590
7596
7604
7611
7615
7622
7628
7629
7638
7657
7662
7674
7688
7703
7714
7736
7745
7752
7756
7762
7784
7800
7819
7821
7823
7828
7844
7845
7848
7851
7853
7855
7856
7868
7885
7886
7905
7906
7907
7917
7928
7941
7946
7955
7958
7961
7963
7964
7968
7977
7990
7999
8003
8006
8010
8015
8021
8033
8036
8037
8048
8050
8058
8063
8070
8086
8092
8103
8106
8112
8114
8115
8129
8140
8164
8184
8186
8189
8200
8205
8207
8214
8233
8235
8242
8250
8255
8256
8267
8272
8273
8274
8276
8282
8286
8287
8290
8302
8306
8312
8318
8321
8332
8333
8340
8341
8342
8346
8353
8364
8368
8413
8417
8434
8437
8443
8447
8450
8469
8478
8496
8500
8502
8503
8510
8516
8518
8524
8528
8529
8531
8535
8544
8546
8553
8554
8565
8577
8583
8586
8588
8589
8593
8595
8597
8598
8599
8602
8603
8615
8624
8629
8636
8637
8642
8649
8656
8665
8667
8679
8680
8681
8690
8693
8706
8709
8711
8716
8730
8745
8748
8753
8761
8772
8782
8790
8797
8813
8819
8825
8829
8839
8842
8847
8850
8852
8854
8857
8861
8862
8864
8870
8874
8883
8884
8892
8898
8904
8905
8909
8915
8923
8926
8928
8933
8935
8942
8948
8952
8956
8960
8967
8969
8975
8982
8984
8986
8989
8990
8993
8999
9002
9007
9009
9020
9023
9025
9026
9029
9035
9039
9044
9055
9059
9067
9086
9104
9107
9108
9112
9122
9125
9135
9142
9146
9148
9150
9161
9163
9164
9168
9181
9182
9184
9192
9196
9201
9208
9209
9211
9212
9226
9240
9245
9246
9263
9266
9271
9298
9309
9312
9313
9327
9337
9340
9361
9363
9377
9378
9381
9385
9399
9401
9402
9403
9412
9417
9418
9425
9428
9448
9451
9452
9473
9477
9481
9486
9488
9491
9505
9514
9519
9522
9523
9533
9534
9544
9547
9560
9574
9575
9578
9590
9594
9595
9597
9605
9609
9613
9617
9626
9628
9630
9648
9657
9665
9667
9674
9676
9679
9682
9685
9694
9699
9700
9704
9708
9717
9721
9723
9729
9742
9745
9755
9757
9760
9780
9796
9801
9802
9805
9820
9822
9824
9825
9828
9841
9856
9861
9871
9879
9887
9889
9908
9911
9920
9922
9931
9938
9942
9951
9952
9968
9972
9977
9979
9980
9992
9995
10004
10006
10009
10012
10035
10069
10072
10082
10083
10084
10094
10105
10106
10116
10125
10141
10151
10152
10159
10186
10191
10251
10262
10271
10282
10285
10291
10295
10308
10310
10316
10331
10335
10348
10349
10350
10369
10374
10376
10378
10385
10403
10419
10427
10428
10448
10455
10477
10480
10496
10507
10508
10512
10517
10524
10527
10529
10533
10542
10549
10550
10557
10576
10578
10580
10581
10585
10586
10594
10597
10600
10606
10612
10614
10623
10626
10635
10642
10643
10644
10647
10649
10652
10661
10663
10668
10673
10675
10681
10687
10688
10689
10692
10694
10697
10707
10708
10713
10714
10716
10738
10742
10743
10746
10752
10765
10768
10775
10777
10780
10790
10795
10803
10808
10810
10811
10815
10825
10826
10831
10836
10839
10840
10841
10843
10844
10845
10851
10858
10869
10870
10871
10876
10878
10881
10895
10896
10897
10901
10909
10912
10933
10938
10939
10945
10953
10959
10960
10961
10968
10969
10971
10978
10982
10985
10993
10998
11003
11004
11011
11020
11028
11032
11039
11047
11049
11058
11068
11070
11084
11089
11091
11102
11107
11123
11132
11133
11139
11172
11184
11185
11194
11201
11228
11249
11276
11283
11316
11323
11336
11343
11349
11361
11382
11395
11397
11407
11420
11421
11441
11452
11473
11477
11481
11491
11504
11507
11511
11512
11517
11524
11526
11529
11533
11544
11545
11550
11551
11552
11555
11557
11560
11561
11565
11567
11568
11576
11578
11581
11582
11597
11605
11607
11623
11625
11627
11628
11633
11645
11649
11651
11652
11656
11659
11661
11671
11673
11675
11679
11681
11694
11705
11706
11711
11713
11722
11723
11731
11732
11733
11737
11740
11741
11743
11750
11751
11755
11756
11763
11764
11769
11771
11778
11789
11793
11800
11805
11808
11812
11818
11819
11827
11829
11833
11843
11846
11856
11858
11860
11862
11866
11868
11870
11876
11878
11879
11882
11885
11886
11888
11905
11907
11911
11912
11920
11922
11931
11935
11938
11939
11940
11941
11943
11944
11946
11949
11951
11953
11958
11969
11970
11971
11973
11977
11979
11981
11982
11989
11996
12015
12018
12020
12027
12033
12041
12058
12078
12079
12085
12088
12109
12115
12123
12131
12149
12150
12154
12177
12181
12187
12199
12200
12206
12221
12222
12230
12232
12242
12256
12265
12266
12272
12279
12285
12286
12313
12323
12324
12329
12340
12344
12360
12368
12370
12379
12390
12393
12396
12414
12415
12417
12419
12423
12428
12467
12473
12478
12480
12481
12485
12497
12498
12526
12532
12533
12538
12540
12541
12544
12548
12553
12561
12565
12570
12574
12576
12579
12595
12597
12600
12602
12603
12623
12635
12646
12647
12650
12654
12655
12665
12667
12669
12675
12677
12683
12684
12686
12688
12694
12696
12697
12708
12719
12732
12733
12735
12740
12742
12749
12761
12768
12771
12774
12778
12790
12795
12797
12802
12808
12813
12825
12829
12834
12836
12849
12857
12862
12864
12867
12870
12886
12889
12892
12897
12898
12904
12907
12908
12913
12919
12921
12922
12929
12930
12932
12936
12938
12940
12945
12950
12968
12975
12984
12987
13010
13013
13019
13024
13032
13038
13044
13057
13061
13062
13063
13066
13077
13080
13082
13087
13090
13093
13096
13098
13107
13112
13113
13116
13125
13129
13134
13137
13148
13153
13162
13163
13164
13166
13167
13169
13173
13177
13185
13200
13235
13247
13260
13261
13266
13274
13280
13283
13287
13290
13298
13324
13328
13330
13331
13343
13352
13354
13359
13361
13371
13377
13383
13390
13391
13397
13409
13412
13415
13419
13421
13423
13431
13436
13440
13448
13490
13500
13501
13505
13509
13510
13511
13515
13516
13517
13519
13524
13533
13537
13541
13544
13545
13547
13548
13551
13553
13563
13564
13566
13568
13572
13575
13579
13582
13584
13591
13592
13594
13602
13608
13609
13613
13615
13617
13618
13620
13621
13625
13627
13631
13635
13641
13647
13658
13659
13665
13670
13677
13678
13681
13682
13684
13685
13686
13689
13691
13692
13693
13694
13695
13697
13704
13705
13708
13713
13731
13732
13735
13736
13739
13743
13755
13757
13764
13767
13770
13776
13781
13788
13791
13794
13796
13797
13799
13802
13811
13814
13816
13818
13821
13823
13825
13829
13835
13847
13850
13851
13853
13857
13858
13860
13863
13876
13899
13906
13911
13914
13917
13918
13921
13922
13926
13927
13932
13935
13938
13941
13942
13943
13949
13954
13955
13961
13962
13967
13969
13977
13978
13981
13983
13986
13989
13996
13997
13998
13999
14003
14018
14022
14026
14029
14055
14058
14064
14091
14104
14105
14107
14111
14131
14135
14137
14148
14150
14157
14165
14167
14175
14182
14188
14190
14194
14201
14206
14226
14229
14248
14281
14282
14292
14303
14316
14321
14331
14333
14344
14358
14360
14394
14398
14415
14423
14425
14436
14439
14453
14454
14463
14468
14479
14486
14490
14519
14531
14537
14548
14571
14603
14618
14627
14645
14665
14668
14669
14695
14703
14736
14753
14781
14799
14814
14816
14820
14848
14857
14861
14865
14877
14879
14890
14893
14903
14905
14913
14920
14943
14948
14951
14959
14965
14993
15002
15003
15005
15020
15023
15029
15031
15034
15036
15042
15045
15046
15047
15048
15050
15051
15056
15059
15060
15061
15063
15064
15065
15066
15069
15074
15076
15080
15085
15087
15089
15091
15092
15094
15095
15096
15097
15098
15100
15101
15103
15105
15106
15107
15110
15113
15117
15118
15119
15120
15121
15123
15125
15134
15135
15140
15141
15142
15147
15151
15152
15155
15162
15164
15167
15168
15173
15175
15177
15178
15179
15180
15182
15185
15197
15198
15201
15202
15207
15211
15214
15218
15220
15223
15232
15236
15237
15239
15248
15252
15256
15257
15258
15263
15270
15273
15280
15281
15283
15287
15288
15289
15292
15293
15294
15298
15301
15304
15310
15315
15316
15317
15321
15322
15323
15324
15326
15330
15332
15337
15339
15340
15344
15345
15346
15348
15350
15351
15352
15353
15354
15361
15365
15367
15373
15374
15378
15384
15386
15398
15400
15401
15403
15404
15405
15407
15409
15411
15423
15426
15428
15435
15438
15440
15441
15447
15449
15455
15456
15461
15470
15471
15482
15483
15485
15489
15490
15494
15496
15497
15513
15522
15525
15527
15539
15543
15546
15551
15572
15580
15583
15587
15592
15595
15596
15597
15598
15602
15604
15606
15609
15612
15614
15615
15622
15627
15646
15650
15656
15664
15667
15670
15672
15680
15681
15683
15685
15687
15688
15694
15702
15709
15721
15722
15735
15738
15751
15756
15763
15770
15771
15780
15796
15806
15812
15819
15822
15830
15834
15838
15841
15843
15850
15859
15866
15867
15874
15875
15889
15890
15894
15905
15906
15907
15908
15914
15917
15919
15920
15923
15925
15926
15928
15932
15933
15934
15939
15940
15956
15958
15962
15967
15970
15974
15975
15976
15978
15979
15980
15981
15994
15996
16002
16005
16016
16020
16022
16024
16025
16027
16029
16031
16032
16042
16047
16063
16068
16070
16071
16072
16078
16096
16100
16115
16121
16122
16129
16130
16136
16159
16160
16161
16164
16166
16184
16196
16207
16209
16210
16216
16217
16218
16243
16257
16268
16276
16278
16280
16294
16296
16297
16298
16299
16300
16306
16307
16326
16329
16340
16354
16359
16361
16375
16381
16386
16410
16412
16425
16432
16433
16437
16440
16441
16442
16454
16458
16473
16474
16475
16501
16515
16519
16520
16521
16523
16527
16535
16536
16541
16545
16546
16547
16549
16552
16555
16556
16558
16559
16562
16563
16566
16572
16573
16576
16577
16581
16586
16588
16589
16594
16598
16605
16610
16620
16622
16626
16628
16634
16636
16637
16662
16664
16666
16667
16668
16671
16684
16686
16691
16694
16696
16699
16701
16704
16709
16710
16714
16720
16722
16724
16726
16727
16730
16731
16733
16740
16744
16746
16750
16751
16758
16763
16764
16770
16779
16783
16786
16787
16790
16792
16801
16805
16808
16810
16811
16820
16834
16836
16837
16846
16847
16855
16856
16861
16863
16866
16870
16871
16878
16879
16884
16886
16891
16896
16898
16900
16903
16908
16913
16916
16917
16919
16924
16927
16929
16933
16936
16941
16946
16947
16949
16955
16957
16962
16963
16964
16966
16973
16975
16977
16978
16979
16986
16989
16990
16992
16994
17002
17007
17010
17011
17017
17030
17031
17034
17038
17050
17052
17065
17067
17071
17077
17100
17108
17113
17114
17121
17122
17136
17141
17147
17168
17170
17173
17183
17189
17198
17199
17211
17227
17232
17259
17263
17266
17293
17295
17298
17303
17316
17337
17340
17342
17357
17371
17373
17374
17377
17378
17379
17391
17394
17402
17409
17418
17419
17423
17430
17431
17432
17439
17449
17470
17480
17485
17486
17501
17505
17507
17509
17513
17515
17516
17517
17519
17520
17523
17524
17525
17526
17528
17529
17531
17532
17536
17537
17540
17543
17544
17548
17549
17554
17555
17558
17561
17563
17564
17565
17568
17571
17573
17578
17580
17584
17585
17590
17592
17593
17598
17600
17603
17604
17605
17607
17610
17613
17619
17620
17621
17625
17630
17631
17632
17634
17635
17636
17638
17639
17643
17646
17647
17649
17651
17652
17653
17654
17655
17656
17659
17661
17664
17672
17674
17676
17680
17681
17683
17687
17689
17693
17695
17697
17698
17699
17700
17701
17703
17705
17709
17713
17714
17717
17718
17719
17721
17724
17725
17726
17727
17728
17730
17733
17737
17738
17739
17745
17747
17749
17753
17754
17756
17757
17760
17762
17763
17764
17766
17767
17773
17774
17777
17778
17780
17783
17784
17785
17787
17789
17790
17793
17794
17795
17800
17802
17803
17804
17807
17808
17811
17814
17815
17819
17824
17825
17826
17827
17828
17834
17838
17840
17841
17844
17851
17852
17855
17859
17863
17871
17872
17873
17875
17876
17877
17880
17882
17885
17889
17896
17897
17898
17900
17901
17903
17913
17914
17916
17918
17920
17923
17926
17930
17933
17934
17935
17937
17938
17942
17946
17947
17951
17952
17953
17956
17959
17963
17967
17968
17969
17970
17971
17972
17975
17984
17985
17989
17990
17991
17993
17994
17997
17998
18014
18019
18030
18053
18060
18061
18068
18070
18074
18078
18082
18083
18085
18086
18090
18092
18097
18099
18104
18107
18113
18119
18123
18129
18142
18151
18152
18159
18177
18179
18187
18202
18217
18223
18245
18246
18259
18265
18267
18268
18270
18271
18277
18289
18294
18304
18314
18319
18337
18338
18341
18342
18345
18347
18348
18350
18351
18353
18357
18371
18377
18384
18385
18396
18397
18412
18414
18417
18418
18425
18426
18433
18435
18441
18442
18462
18468
18469
18479
18486
18487
18496
18499
18502
18506
18512
18514
18515
18521
18525
18530
18533
18534
18540
18542
18544
18550
18551
18552
18557
18559
18570
18571
18577
18581
18588
18589
18592
18597
18599
18606
18612
18613
18616
18617
18621
18625
18627
18631
18632
18633
18637
18639
18640
18641
18645
18653
18654
18656
18657
18658
18660
18663
18675
18681
18691
18701
18702
18703
18705
18706
18711
18717
18718
18721
18726
18732
18737
18739
18745
18746
18748
18752
18754
18755
18762
18764
18771
18781
18784
18792
18793
18794
18797
18803
18809
18814
18815
18816
18819
18821
18824
18826
18830
18833
18838
18840
18841
18847
18852
18869
18870
18879
18881
18889
18890
18895
18897
18903
18908
18911
18915
18918
18924
18927
18931
18945
18949
18950
18951
18974
18979
18982
18983
18986
18988
19003
19005
19009
19010
19016
19025
19026
19031
19032
19035
19036
19046
19047
19048
19062
19065
19072
19079
19081
19085
19100
19117
19119
19121
19122
19125
19128
19130
19132
19148
19149
19154
19155
19159
19169
19178
19183
19185
19188
19197
19198
19202
19203
19204
19208
19216
19219
19220
19225
19230
19236
19238
19239
19240
19245
19246
19248
19249
19251
19259
19260
19265
19266
19267
19268
19275
19276
19280
19282
19287
19289
19291
19292
19294
19296
19301
19308
19318
19323
19328
19329
19333
19334
19336
19339
19343
19346
19355
19359
19377
19378
19380
19381
19384
19395
19400
19406
19410
19414
19415
19420
19432
19433
19436
19445
19446
19453
19458
19459
19464
19469
19475
19481
19492
19502
19516
19534
19545
19555
19556
19563
19575
19581
19625
19662
19681
19682
19687
19691
19707
19719
19727
19728
19734
19738
19752
19758
19760
19799
19806
19808
19813
19819
19845
19871
19885
19892
19894
19896
19903
19907
19920
19931
19932
19948
19975
19980
19982
19983
19998
20004
20009
20020
20024
20025
20039
20040
20044
20068
20072
20094
20103
20104
20111
20114
20143
20146
20148
20156
20170
20174
20189
20190
20193
20205
20206
20227
20231
20243
20251
20252
20274
20288
20293
20299
20304
20307
20324
20335
20340
20350
20353
20356
20389
20394
20411
20419
20431
20437
20445
20471
20472
20485
20489
20494
20497
20501
20517
20519
20520
20549
20556
20563
20569
20593
20607
20625
20628
20637
20647
20668
20680
20681
20687
20694
20702
20708
20733
20742
20750
20766
20767
20768
20776
20797
20800
20810
20814
20825
20828
20831
20848
20852
20854
20860
20864
20866
20885
20886
20892
20896
20910
20912
20918
20930
20945
20971
20985
20988
20991
20998
21002
21007
21008
21011
21018
21039
21042
21046
21047
21052
21059
21066
21077
21082
21090
21099
21100
21106
21109
21117
21127
21130
21134
21135
21145
21149
21160
21162
21164
21168
21183
21184
21187
21190
21194
21226
21228
21229
21237
21243
21254
21260
21264
21269
21277
21278
21282
21287
21290
21293
21294
21306
21309
21313
21323
21335
21336
21350
21362
21373
21375
21381
21389
21390
21402
21403
21404
21407
21416
21419
21420
21422
21428
21447
21456
21458
21470
21475
21489
21493
21496
21498
21499
21505
21515
21520
21529
21533
21534
21536
21542
21545
21547
21552
21561
21566
21572
21574
21586
21587
21591
21599
21605
21606
21612
21615
21616
21627
21643
21648
21660
21669
21671
21676
21682
21689
21694
21695
21702
21708
21712
21726
21738
21740
21741
21744
21760
21761
21763
21764
21765
21787
21790
21794
21795
21800
21826
21831
21845
21849
21852
21860
21869
21877
21879
21884
21885
21887
21890
21902
21933
21936
21947
21952
21962
21966
21976
21977
21980
21988
22007
22013
22017
22032
22038
22042
22044
22048
22051
22053
22065
22071
22073
22083
22085
22095
22098
22101
22106
22112
22113
22114
22119
22122
22128
22129
22133
22137
22155
22160
22166
22169
22170
22172
22175
22178
22180
22192
22214
22228
22229
22230
22232
22235
22237
22252
22254
22255
22256
22261
22263
22269
22284
22288
22290
22296
22299
22306
22309
22311
22312
22314
22317
22323
22325
22326
22331
22341
22348
22358
22369
22370
22373
22379
22393
22413
22417
22419
22421
22424
22425
22439
22443
22447
22456
22471
22485
22490
22501
22508
22509
22511
22518
22532
22538
22540
22543
22546
22549
22552
22556
22557
22561
22565
22569
22572
22574
22576
22577
22582
22585
22590
22592
22595
22597
22600
22601
22606
22609
22610
22622
22631
22640
22641
22652
22653
22655
22659
22660
22661
22675
22680
22687
22697
22698
22702
22703
22704
22705
22706
22707
22717
22730
22734
22739
22751
22753
22754
22771
22773
22779
22784
22789
22809
22820
22822
22825
22829
22833
22838
22841
22842
22843
22844
22848
22859
22860
22866
22867
22871
22873
22881
22891
22893
22896
22898
22907
22914
22920
22925
22934
22938
22943
22945
22946
22953
22958
22963
22967
22975
22977
22978
22980
22982
22983
22996
23001
23004
23009
23011
23014
23020
23022
23025
23030
23033
23035
23039
23040
23041
23042
23047
23049
23050
23062
23063
23068
23070
23071
23074
23075
23076
23080
23081
23084
23087
23089
23092
23096
23097
23100
23111
23112
23116
23119
23121
23123
23127
23131
23132
23134
23135
23136
23138
23139
23142
23143
23146
23154
23169
23171
23173
23176
23182
23183
23184
23188
23190
23191
23197
23198
23200
23203
23204
23211
23212
23217
23223
23230
23238
23240
23244
23248
23252
23255
23256
23257
23261
23262
23265
23268
23272
23275
23276
23279
23280
23281
23283
23287
23289
23292
23294
23295
23299
23302
23303
23307
23308
23311
23314
23315
23317
23326
23333
23336
23337
23352
23353
23354
23355
23358
23361
23363
23366
23371
23374
23381
23386
23387
23388
23401
23411
23414
23431
23434
23437
23443
23444
23450
23458
23464
23465
23466
23468
23469
23477
23479
23481
23483
23484
23486
23487
23495
23499
23502
23504
23505
23506
23508
23511
23514
23516
23517
23525
23527
23531
23534
23535
23536
23539
23540
23542
23546
23547
23548
23550
23556
23557
23558
23559
23563
23565
23566
23569
23570
23572
23573
23575
23582
23584
23588
23590
23592
23593
23595
23596
23597
23602
23603
23604
23609
23611
23614
23616
23618
23620
23626
23627
23628
23630
23633
23637
23643
23644
23646
23650
23652
23654
23659
23660
23662
23664
23665
23668
23669
23672
23675
23677
23678
23679
23681
23684
23687
23691
23693
23694
23696
23703
23706
23711
23712
23715
23716
23718
23722
23724
23727
23736
23737
23738
23742
23745
23748
23749
23750
23751
23756
23759
23760
23761
23762
23763
23764
23766
23770
23773
23777
23783
23784
23785
23786
23791
23796
23799
23802
23804
23806
23807
23811
23815
23818
23819
23823
23824
23825
23826
23834
23836
23837
23838
23842
23845
23847
23849
23854
23856
23857
23859
23861
23863
23864
23870
23871
23875
23877
23878
23883
23889
23890
23891
23895
23896
23899
23900
23901
23902
23903
23904
23905
23906
23910
23912
23913
23917
23918
23922
23923
23924
23926
23927
23928
23930
23935
23940
23942
23945
23949
23951
23952
23954
23955
23959
23963
23965
23969
23970
23972
23975
23976
23977
23978
23979
23980
23983
23984
23985
23987
23988
23989
23996
23997
24009
24013
24022
24030
24034
24050
24051
24061
24062
24079
24085
24087
24091
24096
24101
24105
24108
24125
24132
24134
24138
24139
24144
24156
24157
24165
24171
24175
24183
24189
24190
24196
24198
24199
24204
24205
24210
24213
24221
24222
24227
24237
24240
24246
24266
24272
24277
24282
24283
24292
24298
24305
24322
24326
24341
24348
24349
24368
24375
24379
24387
24411
24416
24418
24420
24423
24424
24426
24429
24432
24436
24452
24455
24456
24467
24468
24470
24475
24478
24480
24500
24503
24512
24515
24530
24539
24543
24547
24550
24564
24566
24574
24585
24586
24600
24605
24606
24611
24618
24621
24627
24639
24642
24647
24651
24653
24656
24662
24665
24666
24667
24672
24678
24684
24693
24698
24699
24700
24703
24709
24711
24712
24713
24718
24720
24721
24724
24727
24740
24747
24750
24751
24755
24756
24763
24773
24775
24784
24786
24797
24816
24822
24823
24829
24831
24834
24835
24836
24838
24840
24852
24863
24866
24869
24871
24872
24878
24880
24882
24897
24903
24908
24911
24912
24920
24928
24936
24944
24947
24948
24949
24953
24956
24965
24976
24980
24982
24999
25000
25005
25021
25042
25061
25069
25081
25089
25092
25096
25098
25100
25101
25106
25109
25112
25117
25125
25129
25131
25143
25149
25153
25155
25157
25161
25170
25177
25187
25199
25206
25208
25216
25217
25222
25223
25224
25225
25237
25238
25248
25249
25251
25263
25266
25276
25294
25300
25304
25315
25318
25323
25326
25331
25336
25338
25345
25346
25350
25352
25364
25370
25377
25382
25383
25385
25390
25396
25397
25405
25414
25419
25423
25426
25428
25430
25434
25439
25441
25449
25470
25477
25478
25481
25490
25499
25512
25513
25514
25522
25534
25538
25540
25543
25546
25554
25558
25559
25563
25569
25570
25571
25573
25578
25593
25595
25596
25602
25603
25609
25621
25637
25638
25649
25659
25664
25668
25676
25680
25685
25690
25694
25697
25702
25711
25726
25735
25744
25753
25756
25769
25770
25771
25774
25780
25783
25789
25794
25795
25802
25806
25811
25815
25816
25824
25837
25838
25843
25845
25846
25850
25859
25866
25867
25869
25882
25889
25904
25914
25918
25940
25953
25955
25957
25961
25962
25974
25977
25988
25992
25994
25998
26000
26001
26004
26007
26008
26009
26010
26013
26014
26015
26016
26017
26018
26020
26022
26024
26025
26026
26027
26031
26033
26034
26035
26037
26039
26040
26041
26046
26050
26051
26053
26054
26055
26056
26057
26058
26059
26064
26065
26068
26069
26070
26071
26075
26078
26081
26083
26086
26088
26089
26091
26093
26095
26096
26099
26100
26102
26109
26111
26113
26120
26121
26125
26127
26128
26129
26131
26134
26135
26136
26138
26141
26142
26145
26147
26148
26150
26151
26153
26155
26156
26157
26158
26159
26160
26163
26165
26166
26168
26172
26173
26174
26175
26177
26178
26179
26181
26182
26183
26185
26186
26188
26190
26192
26193
26194
26196
26198
26201
26202
26203
26205
26206
26207
26208
26209
26210
26211
26212
26213
26215
26219
26225
26227
26232
26234
26237
26238
26239
26242
26245
26246
26247
26249
26251
26252
26253
26254
26256
26257
26264
26267
26274
26276
26277
26279
26281
26285
26287
26292
26293
26294
26295
26298
26300
26301
26302
26304
26306
26308
26309
26310
26312
26314
26315
26317
26319
26320
26322
26324
26330
26336
26338
26343
26344
26347
26350
26352
26354
26355
26356
26359
26360
26361
26362
26367
26374
26376
26378
26381
26382
26384
26385
26386
26387
26388
26390
26391
26393
26397
26398
26400
26401
26403
26404
26405
26406
26407
26408
26409
26410
26411
26413
26414
26416
26418
26420
26421
26424
26426
26427
26428
26430
26433
26435
26438
26439
26442
26443
26445
26450
26451
26453
26454
26456
26457
26458
26459
26460
26463
26464
26466
26468
26470
26471
26472
26474
26476
26479
26480
26484
26486
26491
26492
26494
26495
26496
26497
26501
26502
26508
26513
26514
26520
26530
26533
26534
26542
26543
26550
26554
26555
26557
26561
26562
26569
26574
26579
26585
26588
26591
26599
26601
26606
26609
26611
26626
26634
26640
26645
26662
26664
26667
26668
26707
26711
26732
26733
26734
26737
26745
26750
26762
26764
26768
26770
26772
26778
26781
26784
26789
26807
26810
26818
26821
26827
26842
26843
26844
26847
26849
26864
26870
26875
26878
26884
26886
26887
26889
26890
26894
26896
26912
26918
26932
26934
26940
26941
26942
26944
26962
26969
26978
26982
26985
26997
26999
27002
27004
27011
27012
27017
27021
27022
27043
27044
27047
27052
27062
27066
27067
27073
27078
27079
27084
27086
27087
27095
27098
27099
27106
27116
27117
27122
27127
27131
27133
27136
27148
27149
27151
27152
27153
27158
27161
27162
27168
27170
27171
27176
27185
27187
27192
27193
27194
27201
27202
27206
27207
27220
27221
27228
27242
27243
27249
27250
27255
27259
27269
27273
27276
27278
27281
27300
27303
27307
27324
27325
27331
27333
27349
27352
27353
27354
27358
27370
27378
27382
27392
27394
27405
27415
27422
27426
27427
27433
27434
27435
27437
27442
27446
27450
27459
27467
27473
27476
27479
27482
27483
27484
27485
27490
27496
27503
27516
27526
27537
27542
27575
27576
27580
27588
27596
27597
27599
27604
27618
27628
27633
27642
27647
27648
27653
27659
27660
27667
27671
27673
27678
27684
27689
27690
27693
27694
27706
27708
27713
27726
27730
27739
27754
27755
27764
27765
27770
27788
27796
27797
27801
27806
27811
27821
27822
27828
27833
27834
27836
27842
27844
27848
27849
27859
27862
27865
27892
27897
27908
27909
27911
27912
27923
27937
27956
27962
27967
27969
28000
28020
28032
28035
28037
28041
28058
28059
28063
28068
28070
28075
28083
28084
28098
28105
28126
28151
28168
28173
28174
28177
28211
28213
28215
28219
28233
28281
28291
28317
28324
28336
28338
28343
28376
28393
28398
28405
28409
28421
28427
28429
28430
28440
28442
28456
28470
28475
28481
28488
28490
28491
28508
28515
28521
28522
28526
28528
28530
28542
28543
28553
28558
28560
28563
28565
28570
28571
28582
28584
28590
28592
28600
28616
28619
28620
28627
28628
28629
28634
28635
28637
28642
28646
28652
28656
28658
28662
28667
28671
28673
28675
28681
28686
28689
28691
28693
28695
28701
28704
28711
28718
28737
28740
28742
28749
28752
28765
28767
28768
28771
28772
28773
28776
28777
28778
28780
28783
28785
28786
28797
28811
28812
28814
28815
28818
28820
28821
28825
28826
28827
28832
28833
28835
28847
28849
28853
28857
28858
28859
28866
28869
28870
28876
28878
28881
28908
28912
28919
28920
28923
28924
28925
28930
28933
28935
28940
28943
28944
28947
28954
28962
28963
28969
28980
28983
28989
28999
29003
29005
29026
29054
29066
29076
29086
29097
29098
29103
29104
29105
29125
29127
29136
29142
29143
29147
29151
29161
29162
29173
29181
29199
29208
29210
29211
29214
29216
29226
29227
29228
29241
29266
29274
29283
29302
29322
29331
29338
29340
29352
29354
29355
29358
29362
29377
29384
29408
29410
29412
29416
29425
29427
29428
29429
29432
29437
29440
29442
29454
29456
29472
29487
29489
29504
29505
29507
29510
29514
29516
29517
29520
29529
29535
29537
29538
29539
29545
29552
29555
29557
29561
29562
29567
29568
29569
29572
29576
29580
29583
29584
29586
29587
29589
29591
29594
29597
29599
29600
29607
29617
29619
29620
29623
29625
29631
29636
29638
29643
29644
29649
29650
29655
29657
29659
29661
29663
29671
29672
29676
29679
29681
29685
29686
29689
29691
29692
29694
29697
29702
29706
29707
29713
29714
29715
29716
29721
29722
29724
29725
29734
29735
29736
29740
29742
29752
29754
29766
29768
29774
29780
29781
29783
29784
29785
29786
29787
29794
29795
29797
29802
29806
29808
29811
29815
29824
29826
29831
29832
29833
29834
29835
29837
29838
29843
29850
29852
29857
29859
29863
29865
29868
29871
29876
29877
29878
29886
29888
29889
29890
29892
29900
29904
29905
29906
29911
29913
29914
29929
29931
29932
29933
29934
29935
29939
29945
29950
29953
29954
29960
29962
29964
29965
29968
29969
29970
29971
29972
29974
29976
29978
29980
29981
29982
29985
29986
29987
29991
29995
29996
29997
29998
30001
30011
30013
30015
30025
30027
30028
30035
30040
30050
30062
30063
30067
30068
30070
30071
30078
30082
30085
30086
30095
30110
30117
30123
30125
30128
30129
30136
30141
30143
30145
30146
30159
30160
30164
30165
30168
30193
30194
30199
30200
30210
30217
30224
30233
30240
30241
30242
30247
30250
30253
30267
30270
30273
30279
30284
30296
30309
30316
30318
30324
30325
30328
30335
30336
30337
30340
30350
30353
30366
30367
30377
30378
30379
30380
30388
30389
30393
30394
30395
30398
30399
30402
30406
30420
30425
30426
30430
30431
30432
30434
30435
30436
30438
30443
30445
30449
30452
30462
30466
30468
30469
30475
30479
30482
30484
30485
30487
30492
30498
30500
30501
30504
30505
30507
30519
30524
30531
30533
30537
30543
30546
30554
30557
30561
30574
30579
30593
30605
30606
30607
30608
30611
30617
30621
30622
30626
30629
30636
30638
30640
30644
30646
30658
30664
30666
30668
30669
30674
30675
30676
30680
30683
30694
30697
30699
30703
30707
30709
30720
30723
30724
30725
30728
30729
30730
30733
30736
30737
30743
30745
30748
30749
30750
30754
30763
30771
30772
30777
30781
30783
30785
30786
30792
30793
30797
30802
30808
30813
30819
30824
30828
30830
30835
30841
30848
30853
30860
30865
30867
30870
30885
30888
30895
30896
30898
30901
30905
30917
30926
30928
30932
30935
30936
30938
30941
30942
30944
30946
30950
30951
30952
30954
30955
30958
30960
30961
30972
30973
30977
30983
30984
30985
30986
30990
30991
30992
31005
31011
31012
31013
31015
31018
31020
31024
31028
31030
31033
31034
31037
31042
31045
31047
31060
31063
31067
31072
31075
31077
31079
31082
31083
31084
31086
31091
31092
31094
31095
31098
31102
31104
31105
31106
31108
31113
31117
31120
31122
31125
31127
31129
31138
31139
31143
31144
31149
31151
31154
31155
31156
31160
31163
31167
31168
31174
31175
31178
31179
31182
31183
31184
31198
31206
31207
31208
31209
31217
31218
31225
31226
31227
31228
31231
31234
31235
31242
31247
31252
31256
31258
31261
31265
31271
31273
31278
31279
31281
31283
31284
31287
31288
31290
31297
31301
31308
31310
31312
31319
31320
31322
31323
31328
31330
31336
31338
31339
31342
31345
31348
31350
31358
31362
31363
31369
31370
31373
31375
31379
31380
31381
31384
31388
31391
31393
31398
31399
31402
31403
31406
31411
31412
31415
31421
31422
31427
31435
31439
31450
31459
31463
31482
31485
31491
31496
31497
31504
31508
31511
31512
31513
31514
31521
31523
31529
31535
31539
31545
31554
31559
31560
31561
31564
31577
31581
31586
31588
31590
31591
31592
31600
31606
31610
31612
31613
31614
31626
31629
31631
31634
31639
31641
31662
31669
31673
31675
31680
31681
31683
31688
31689
31694
31695
31697
31698
31700
31704
31710
31713
31728
31730
31748
31759
31761
31765
31768
31778
31784
31786
31787
31798
31800
31805
31808
31810
31821
31840
31842
31847
31849
31858
31861
31866
31871
31876
31883
31892
31896
31900
31907
31917
31918
31928
31953
31961
31969
31970
31975
31984
31990
31995
32000
32010
32012
32020
32021
32023
32032
32042
32049
32054
32081
32084
32088
32089
32093
32096
32097
32100
32108
32122
32141
32166
32169
32180
32181
32182
32187
32191
32208
32238
32252
32256
32262
32275
32291
32314
32319
32331
32349
32363
32376
32388
32395
32408
32415
32422
32430
32439
32442
32451
32454
32468
32484
32487
32507
32509
32524
32525
32534
32537
32538
32540
32554
32558
32564
32568
32600
32601
32632
32653
32663
32664
32680
32700
32711
32716
32719
32720
32724
32725
32730
32731
32740
32743
32744
32745
32755
32759
32763
32779
32805
32815
32816
32817
32833
32838
32853
32859
32867
32880
32901
32905
32910
32934
32939
32950
32960
32961
32968
32974
32982
32983
33003
33024
33033
33050
33052
33056
33066
33074
33083
33084
33091
33122
33127
33132
33146
33150
33156
33173
33190
33199
33210
33224
33227
33253
33254
33263
33277
33294
33336
33341
33383
33387
33390
33437
33452
33459
33462
33463
33470
33472
33478
33496
33504
33510
33513
33520
33522
33525
33527
33534
33542
33547
33549
33556
33560
33566
33571
33572
33573
33575
33578
33580
33582
33587
33592
33599
33605
33608
33610
33617
33618
33627
33633
33637
33639
33640
33650
33652
33655
33657
33666
33667
33673
33678
33681
33687
33688
33691
33703
33704
33705
33715
33717
33721
33727
33728
33730
33731
33743
33745
33749
33754
33763
33766
33767
33775
33779
33783
33798
33801
33802
33803
33818
33828
33829
33832
33835
33836
33837
33838
33839
33840
33845
33849
33854
33855
33860
33873
33882
33885
33888
33894
33895
33899
33900
33901
33904
33909
33916
33917
33923
33925
33927
33937
33940
33942
33949
33953
33956
33957
33962
33964
33975
33979
33984
33986
33991
33993
34000
34001
34008
34012
34013
34019
34021
34032
34039
34041
34049
34073
34082
34098
34103
34113
34125
34136
34139
34142
34143
34144
34151
34163
34165
34167
34168
34172
34186
34197
34203
34208
34215
34220
34225
34232
34253
34302
34314
34319
34332
34339
34356
34365
34366
34369
34380
34390
34398
34423
34431
34432
34433
34435
34438
34455
34467
34477
34486
34487
34490
34508
34516
34522
34530
34539
34540
34544
34548
34564
34572
34594
34600
34614
34615
34624
34644
34654
34671
34674
34676
34680
34681
34707
34716
34720
34724
34727
34733
34740
34743
34748
34761
34764
34769
34775
34784
34787
34788
34795
34799
34807
34814
34838
34850
34853
34858
34895
34900
34902
34907
34908
34914
34918
34941
34942
34946
34947
34950
34951
34952
34954
34964
34968
34971
34981
34994
34997
35000
35002
35009
35012
35013
35014
35016
35017
35020
35024
35026
35030
35034
35035
35037
35038
35045
35047
35050
35051
35053
35057
35058
35063
35064
35065
35072
35075
35077
35079
35095
35097
35100
35102
35105
35106
35111
35118
35125
35126
35127
35133
35138
35140
35150
35152
35155
35157
35159
35160
35162
35165
35170
35176
35178
35188
35193
35198
35204
35213
35215
35216
35219
35221
35223
35230
35231
35234
35235
35236
35238
35239
35245
35265
35266
35267
35269
35270
35272
35273
35274
35275
35281
35282
35287
35290
35294
35303
35304
35308
35314
35316
35331
35333
35334
35335
35339
35340
35342
35343
35344
35349
35350
35351
35352
35356
35358
35361
35364
35365
35370
35374
35375
35378
35383
35384
35386
35391
35399
35409
35410
35413
35416
35421
35423
35424
35428
35430
35436
35440
35445
35460
35463
35466
35469
35473
35481
35483
35484
35485
35495
35498
35502
35504
35505
35508
35511
35516
35518
35520
35521
35522
35524
35526
35531
35533
35538
35540
35541
35544
35545
35558
35559
35565
35567
35569
35570
35576
35577
35580
35581
35582
35591
35592
35595
35603
35607
35608
35612
35613
35614
35616
35626
35630
35641
35642
35644
35645
35646
35648
35657
35658
35659
35660
35664
35672
35674
35676
35677
35678
35682
35684
35689
35690
35695
35700
35705
35709
35712
35719
35720
35728
35730
35733
35735
35736
35738
35742
35744
35752
35753
35754
35759
35761
35765
35767
35770
35776
35780
35789
35790
35792
35802
35806
35811
35815
35817
35826
35829
35831
35834
35836
35838
35839
35840
35841
35845
35851
35854
35856
35860
35864
35865
35867
35868
35870
35871
35872
35873
35874
35875
35877
35879
35880
35884
35885
35890
35892
35895
35896
35903
35909
35911
35912
35913
35920
35924
35928
35930
35932
35935
35937
35938
35939
35947
35948
35949
35953
35960
35961
35965
35969
35970
35972
35976
35982
35984
35987
35990
35992
35994
35996
35999
36008
36018
36024
36029
36061
36065
36066
36067
36070
36072
36075
36079
36085
36091
36095
36097
36106
36114
36122
36130
36131
36146
36152
36158
36159
36165
36176
36186
36187
36192
36197
36202
36203
36213
36217
36218
36229
36242
36245
36247
36252
36253
36257
36261
36272
36275
36277
36286
36288
36290
36296
36302
36307
36308
36312
36318
36325
36331
36360
36361
36362
36364
36372
36381
36383
36387
36390
36392
36394
36401
36404
36406
36412
36423
36431
36432
36439
36440
36445
36448
36452
36460
36462
36477
36478
36486
36492
36493
36498
36504
36507
36509
36510
36514
36517
36518
36520
36522
36526
36528
36531
36532
36534
36546
36547
36551
36558
36560
36563
36568
36569
36571
36573
36579
36581
36582
36584
36586
36589
36594
36595
36597
36598
36602
36608
36609
36610
36615
36616
36617
36620
36624
36628
36636
36637
36638
36646
36654
36656
36661
36662
36664
36665
36673
36674
36690
36692
36695
36696
36697
36698
36699
36701
36703
36710
36711
36715
36722
36724
36730
36733
36734
36735
36736
36739
36742
36749
36750
36752
36757
36758
36759
36765
36769
36776
36777
36781
36783
36785
36788
36789
36791
36796
36798
36800
36803
36805
36809
36810
36812
36819
36820
36824
36825
36827
36828
36830
36834
36837
36839
36843
36845
36846
36849
36850
36856
36857
36863
36867
36873
36877
36879
36883
36886
36891
36892
36893
36897
36898
36901
36905
36908
36909
36913
36914
36916
36918
36920
36927
36936
36937
36938
36942
36945
36946
36947
36948
36949
36950
36951
36952
36956
36960
36963
36966
36967
36972
36974
36978
36979
36980
36990
36991
36993
36994
36996
36997
36999
37008
37015
37018
37021
37023
37028
37033
37038
37044
37045
37054
37056
37061
37062
37063
37065
37068
37074
37081
37082
37092
37095
37098
37100
37103
37110
37112
37113
37117
37129
37131
37134
37136
37138
37140
37145
37146
37147
37148
37153
37155
37157
37159
37160
37165
37175
37177
37180
37183
37185
37188
37195
37198
37199
37206
37219
37222
37224
37235
37236
37244
37250
37255
37260
37261
37272
37277
37278
37284
37288
37291
37300
37305
37307
37317
37319
37325
37330
37333
37336
37339
37347
37351
37359
37366
37371
37372
37373
37374
37378
37381
37388
37389
37390
37391
37395
37400
37402
37416
37420
37430
37433
37436
37437
37438
37441
37442
37450
37457
37467
37468
37472
37476
37487
37488
37489
37502
37513
37514
37517
37532
37534
37550
37554
37561
37572
37642
37644
37652
37655
37670
37671
37684
37690
37712
37726
37736
37756
37767
37778
37784
37785
37787
37792
37793
37805
37817
37849
37851
37854
37879
37888
37897
37902
37938
37940
37948
37958
37961
37968
37981
37987
38004
38011
38013
38017
38028
38034
38035
38036
38038
38040
38055
38060
38068
38079
38082
38083
38089
38090
38100
38103
38109
38113
38116
38120
38123
38127
38129
38137
38139
38141
38150
38155
38163
38177
38183
38206
38207
38210
38214
38216
38217
38224
38239
38243
38247
38250
38252
38263
38270
38277
38279
38280
38286
38300
38302
38337
38340
38347
38354
38356
38366
38368
38373
38392
38418
38424
38430
38441
38444
38456
38458
38467
38479
38489
38491
38497
38535
38540
38559
38584
38591
38593
38596
38600
38603
38614
38615
38624
38644
38659
38660
38663
38693
38708
38709
38724
38727
38742
38751
38761
38777
38779
38793
38797
38807
38812
38819
38829
38831
38838
38839
38840
38858
38862
38870
38891
38893
38903
38909
38910
38911
38918
38921
38922
38946
38950
38979
38988
38992
39000
39002
39007
39015
39017
39020
39022
39023
39028
39030
39034
39037
39045
39049
39051
39060
39063
39064
39067
39072
39076
39083
39085
39090
39095
39097
39098
39102
39104
39106
39107
39114
39120
39121
39135
39141
39149
39175
39177
39180
39184
39185
39193
39198
39199
39200
39201
39205
39208
39210
39214
39215
39216
39217
39222
39223
39226
39232
39251
39253
39254
39255
39262
39265
39282
39284
39289
39291
39302
39303
39306
39308
39311
39320
39321
39322
39331
39336
39340
39361
39363
39365
39366
39378
39393
39415
39421
39429
39430
39432
39436
39438
39446
39451
39453
39457
39466
39468
39470
39473
39480
39481
39482
39485
39490
39498
39503
39506
39508
39522
39524
39526
39537
39549
39550
39572
39579
39589
39591
39592
39600
39605
39618
39619
39631
39632
39633
39638
39640
39650
39651
39652
39660
39664
39670
39675
39682
39687
39689
39694
39695
39703
39708
39709
39714
39718
39730
39731
39735
39736
39744
39748
39752
39754
39774
39779
39787
39788
39790
39791
39792
39797
39819
39827
39835
39839
39841
39843
39848
39849
39852
39859
39861
39868
39872
39877
39887
39892
39898
39901
39919
39939
39951
39961
39963
39980
39983
39990
39992
40002
40027
40032
40047
40049
40079
40081
40086
40087
40091
40101
40108
40122
40123
40126
40134
40144
40162
40163
40167
40174
40177
40178
40180
40186
40188
40189
40192
40202
40203
40207
40208
40238
40242
40249
40252
40283
40291
40303
40304
40310
40317
40328
40330
40332
40341
40346
40348
40356
40360
40369
40374
40393
40403
40409
40418
40420
40424
40425
40430
40435
40447
40470
40486
40503
40506
40514
40517
40518
40523
40525
40528
40533
40534
40536
40537
40540
40542
40543
40544
40546
40551
40552
40556
40557
40561
40562
40563
40566
40567
40572
40573
40574
40576
40577
40578
40579
40580
40581
40584
40589
40591
40593
40594
40595
40596
40597
40599
40600
40605
40612
40614
40615
40616
40617
40618
40620
40623
40632
40633
40634
40640
40642
40646
40647
40650
40651
40652
40653
40655
40656
40657
40658
40659
40662
40664
40666
40667
40668
40671
40675
40677
40678
40680
40683
40686
40688
40700
40703
40708
40709
40715
40716
40724
40729
40731
40734
40736
40740
40743
40745
40746
40748
40751
40753
40756
40757
40758
40760
40765
40770
40772
40774
40775
40778
40783
40784
40786
40788
40794
40800
40801
40803
40804
40805
40809
40810
40816
40817
40819
40822
40824
40825
40833
40839
40842
40843
40844
40848
40849
40851
40852
40854
40855
40858
40859
40861
40862
40863
40865
40866
40871
40872
40879
40882
40885
40890
40892
40898
40899
40907
40909
40910
40912
40914
40922
40923
40926
40929
40933
40935
40936
40943
40944
40946
40948
40953
40954
40957
40958
40960
40964
40965
40966
40969
40973
40974
40977
40978
40984
40986
40987
40991
40992
40994
41006
41015
41035
41087
41088
41092
41093
41103
41104
41117
41128
41130
41132
41133
41138
41142
41154
41166
41176
41182
41220
41228
41240
41242
41251
41252
41253
41266
41273
41328
41334
41342
41351
41358
41362
41372
41384
41399
41408
41410
41421
41434
41447
41461
41466
41468
41501
41502
41508
41515
41516
41523
41525
41529
41534
41538
41540
41541
41542
41546
41550
41551
41554
41556
41557
41560
41565
41566
41572
41574
41578
41580
41581
41587
41589
41591
41594
41597
41598
41601
41603
41605
41619
41621
41623
41627
41633
41637
41638
41643
41646
41648
41651
41665
41669
41671
41672
41673
41675
41686
41687
41691
41699
41702
41703
41708
41710
41719
41723
41725
41727
41729
41738
41741
41742
41743
41751
41752
41755
41758
41763
41767
41770
41771
41773
41790
41791
41794
41797
41801
41805
41807
41808
41812
41813
41815
41816
41825
41826
41833
41834
41840
41846
41851
41854
41856
41859
41860
41862
41864
41865
41870
41873
41877
41884
41886
41894
41895
41898
41899
41900
41902
41903
41904
41908
41915
41917
41923
41925
41928
41930
41934
41940
41942
41946
41947
41948
41952
41955
41956
41957
41960
41961
41963
41967
41969
41971
41972
41974
41975
41978
41979
41980
41981
41984
41985
41986
41987
41992
41994
41996
41999
42001
42010
42011
42014
42021
42023
42028
42033
42036
42047
42052
42055
42060
42067
42069
42079
42084
42091
42103
42116
42123
42133
42135
42140
42142
42148
42157
42171
42175
42177
42181
42186
42198
42210
42213
42214
42218
42220
42221
42237
42247
42254
42255
42261
42265
42269
42273
42275
42282
42285
42289
42295
42301
42302
42304
42311
42312
42314
42315
42316
42320
42341
42351
42361
42362
42364
42365
42366
42368
42385
42387
42391
42403
42404
42412
42415
42418
42420
42427
42431
42435
42436
42440
42443
42444
42453
42454
42474
42477
42482
42485
42490
42491
42501
42512
42513
42517
42541
42542
42545
42548
42562
42570
42586
42596
42613
42621
42622
42629
42630
42658
42670
42673
42674
42678
42679
42680
42682
42689
42693
42699
42703
42704
42711
42714
42715
42717
42726
42728
42735
42745
42759
42769
42772
42783
42787
42790
42791
42792
42801
42806
42808
42815
42820
42829
42832
42841
42849
42850
42856
42857
42861
42866
42875
42879
42885
42887
42888
42903
42906
42927
42930
42937
42940
42946
42963
42968
42984
42994
43001
43025
43039
43050
43052
43054
43056
43063
43079
43088
43091
43135
43144
43169
43179
43181
43184
43213
43220
43223
43226
43232
43263
43266
43267
43279
43333
43337
43342
43374
43383
43388
43399
43403
43411
43426
43434
43435
43440
43462
43474
43478
43480
43486
43495
43499
43510
43513
43515
43537
43543
43547
43548
43549
43550
43552
43553
43554
43558
43568
43573
43576
43593
43600
43601
43602
43604
43608
43613
43616
43624
43631
43633
43636
43644
43645
43646
43648
43649
43654
43659
43664
43665
43677
43683
43685
43691
43692
43694
43695
43698
43700
43701
43710
43714
43715
43719
43721
43728
43734
43737
43739
43741
43749
43769
43773
43774
43776
43777
43802
43810
43818
43827
43829
43834
43836
43849
43859
43861
43867
43868
43883
43889
43893
43897
43899
43905
43911
43912
43913
43916
43917
43920
43924
43930
43938
43946
43947
43955
43958
43965
43969
43981
43988
43998
44006
44012
44063
44070
44075
44079
44101
44112
44130
44133
44154
44155
44164
44176
44183
44184
44186
44192
44195
44206
44212
44231
44238
44242
44244
44250
44255
44258
44266
44267
44270
44278
44280
44291
44292
44296
44312
44319
44323
44327
44336
44341
44347
44352
44353
44355
44368
44370
44374
44377
44378
44385
44394
44404
44406
44409
44411
44418
44436
44439
44444
44450
44480
44483
44484
44486
44488
44495
44502
44506
44510
44532
44534
44536
44552
44558
44562
44565
44570
44572
44576
44577
44582
44590
44591
44592
44593
44594
44603
44604
44609
44611
44626
44631
44634
44639
44649
44654
44670
44678
44680
44688
44692
44693
44696
44701
44707
44709
44719
44725
44726
44732
44736
44737
44746
44753
44756
44759
44764
44775
44779
44782
44785
44798
44799
44802
44806
44809
44813
44815
44819
44821
44824
44831
44834
44844
44845
44849
44851
44856
44857
44858
44864
44873
44893
44896
44903
44909
44912
44918
44922
44934
44938
44939
44940
44944
44956
44957
44960
44962
44965
44969
44971
44972
44978
44982
44987
44994
44995
44999
45004
45005
45006
45015
45019
45031
45035
45039
45040
45042
45050
45053
45057
45059
45062
45069
45074
45078
45080
45081
45085
45087
45088
45090
45091
45092
45097
45103
45110
45112
45116
45120
45122
45129
45131
45132
45136
45146
45149
45157
45158
45162
45163
45165
45175
45178
45192
45196
45203
45208
45217
45218
45224
45227
45228
45232
45240
45243
45252
45254
45258
45259
45262
45263
45264
45265
45267
45270
45273
45283
45284
45288
45293
45302
45305
45316
45320
45323
45349
45354
45359
45375
45378
45379
45381
45384
45392
45397
45402
45404
45405
45406
45414
45416
45419
45422
45425
45427
45450
45453
45455
45459
45463
45465
45470
45480
45483
45487
45490
45494
45499
45501
45505
45521
45524
45534
45539
45547
45556
45560
45562
45571
45594
45596
45611
45616
45628
45639
45641
45651
45663
45664
45665
45672
45683
45714
45725
45729
45734
45745
45771
45774
45799
45800
45830
45831
45850
45882
45886
45890
45891
45894
45895
45904
45909
45912
45914
45926
45932
45944
45946
45956
45957
45960
45982
45983
46002
46008
46009
46010
46012
46015
46019
46020
46023
46025
46026
46027
46028
46034
46037
46038
46040
46048
46049
46051
46052
46053
46054
46056
46057
46059
46062
46063
46071
46073
46074
46075
46076
46081
46087
46089
46092
46098
46102
46105
46106
46108
46118
46119
46121
46122
46123
46124
46125
46127
46131
46133
46134
46137
46141
46143
46144
46145
46148
46151
46153
46154
46155
46161
46166
46171
46174
46178
46185
46189
46190
46191
46193
46194
46199
46200
46201
46209
46213
46216
46221
46223
46224
46226
46227
46229
46232
46233
46234
46235
46236
46238
46241
46244
46245
46247
46253
46254
46257
46269
46285
46286
46296
46297
46299
46300
46303
46311
46325
46326
46331
46338
46339
46342
46343
46347
46358
46359
46363
46364
46373
46377
46378
46381
46382
46385
46386
46390
46392
46395
46396
46397
46398
46401
46413
46418
46420
46421
46428
46433
46436
46437
46439
46443
46444
46450
46453
46454
46455
46456
46458
46459
46460
46461
46466
46467
46470
46478
46481
46486
46489
46493
46498
46506
46514
46528
46532
46538
46540
46552
46577
46582
46583
46588
46593
46600
46601
46627
46634
46642
46648
46649
46657
46662
46669
46674
46686
46704
46705
46706
46713
46715
46746
46748
46750
46763
46765
46779
46786
46790
46793
46795
46798
46804
46821
46822
46842
46845
46869
46872
46874
46886
46902
46905
46909
46922
46932
46946
46947
46954
46962
46964
46970
46974
46976
46980
46981
46983
46991
47014
47023
47029
47039
47042
47051
47056
47069
47073
47074
47088
47089
47096
47097
47099
47101
47105
47106
47112
47119
47121
47129
47141
47160
47174
47178
47183
47187
47191
47199
47202
47219
47228
47236
47237
47250
47266
47270
47273
47282
47286
47295
47301
47310
47311
47322
47325
47330
47331
47340
47349
47351
47355
47371
47375
47381
47384
47397
47407
47408
47423
47437
47441
47443
47451
47453
47458
47473
47482
47501
47503
47506
47507
47516
47520
47521
47522
47525
47530
47535
47540
47543
47549
47561
47562
47564
47568
47569
47585
47587
47591
47596
47597
47599
47601
47602
47608
47610
47611
47612
47614
47620
47623
47625
47631
47633
47635
47638
47639
47644
47646
47650
47651
47662
47664
47665
47667
47671
47672
47673
47674
47677
47678
47679
47682
47685
47687
47690
47691
47692
47693
47695
47701
47704
47707
47709
47710
47711
47718
47722
47724
47725
47727
47730
47735
47740
47751
47754
47757
47764
47767
47774
47775
47776
47783
47784
47786
47788
47789
47791
47801
47807
47809
47818
47819
47825
47828
47831
47835
47836
47842
47843
47847
47850
47851
47854
47855
47858
47859
47862
47871
47872
47876
47877
47880
47884
47886
47890
47891
47902
47906
47907
47909
47914
47918
47922
47926
47929
47934
47940
47942
47946
47952
47957
47958
47965
47966
47970
47972
47977
47980
47981
47993
47995
47996
48001
48002
48003
48007
48008
48012
48013
48014
48015
48016
48017
48018
48020
48024
48028
48030
48031
48033
48036
48050
48051
48052
48057
48058
48060
48062
48064
48067
48068
48070
48071
48074
48075
48076
48077
48078
48083
48085
48087
48088
48089
48091
48100
48101
48109
48117
48119
48121
48123
48126
48128
48137
48139
48140
48141
48142
48145
48146
48150
48151
48152
48154
48158
48159
48160
48162
48166
48168
48171
48172
48176
48182
48188
48193
48194
48195
48198
48199
48201
48204
48206
48207
48208
48211
48212
48215
48217
48218
48219
48226
48229
48231
48235
48241
48242
48244
48245
48246
48250
48251
48260
48264
48266
48268
48269
48272
48281
48284
48288
48291
48292
48293
48295
48296
48299
48303
48305
48306
48309
48311
48312
48313
48314
48315
48318
48319
48320
48321
48323
48330
48332
48334
48336
48337
48339
48340
48343
48344
48345
48349
48350
48351
48353
48354
48355
48357
48358
48359
48360
48362
48363
48366
48369
48370
48371
48372
48378
48379
48381
48384
48392
48394
48396
48398
48400
48405
48406
48407
48408
48411
48412
48413
48415
48416
48419
48421
48427
48439
48442
48450
48452
48453
48455
48456
48457
48459
48460
48461
48464
48466
48467
48469
48472
48473
48475
48478
48480
48489
48490
48493
48494
48496
48498
48499
48509
48512
48521
48541
48543
48551
48561
48576
48586
48592
48594
48596
48604
48606
48610
48614
48617
48629
48654
48660
48661
48662
48672
48677
48679
48684
48687
48699
48720
48728
48731
48754
48756
48758
48786
48790
48796
48800
48809
48812
48828
48832
48841
48845
48855
48857
48860
48870
48873
48883
48890
48892
48899
48907
48915
48918
48925
48932
48939
48943
48947
48960
48967
48969
48977
48986
48999
49000
49001
49003
49004
49007
49008
49010
49013
49014
49015
49016
49017
49018
49019
49021
49024
49025
49026
49028
49032
49033
49034
49035
49037
49038
49039
49040
49041
49043
49046
49047
49048
49051
49053
49054
49055
49057
49058
49061
49062
49071
49073
49074
49079
49081
49083
49085
49086
49087
49088
49089
49093
49097
49098
49099
49101
49104
49106
49108
49109
49110
49112
49114
49116
49119
49125
49127
49129
49131
49132
49134
49135
49136
49137
49138
49141
49142
49147
49151
49154
49157
49160
49163
49164
49165
49167
49168
49172
49175
49177
49179
49180
49182
49186
49188
49189
49192
49194
49195
49199
49200
49201
49202
49206
49208
49214
49217
49220
49221
49222
49223
49224
49225
49228
49230
49233
49234
49235
49236
49246
49248
49249
49250
49251
49252
49254
49259
49261
49263
49264
49265
49268
49269
49271
49273
49274
49275
49279
49280
49282
49285
49287
49290
49301
49302
49305
49309
49311
49314
49317
49323
49324
49325
49326
49327
49329
49332
49333
49338
49340
49345
49353
49357
49364
49365
49370
49375
49376
49378
49380
49383
49384
49385
49387
49389
49391
49393
49395
49397
49405
49406
49407
49408
49415
49418
49419
49420
49421
49425
49431
49433
49439
49440
49441
49443
49444
49445
49446
49454
49456
49459
49464
49465
49466
49467
49469
49470
49473
49474
49475
49478
49479
49482
49483
49486
49487
49488
49489
49492
49493
49494
49495
49496
49497
49500
49510
49512
49518
49519
49525
49532
49541
49542
49550
49551
49560
49561
49562
49564
49580
49582
49588
49589
49590
49593
49594
49597
49598
49599
49617
49620
49621
49623
49624
49629
49632
49633
49635
49642
49644
49660
49676
49678
49684
49702
49721
49731
49736
49739
49753
49754
49761
49768
49771
49781
49788
49800
49802
49806
49811
49822
49827
49830
49831
49845
49856
49857
49859
49862
49870
49884
49885
49900
49902
49908
49912
49915
49916
49931
49938
49943
49951
49954
49969
49977
49985
49987
49989
49991
49993
49994
49996
49999
