4
17
34
37
45
57
67
68
90
95
136
203
220
226
232
280
290
302
312
323
325
326
337
343
353
358
359
363
374
389
395
401
403
404
408
420
421
424
425
427
441
451
459
472
483
500
507
515
517
519
520
521
522
525
531
538
540
541
542
543
544
546
548
549
551
555
565
566
568
569
576
577
578
581
586
587
588
594
596
599
600
601
608
611
614
616
620
621
622
624
626
627
628
634
635
637
638
644
653
656
658
660
662
663
664
666
667
677
682
691
694
696
699
700
701
707
710
711
715
727
729
730
733
734
737
738
739
740
747
748
749
753
759
767
774
781
785
789
800
803
804
806
807
809
810
814
816
819
822
823
827
833
834
838
839
840
846
851
854
860
863
867
868
872
874
875
878
879
881
886
890
894
895
898
900
903
907
910
916
920
921
926
930
931
933
934
937
939
940
941
946
947
948
949
954
955
956
962
965
967
969
974
977
978
981
982
983
986
987
988
993
996
999
1007
1011
1022
1050
1077
1078
1081
1088
1090
1094
1095
1115
1125
1139
1143
1150
1160
1161
1164
1174
1200
1215
1226
1228
1233
1243
1258
1265
1293
1297
1301
1324
1343
1348
1356
1357
1361
1364
1367
1371
1398
1400
1405
1422
1427
1437
1440
1448
1449
1450
1454
1459
1468
1479
1499
1503
1504
1505
1506
1508
1517
1522
1529
1530
1535
1542
1543
1546
1556
1558
1559
1565
1574
1576
1583
1592
1602
1604
1610
1618
1619
1622
1623
1625
1626
1630
1643
1657
1682
1689
1693
1703
1713
1714
1717
1720
1721
1723
1724
1728
1731
1734
1738
1743
1745
1747
1760
1762
1768
1778
1781
1785
1789
1795
1796
1805
1808
1811
1812
1813
1815
1820
1823
1824
1830
1831
1846
1848
1851
1861
1865
1866
1867
1874
1896
1898
1911
1913
1919
1921
1922
1926
1929
1936
1940
1943
1950
1955
1956
1961
1962
1963
1969
1974
1978
1979
1987
1994
1998
2002
2008
2013
2018
2019
2022
2025
2031
2032
2034
2038
2044
2047
2048
2050
2054
2055
2062
2064
2065
2069
2075
2076
2077
2078
2079
2081
2084
2088
2089
2091
2093
2096
2097
2102
2107
2115
2118
2122
2123
2128
2130
2135
2138
2140
2141
2142
2144
2145
2146
2147
2152
2158
2161
2164
2166
2168
2171
2178
2182
2183
2185
2188
2196
2197
2205
2206
2207
2212
2223
2224
2227
2234
2235
2239
2241
2242
2248
2250
2255
2257
2260
2261
2262
2264
2266
2270
2271
2272
2273
2275
2284
2287
2292
2293
2297
2301
2306
2307
2311
2315
2323
2327
2331
2334
2336
2341
2342
2354
2367
2370
2374
2375
2377
2382
2384
2385
2394
2396
2398
2406
2407
2411
2417
2418
2419
2422
2425
2430
2431
2433
2436
2437
2438
2440
2442
2444
2448
2452
2456
2457
2462
2463
2468
2470
2471
2472
2475
2476
2477
2480
2483
2489
2490
2492
2497
2500
2502
2503
2504
2505
2517
2518
2523
2524
2525
2527
2529
2531
2535
2537
2541
2542
2546
2551
2553
2562
2563
2564
2569
2575
2576
2577
2578
2581
2582
2584
2587
2594
2599
2600
2603
2605
2607
2608
2615
2616
2617
2619
2621
2622
2625
2631
2632
2635
2636
2641
2647
2649
2650
2657
2658
2663
2668
2675
2677
2680
2682
2684
2687
2697
2701
2702
2703
2704
2705
2707
2710
2714
2715
2718
2722
2723
2730
2739
2741
2746
2747
2750
2756
2760
2763
2765
2766
2768
2786
2787
2788
2789
2790
2794
2796
2798
2800
2801
2804
2805
2807
2809
2814
2815
2818
2819
2820
2825
2831
2834
2835
2838
2842
2843
2844
2847
2850
2853
2855
2858
2862
2872
2874
2876
2887
2893
2894
2895
2897
2899
2915
2917
2918
2920
2921
2923
2926
2932
2936
2937
2942
2945
2947
2951
2954
2957
2961
2976
2982
2995
3001
3002
3005
3009
3011
3019
3020
3022
3025
3028
3036
3041
3053
3054
3061
3063
3066
3073
3081
3082
3087
3091
3096
3103
3105
3108
3109
3115
3119
3123
3126
3131
3133
3136
3140
3141
3142
3146
3147
3148
3151
3155
3157
3158
3159
3161
3165
3175
3185
3188
3198
3199
3201
3206
3215
3217
3228
3230
3233
3235
3242
3244
3250
3253
3254
3259
3261
3262
3264
3267
3270
3288
3289
3292
3295
3297
3309
3312
3318
3321
3327
3329
3330
3336
3340
3341
3344
3365
3368
3369
3370
3375
3378
3380
3386
3388
3391
3392
3396
3411
3414
3430
3432
3439
3459
3461
3467
3472
3473
3474
3483
3484
3485
3490
3493
3508
3509
3512
3520
3521
3525
3540
3542
3546
3556
3560
3571
3584
3589
3593
3602
3615
3622
3628
3633
3644
3645
3649
3652
3654
3659
3663
3671
3676
3679
3687
3697
3699
3714
3721
3722
3723
3733
3737
3743
3749
3750
3762
3773
3778
3783
3784
3788
3793
3802
3810
3816
3820
3823
3827
3836
3839
3843
3849
3854
3855
3858
3860
3861
3870
3871
3872
3877
3880
3881
3900
3901
3903
3904
3905
3906
3908
3909
3910
3911
3912
3913
3917
3922
3927
3929
3931
3932
3936
3937
3947
3954
3961
3963
3969
3986
3993
3997
4002
4004
4005
4006
4013
4015
4023
4026
4031
4032
4047
4048
4049
4050
4052
4055
4059
4061
4067
4077
4088
4090
4091
4092
4095
4103
4104
4111
4118
4125
4131
4135
4140
4143
4148
4149
4154
4156
4161
4167
4168
4171
4178
4179
4180
4183
4187
4193
4196
4197
4198
4203
4204
4207
4223
4226
4229
4231
4237
4240
4241
4243
4252
4254
4257
4263
4266
4272
4274
4278
4286
4287
4289
4295
4296
4299
4310
4324
4325
4328
4330
4340
4342
4344
4346
4351
4355
4357
4364
4368
4370
4381
4382
4383
4389
4393
4394
4395
4398
4399
4401
4406
4411
4412
4414
4418
4429
4439
4440
4445
4459
4463
4470
4476
4480
4481
4482
4485
4489
4496
4499
4506
4507
4508
4512
4519
4525
4527
4535
4542
4545
4549
4556
4559
4571
4572
4576
4585
4593
4594
4605
4607
4623
4631
4659
4660
4683
4696
4714
4724
4728
4734
4747
4758
4802
4804
4808
4813
4819
4820
4821
4848
4850
4887
4899
4913
4917
4918
4926
4929
4930
4943
4971
4973
4977
4986
5005
5007
5013
5015
5018
5040
5042
5043
5046
5048
5055
5057
5071
5072
5073
5080
5081
5083
5084
5099
5100
5107
5113
5115
5120
5121
5122
5129
5133
5135
5137
5140
5142
5150
5151
5155
5156
5158
5160
5162
5169
5175
5178
5192
5193
5195
5201
5214
5220
5223
5236
5240
5245
5249
5250
5255
5264
5266
5268
5269
5270
5278
5280
5287
5289
5297
5298
5300
5301
5311
5313
5319
5321
5324
5327
5328
5356
5364
5365
5371
5372
5374
5379
5391
5396
5401
5402
5407
5409
5410
5413
5417
5430
5431
5432
5434
5440
5441
5444
5445
5446
5448
5449
5452
5453
5455
5461
5464
5468
5469
5474
5476
5484
5488
5489
5491
5493
5538
5554
5570
5577
5579
5620
5623
5627
5631
5638
5639
5652
5656
5678
5683
5688
5707
5725
5734
5741
5757
5765
5768
5831
5847
5848
5855
5856
5858
5870
5873
5874
5875
5891
5931
5953
5978
6003
6006
6008
6012
6013
6021
6024
6027
6033
6035
6042
6047
6048
6051
6055
6058
6059
6061
6066
6069
6074
6078
6087
6090
6092
6094
6098
6100
6101
6102
6103
6110
6126
6128
6130
6132
6133
6135
6141
6149
6150
6151
6159
6164
6165
6168
6170
6174
6175
6178
6179
6190
6194
6196
6202
6204
6207
6216
6218
6226
6228
6236
6237
6246
6249
6253
6260
6270
6279
6284
6298
6301
6308
6314
6322
6325
6326
6333
6336
6341
6348
6351
6357
6358
6362
6368
6369
6370
6371
6381
6382
6384
6387
6389
6397
6404
6411
6413
6414
6417
6420
6431
6435
6441
6442
6451
6460
6465
6466
6467
6469
6473
6474
6475
6484
6489
6491
6492
6497
6499
6508
6510
6514
6519
6523
6524
6526
6529
6532
6533
6539
6540
6544
6553
6554
6556
6557
6563
6566
6567
6571
6572
6574
6579
6580
6581
6586
6589
6602
6612
6613
6616
6617
6618
6625
6627
6628
6633
6634
6636
6638
6641
6642
6643
6645
6650
6656
6665
6667
6672
6675
6677
6678
6690
6693
6694
6701
6702
6705
6706
6708
6709
6711
6712
6715
6724
6732
6736
6737
6739
6743
6744
6749
6753
6760
6761
6769
6770
6772
6774
6781
6783
6786
6790
6795
6796
6797
6799
6803
6805
6808
6810
6816
6818
6821
6822
6829
6833
6834
6835
6838
6839
6841
6842
6844
6848
6851
6853
6854
6855
6856
6857
6858
6862
6864
6865
6868
6870
6872
6877
6881
6885
6887
6893
6895
6897
6898
6900
6902
6904
6907
6908
6911
6913
6917
6919
6920
6922
6925
6927
6928
6929
6930
6941
6945
6946
6949
6953
6958
6959
6960
6962
6963
6964
6965
6966
6967
6968
6971
6972
6973
6974
6976
6978
6979
6980
6984
6985
6998
7007
7008
7011
7013
7015
7019
7027
7029
7043
7052
7055
7057
7059
7063
7065
7076
7093
7100
7101
7108
7111
7119
7126
7128
7145
7149
7154
7163
7171
7178
7179
7188
7196
7197
7201
7211
7228
7230
7235
7250
7253
7255
7263
7265
7266
7268
7271
7276
7280
7308
7310
7318
7322
7329
7340
7341
7342
7348
7349
7350
7353
7363
7364
7372
7375
7388
7398
7402
7405
7407
7415
7422
7428
7438
7440
7456
7464
7469
7471
7474
7484
7492
7500
7504
7507
7508
7512
7513
7515
7528
7541
7544
7548
7550
7555
7560
7562
7563
7583
7589
7597
7598
7599
7603
7604
7606
7608
7615
7616
7625
7629
7632
7635
7637
7639
7641
7642
7651
7659
7669
7677
7682
7686
7687
7692
7704
7707
7708
7712
7721
7724
7725
7727
7728
7730
7740
7751
7752
7762
7764
7765
7767
7771
7772
7776
7779
7780
7792
7793
7798
7799
7802
7804
7808
7809
7810
7812
7816
7817
7824
7825
7827
7828
7829
7836
7852
7869
7875
7877
7884
7886
7888
7889
7895
7896
7904
7905
7909
7934
7945
7946
7949
7952
7955
7957
7962
7970
7976
7977
7981
7984
7989
7990
7994
7995
7999
8003
8007
8014
8018
8025
8026
8037
8041
8048
8062
8064
8065
8070
8071
8076
8082
8090
8105
8111
8119
8120
8124
8129
8135
8146
8148
8152
8155
8161
8170
8178
8181
8185
8205
8210
8217
8222
8223
8231
8237
8240
8243
8247
8258
8271
8273
8276
8285
8301
8312
8315
8326
8335
8337
8341
8347
8373
8374
8378
8379
8382
8391
8392
8403
8406
8407
8414
8420
8429
8432
8436
8437
8442
8448
8450
8451
8452
8474
8478
8482
8499
8502
8503
8504
8506
8516
8528
8531
8532
8539
8548
8555
8562
8568
8588
8599
8626
8627
8633
8653
8671
8700
8717
8746
8762
8770
8796
8816
8839
8844
8854
8857
8861
8862
8870
8873
8884
8898
8909
8910
8916
8921
8960
8967
8992
8997
8998
9003
9004
9005
9007
9008
9010
9013
9016
9029
9056
9057
9071
9074
9078
9079
9085
9110
9112
9119
9124
9125
9128
9130
9131
9132
9134
9141
9143
9147
9149
9156
9161
9163
9164
9174
9176
9177
9180
9185
9188
9189
9190
9194
9198
9200
9202
9216
9224
9226
9234
9235
9236
9247
9250
9252
9253
9260
9264
9274
9283
9286
9287
9304
9306
9308
9312
9313
9325
9338
9346
9349
9353
9357
9363
9364
9367
9374
9377
9383
9385
9392
9394
9401
9402
9404
9407
9409
9410
9425
9428
9432
9435
9437
9442
9446
9447
9448
9450
9451
9453
9456
9458
9461
9463
9464
9472
9475
9476
9478
9481
9494
9497
9505
9518
9521
9523
9524
9530
9535
9542
9544
9546
9549
9553
9560
9565
9573
9587
9588
9592
9596
9606
9615
9619
9621
9625
9627
9639
9646
9653
9656
9658
9669
9670
9672
9673
9677
9689
9697
9701
9703
9705
9712
9717
9719
9723
9728
9734
9747
9755
9758
9763
9770
9775
9776
9778
9783
9786
9792
9796
9801
9803
9806
9808
9810
9817
9825
9846
9847
9849
9850
9853
9858
9861
9863
9865
9867
9879
9881
9882
9885
9886
9891
9899
9904
9909
9922
9940
9941
9944
9956
9967
9968
9971
9979
9993
9998
10009
10026
10035
10047
10056
10082
10113
10134
10148
10149
10150
10159
10186
10239
10278
10292
10295
10331
10345
10348
10354
10356
10382
10392
10401
10405
10418
10429
10440
10462
10463
10467
10478
10479
10480
10496
10498
10499
10506
10513
10522
10527
10529
10530
10533
10538
10540
10541
10552
10560
10566
10578
10590
10595
10597
10600
10602
10605
10621
10623
10630
10632
10645
10661
10662
10666
10670
10673
10684
10706
10719
10728
10742
10745
10759
10765
10777
10782
10786
10789
10797
10798
10804
10835
10851
10857
10863
10865
10866
10871
10875
10876
10884
10901
10903
10917
10919
10923
10928
10932
10936
10939
10945
10951
10952
10954
10958
10968
10990
10991
11004
11006
11008
11010
11013
11018
11026
11027
11028
11030
11037
11038
11043
11055
11064
11065
11071
11076
11078
11081
11082
11084
11089
11091
11093
11096
11098
11101
11102
11104
11105
11113
11115
11121
11123
11126
11130
11132
11133
11139
11140
11141
11145
11150
11151
11154
11157
11163
11167
11179
11191
11192
11193
11195
11197
11199
11201
11204
11212
11214
11219
11224
11229
11236
11242
11243
11245
11246
11254
11256
11268
11272
11274
11275
11284
11290
11291
11297
11299
11302
11304
11307
11318
11324
11334
11340
11341
11347
11348
11351
11353
11354
11355
11356
11359
11360
11361
11362
11363
11370
11378
11379
11380
11382
11383
11384
11387
11388
11390
11396
11397
11404
11408
11412
11418
11427
11428
11435
11438
11441
11442
11449
11450
11451
11452
11455
11459
11465
11469
11470
11473
11476
11478
11484
11494
11504
11507
11515
11519
11523
11539
11544
11545
11568
11576
11593
11594
11597
11605
11606
11619
11628
11645
11647
11657
11671
11676
11678
11681
11694
11696
11697
11699
11705
11707
11712
11731
11732
11737
11743
11750
11752
11760
11771
11772
11786
11795
11799
11800
11805
11818
11819
11826
11828
11829
11830
11833
11837
11841
11843
11845
11847
11848
11853
11856
11858
11866
11884
11885
11886
11904
11906
11912
11913
11925
11926
11931
11944
11980
11995
11996
12000
12004
12007
12011
12016
12021
12025
12029
12030
12032
12038
12043
12044
12049
12051
12058
12065
12069
12072
12080
12084
12089
12097
12106
12108
12116
12149
12153
12159
12162
12164
12166
12167
12170
12178
12182
12183
12187
12192
12194
12196
12199
12200
12203
12205
12210
12215
12220
12222
12230
12232
12233
12236
12243
12252
12253
12255
12257
12270
12276
12280
12285
12297
12300
12301
12302
12303
12305
12309
12312
12314
12315
12318
12325
12326
12329
12335
12340
12356
12365
12372
12373
12374
12383
12384
12391
12393
12396
12397
12398
12418
12423
12434
12437
12442
12443
12454
12460
12465
12470
12473
12475
12476
12484
12490
12491
12499
12507
12508
12513
12532
12534
12545
12555
12557
12567
12569
12570
12572
12573
12591
12592
12597
12599
12602
12603
12604
12605
12612
12613
12621
12624
12626
12638
12641
12644
12651
12652
12654
12655
12658
12671
12672
12674
12678
12687
12692
12695
12711
12715
12718
12720
12721
12726
12728
12734
12735
12746
12748
12755
12757
12759
12761
12777
12789
12812
12816
12818
12823
12831
12832
12834
12840
12843
12845
12847
12857
12858
12860
12868
12872
12876
12878
12880
12887
12888
12892
12897
12900
12910
12920
12921
12931
12937
12941
12943
12948
12957
12963
12968
12971
12973
12977
12978
12988
12991
13001
13006
13007
13008
13009
13010
13011
13012
13015
13016
13018
13019
13020
13022
13023
13026
13028
13032
13033
13034
13035
13038
13043
13044
13046
13049
13050
13051
13053
13056
13057
13058
13060
13062
13064
13065
13066
13070
13076
13078
13083
13086
13089
13090
13093
13096
13101
13103
13104
13106
13108
13109
13112
13115
13116
13121
13126
13127
13129
13133
13134
13135
13136
13137
13138
13140
13142
13144
13149
13152
13154
13161
13165
13166
13169
13170
13174
13175
13177
13178
13180
13182
13185
13186
13191
13194
13195
13197
13200
13202
13205
13206
13208
13211
13212
13213
13215
13216
13217
13219
13221
13224
13226
13230
13232
13233
13236
13237
13240
13241
13244
13245
13246
13249
13250
13251
13252
13254
13255
13257
13259
13267
13268
13269
13270
13271
13272
13273
13274
13280
13282
13285
13293
13294
13295
13300
13302
13303
13304
13311
13316
13318
13321
13324
13325
13327
13333
13335
13339
13340
13342
13343
13344
13345
13347
13348
13349
13350
13354
13355
13358
13360
13364
13365
13367
13372
13373
13374
13376
13378
13382
13383
13384
13385
13387
13388
13394
13396
13397
13400
13403
13405
13407
13408
13410
13411
13414
13415
13419
13424
13427
13428
13431
13432
13433
13435
13436
13446
13448
13449
13454
13456
13460
13463
13465
13466
13471
13473
13474
13475
13476
13479
13480
13481
13482
13483
13484
13486
13487
13489
13494
13497
13498
13499
13507
13508
13510
13511
13516
13517
13523
13525
13536
13537
13544
13547
13548
13551
13555
13561
13563
13567
13569
13570
13576
13580
13582
13583
13586
13589
13591
13593
13595
13596
13598
13600
13601
13603
13605
13611
13614
13617
13618
13621
13623
13624
13625
13633
13635
13636
13637
13638
13643
13646
13649
13651
13652
13654
13655
13657
13661
13662
13664
13667
13668
13669
13670
13678
13681
13682
13683
13690
13694
13701
13702
13704
13708
13709
13711
13719
13720
13721
13722
13723
13724
13727
13729
13730
13737
13740
13742
13745
13746
13749
13752
13755
13763
13765
13767
13768
13769
13770
13778
13782
13783
13784
13790
13792
13794
13798
13805
13806
13807
13808
13810
13815
13816
13817
13819
13822
13826
13832
13834
13835
13840
13841
13842
13843
13852
13855
13863
13864
13871
13872
13875
13876
13878
13883
13884
13891
13892
13899
13903
13904
13912
13914
13915
13918
13921
13924
13928
13932
13935
13936
13939
13940
13942
13944
13949
13950
13952
13960
13962
13966
13969
13971
13973
13975
13976
13979
13980
13984
13985
13987
13988
13989
13990
13991
13993
13998
14003
14017
14018
14019
14028
14041
14051
14060
14072
14078
14080
14088
14089
14105
14106
14115
14120
14151
14158
14163
14167
14171
14175
14177
14179
14189
14197
14198
14211
14219
14228
14229
14246
14250
14251
14252
14263
14274
14276
14284
14296
14306
14309
14311
14315
14319
14329
14331
14334
14343
14346
14352
14356
14360
14362
14371
14378
14384
14391
14400
14406
14414
14427
14429
14433
14439
14445
14459
14463
14479
14482
14486
14487
14488
14490
14491
14496
14499
14501
14511
14518
14545
14547
14548
14550
14554
14559
14583
14584
14587
14588
14602
14606
14609
14617
14621
14623
14625
14632
14658
14662
14668
14669
14673
14676
14681
14683
14690
14693
14694
14701
14716
14731
14744
14746
14752
14756
14759
14761
14767
14772
14777
14778
14781
14784
14808
14811
14828
14838
14844
14847
14853
14868
14873
14879
14883
14885
14898
14901
14905
14906
14933
14936
14940
14945
14952
14953
14954
14956
14968
14974
14978
14985
14987
14989
14994
14995
14999
15016
15038
15066
15077
15097
15104
15131
15133
15144
15145
15154
15161
15172
15179
15217
15233
15235
15236
15262
15268
15279
15290
15300
15309
15315
15320
15323
15324
15338
15363
15386
15402
15418
15432
15438
15444
15451
15454
15469
15504
15509
15529
15535
15543
15555
15562
15565
15566
15573
15581
15616
15619
15626
15640
15641
15642
15653
15677
15680
15690
15692
15698
15715
15719
15729
15738
15758
15783
15785
15795
15819
15833
15839
15846
15851
15855
15856
15858
15865
15885
15887
15889
15892
15901
15905
15915
15919
15920
15921
15925
15926
15929
15939
15941
15944
15954
15974
15978
15983
15997
16000
16008
16015
16016
16020
16024
16026
16027
16029
16035
16042
16045
16048
16049
16050
16051
16054
16057
16062
16064
16065
16067
16069
16071
16078
16079
16080
16092
16093
16094
16099
16105
16111
16112
16116
16122
16123
16124
16126
16127
16129
16131
16133
16134
16135
16136
16146
16152
16160
16161
16163
16165
16169
16175
16178
16179
16180
16181
16188
16189
16191
16201
16204
16206
16207
16209
16211
16212
16215
16220
16221
16224
16225
16227
16229
16230
16232
16233
16234
16239
16246
16251
16256
16259
16264
16277
16281
16292
16296
16298
16300
16304
16305
16306
16307
16308
16311
16313
16314
16317
16319
16326
16335
16336
16340
16346
16354
16355
16356
16366
16375
16378
16381
16384
16386
16390
16393
16402
16403
16406
16408
16409
16413
16417
16425
16427
16433
16438
16441
16447
16448
16451
16455
16456
16458
16460
16467
16473
16482
16483
16487
16490
16494
16498
16501
16502
16503
16508
16510
16515
16516
16520
16521
16528
16529
16531
16537
16539
16544
16548
16549
16552
16554
16568
16573
16594
16596
16597
16599
16606
16615
16616
16617
16623
16629
16635
16639
16644
16653
16658
16659
16665
16672
16674
16675
16676
16677
16697
16712
16718
16733
16736
16745
16751
16752
16764
16767
16778
16780
16781
16787
16800
16801
16816
16820
16827
16831
16838
16845
16848
16852
16855
16858
16859
16869
16871
16876
16878
16880
16883
16889
16891
16894
16896
16903
16904
16906
16910
16915
16919
16924
16926
16929
16940
16943
16947
16949
16951
16958
16961
16969
16970
16971
16975
16999
17000
17007
17012
17021
17022
17023
17031
17035
17042
17044
17045
17051
17053
17056
17058
17059
17067
17068
17070
17080
17082
17083
17085
17087
17089
17091
17095
17101
17111
17112
17117
17119
17121
17126
17127
17128
17129
17131
17132
17135
17139
17146
17150
17153
17154
17156
17163
17169
17172
17174
17175
17178
17179
17184
17187
17189
17193
17194
17195
17196
17200
17203
17206
17207
17208
17214
17218
17223
17235
17237
17239
17247
17250
17254
17255
17267
17278
17283
17295
17297
17301
17303
17306
17308
17310
17311
17313
17319
17321
17325
17339
17342
17344
17346
17352
17358
17362
17364
17368
17371
17372
17376
17378
17379
17383
17393
17396
17400
17401
17415
17422
17423
17428
17431
17432
17433
17436
17440
17441
17446
17451
17453
17455
17458
17463
17464
17470
17472
17475
17476
17477
17478
17479
17483
17496
17497
17502
17527
17530
17539
17545
17565
17574
17576
17588
17594
17618
17621
17629
17633
17644
17714
17734
17744
17750
17768
17789
17791
17810
17860
17878
17879
17883
17889
17890
17902
17935
17945
17963
17964
17983
17991
17998
18001
18002
18004
18017
18020
18026
18032
18036
18039
18046
18048
18052
18054
18058
18060
18068
18070
18074
18075
18077
18078
18082
18083
18084
18085
18091
18095
18097
18104
18107
18119
18123
18125
18129
18134
18135
18141
18142
18143
18146
18149
18151
18153
18166
18172
18173
18178
18181
18192
18198
18199
18201
18203
18206
18207
18212
18221
18222
18223
18226
18228
18239
18240
18242
18246
18249
18252
18265
18266
18283
18285
18289
18290
18291
18294
18295
18298
18299
18303
18304
18306
18309
18314
18317
18320
18323
18324
18325
18334
18335
18337
18338
18339
18341
18351
18354
18363
18371
18374
18379
18380
18381
18382
18385
18386
18389
18392
18396
18397
18400
18402
18407
18417
18418
18427
18429
18430
18431
18435
18441
18442
18445
18448
18451
18455
18456
18460
18469
18478
18479
18480
18481
18486
18489
18490
18494
18501
18503
18514
18527
18528
18531
18533
18536
18548
18558
18559
18568
18574
18577
18578
18582
18597
18601
18602
18605
18606
18613
18618
18620
18629
18637
18641
18643
18645
18656
18668
18670
18676
18677
18697
18698
18707
18714
18723
18728
18737
18738
18739
18749
18751
18762
18772
18781
18782
18787
18791
18793
18810
18812
18815
18830
18834
18835
18840
18844
18849
18870
18872
18876
18883
18887
18903
18911
18921
18922
18936
18940
18946
18958
18960
18980
18984
18985
18986
18987
18988
19002
19009
19010
19012
19016
19021
19029
19030
19032
19033
19037
19038
19039
19040
19043
19047
19049
19052
19058
19059
19060
19062
19070
19074
19076
19078
19085
19086
19090
19092
19094
19096
19101
19111
19114
19115
19117
19119
19120
19124
19125
19126
19128
19130
19133
19137
19140
19143
19155
19156
19158
19162
19170
19182
19186
19187
19190
19197
19199
19200
19204
19210
19215
19217
19233
19236
19241
19242
19251
19252
19261
19268
19270
19275
19285
19290
19297
19300
19303
19305
19320
19322
19325
19332
19338
19350
19352
19354
19364
19365
19366
19372
19376
19378
19383
19384
19398
19400
19406
19407
19410
19413
19414
19415
19417
19418
19425
19428
19435
19438
19442
19450
19453
19455
19462
19468
19472
19495
19496
19500
19502
19516
19520
19522
19542
19545
19546
19564
19567
19571
19579
19587
19589
19597
19609
19612
19618
19622
19625
19626
19633
19642
19647
19651
19655
19659
19662
19677
19679
19681
19690
19691
19708
19709
19719
19726
19728
19729
19739
19743
19745
19747
19748
19761
19773
19780
19782
19789
19793
19794
19796
19813
19817
19830
19834
19839
19847
19853
19860
19872
19879
19891
19902
19907
19910
19915
19916
19922
19928
19929
19936
19937
19941
19943
19944
19947
19954
19961
19971
19976
19980
19982
19984
19993
20001
20002
20004
20006
20007
20009
20011
20017
20022
20025
20028
20033
20063
20065
20079
20088
20098
20124
20125
20139
20143
20145
20148
20166
20173
20177
20183
20191
20228
20238
20245
20252
20273
20278
20317
20322
20323
20324
20328
20344
20354
20357
20373
20382
20390
20405
20418
20423
20427
20445
20452
20455
20466
20476
20480
20482
20483
20490
20491
20511
20516
20525
20527
20538
20540
20549
20556
20594
20599
20614
20626
20627
20630
20643
20647
20662
20668
20671
20676
20680
20688
20698
20724
20727
20732
20741
20742
20750
20762
20779
20784
20785
20786
20791
20800
20819
20825
20827
20831
20843
20845
20847
20849
20850
20858
20860
20871
20879
20884
20887
20895
20899
20906
20909
20914
20915
20918
20924
20929
20930
20948
20962
20967
20969
20973
20985
20986
20987
20998
21000
21001
21014
21020
21023
21025
21031
21034
21039
21044
21051
21052
21056
21058
21067
21069
21074
21076
21082
21085
21099
21105
21115
21119
21128
21132
21143
21146
21148
21149
21163
21166
21167
21168
21174
21178
21180
21189
21190
21193
21194
21196
21198
21199
21200
21201
21204
21209
21215
21218
21220
21222
21223
21242
21243
21245
21247
21256
21261
21277
21283
21286
21287
21288
21290
21299
21316
21329
21330
21333
21338
21346
21349
21352
21357
21364
21370
21384
21386
21403
21405
21407
21409
21410
21417
21419
21420
21429
21432
21436
21439
21445
21447
21449
21451
21459
21473
21474
21479
21487
21490
21513
21514
21515
21518
21519
21524
21528
21529
21534
21538
21542
21545
21546
21551
21552
21553
21558
21559
21561
21568
21576
21582
21583
21586
21588
21592
21594
21596
21597
21598
21600
21603
21605
21611
21612
21613
21614
21618
21619
21621
21622
21623
21624
21627
21629
21640
21642
21643
21644
21646
21648
21649
21657
21660
21665
21670
21671
21673
21674
21675
21676
21678
21679
21680
21682
21684
21694
21695
21701
21702
21706
21711
21712
21717
21720
21722
21726
21728
21733
21734
21736
21738
21740
21743
21744
21750
21752
21756
21757
21758
21761
21762
21764
21765
21779
21781
21790
21792
21796
21799
21801
21803
21806
21815
21816
21817
21822
21825
21826
21828
21829
21832
21840
21841
21844
21845
21849
21850
21852
21854
21855
21856
21861
21881
21883
21894
21897
21901
21906
21907
21908
21910
21912
21923
21924
21928
21933
21936
21937
21940
21941
21944
21947
21954
21955
21957
21961
21965
21966
21967
21971
21972
21975
21976
21977
21978
21980
21989
21993
21994
21999
22007
22020
22026
22034
22039
22048
22053
22054
22058
22063
22065
22067
22068
22070
22072
22079
22084
22090
22096
22097
22103
22105
22131
22138
22148
22150
22154
22157
22159
22160
22166
22169
22173
22175
22180
22184
22187
22196
22205
22206
22232
22239
22243
22244
22245
22250
22251
22254
22258
22261
22265
22278
22286
22301
22307
22309
22321
22335
22339
22345
22346
22366
22371
22380
22386
22394
22397
22400
22401
22405
22407
22430
22442
22444
22447
22454
22461
22470
22472
22482
22492
22495
22502
22504
22508
22512
22514
22519
22522
22523
22524
22529
22533
22536
22540
22541
22543
22547
22548
22549
22551
22553
22554
22561
22563
22566
22572
22573
22575
22576
22579
22582
22583
22590
22593
22596
22599
22622
22626
22637
22641
22643
22645
22652
22657
22659
22665
22666
22670
22675
22676
22678
22681
22684
22689
22690
22699
22704
22707
22711
22712
22722
22724
22725
22732
22737
22738
22742
22746
22748
22749
22752
22753
22754
22759
22761
22769
22771
22773
22775
22778
22782
22785
22789
22794
22797
22800
22801
22803
22806
22809
22811
22812
22814
22817
22818
22819
22821
22825
22831
22833
22836
22837
22840
22844
22848
22849
22850
22852
22864
22865
22871
22873
22882
22886
22890
22893
22898
22899
22900
22903
22908
22909
22911
22912
22917
22921
22924
22928
22934
22938
22941
22942
22945
22949
22951
22952
22953
22954
22955
22956
22957
22961
22964
22965
22967
22968
22974
22976
22978
22984
22989
22990
22992
23033
23038
23058
23078
23096
23141
23143
23149
23154
23156
23162
23165
23172
23193
23207
23214
23215
23234
23244
23272
23279
23297
23301
23314
23333
23335
23368
23377
23397
23401
23408
23418
23443
23494
23501
23510
23513
23537
23545
23546
23549
23560
23561
23565
23568
23573
23576
23579
23583
23584
23588
23589
23594
23596
23601
23604
23626
23629
23631
23635
23651
23653
23659
23664
23666
23670
23674
23707
23709
23715
23716
23726
23739
23743
23747
23750
23754
23755
23757
23762
23771
23775
23776
23789
23792
23794
23797
23803
23810
23813
23816
23825
23832
23841
23853
23859
23862
23863
23869
23872
23874
23880
23900
23901
23904
23914
23915
23916
23926
23927
23932
23936
23950
23958
23964
23982
23987
23990
24004
24007
24008
24009
24015
24021
24024
24036
24037
24041
24042
24043
24046
24049
24050
24055
24061
24064
24066
24067
24068
24070
24073
24075
24080
24082
24083
24085
24087
24091
24094
24096
24097
24104
24105
24106
24107
24111
24116
24118
24119
24120
24123
24127
24128
24131
24137
24138
24139
24143
24145
24148
24152
24153
24164
24165
24171
24177
24179
24181
24183
24185
24186
24194
24195
24196
24207
24208
24210
24213
24214
24220
24222
24223
24227
24230
24234
24235
24243
24244
24245
24246
24247
24250
24255
24257
24264
24266
24268
24270
24271
24276
24277
24278
24280
24282
24285
24288
24290
24291
24292
24293
24294
24296
24297
24302
24304
24306
24311
24313
24314
24316
24319
24320
24326
24329
24337
24338
24340
24343
24347
24348
24352
24358
24359
24362
24363
24368
24370
24373
24375
24377
24378
24379
24382
24383
24384
24393
24397
24403
24410
24415
24419
24420
24424
24426
24428
24431
24432
24435
24437
24445
24449
24458
24465
24467
24468
24469
24470
24474
24475
24477
24478
24480
24481
24488
24491
24492
24499
24500
24501
24503
24504
24506
24507
24508
24512
24513
24515
24516
24517
24520
24524
24527
24529
24531
24532
24537
24539
24541
24543
24545
24547
24550
24551
24552
24553
24554
24560
24565
24568
24570
24571
24575
24576
24579
24588
24590
24591
24593
24599
24604
24605
24607
24608
24611
24612
24619
24620
24622
24623
24628
24634
24635
24637
24639
24641
24642
24651
24654
24655
24661
24665
24666
24667
24669
24674
24680
24684
24685
24686
24693
24694
24697
24699
24703
24705
24710
24713
24715
24721
24725
24726
24727
24731
24733
24734
24736
24737
24739
24742
24743
24745
24746
24749
24750
24752
24754
24755
24760
24765
24766
24768
24771
24775
24776
24778
24782
24784
24786
24789
24797
24800
24802
24803
24807
24813
24815
24816
24817
24818
24820
24822
24823
24824
24827
24829
24830
24834
24835
24837
24838
24839
24840
24845
24854
24855
24860
24868
24870
24875
24881
24882
24883
24884
24888
24890
24892
24894
24897
24901
24903
24904
24905
24906
24907
24908
24910
24912
24913
24914
24920
24924
24928
24930
24933
24934
24936
24940
24942
24945
24947
24948
24949
24951
24953
24954
24958
24960
24961
24962
24963
24966
24967
24979
24980
24981
24982
24983
24986
24988
24991
24995
24996
24999
25002
25008
25010
25015
25021
25023
25031
25034
25037
25043
25049
25051
25055
25060
25066
25070
25073
25074
25084
25087
25088
25096
25103
25104
25108
25111
25123
25124
25128
25132
25136
25148
25151
25155
25161
25162
25164
25174
25175
25177
25178
25191
25192
25194
25196
25197
25201
25208
25212
25214
25219
25226
25228
25233
25234
25239
25240
25244
25255
25273
25278
25290
25293
25297
25299
25300
25302
25305
25342
25349
25350
25354
25356
25357
25359
25362
25363
25365
25366
25376
25377
25383
25389
25395
25397
25398
25415
25416
25417
25419
25425
25435
25437
25439
25452
25461
25465
25469
25478
25489
25493
25496
25504
25509
25511
25513
25515
25530
25536
25537
25542
25549
25554
25561
25562
25565
25568
25569
25573
25578
25581
25583
25589
25595
25598
25602
25603
25606
25608
25612
25619
25620
25633
25634
25643
25648
25653
25676
25679
25713
25716
25717
25719
25727
25730
25734
25737
25744
25749
25751
25752
25759
25763
25764
25768
25770
25772
25777
25781
25784
25789
25791
25804
25818
25823
25825
25827
25835
25837
25838
25840
25854
25855
25864
25867
25872
25873
25882
25886
25893
25895
25930
25931
25933
25943
25949
25954
25960
25971
25973
25976
25983
25987
25988
25992
25995
25998
26015
26022
26023
26032
26049
26055
26102
26111
26118
26128
26131
26136
26142
26148
26178
26180
26188
26197
26201
26205
26214
26225
26226
26230
26231
26242
26262
26266
26288
26291
26305
26319
26346
26398
26403
26419
26435
26442
26447
26452
26464
26476
26486
26491
26513
26522
26534
26542
26558
26581
26583
26608
26650
26685
26695
26720
26732
26739
26755
26756
26788
26807
26814
26854
26870
26877
26918
26922
26997
27001
27007
27009
27011
27012
27014
27016
27021
27024
27026
27030
27031
27035
27036
27040
27044
27050
27051
27052
27053
27065
27071
27072
27073
27074
27077
27079
27082
27083
27092
27098
27099
27101
27104
27107
27108
27112
27117
27124
27127
27128
27134
27135
27140
27143
27145
27150
27153
27160
27161
27164
27166
27172
27179
27180
27183
27184
27188
27193
27195
27196
27200
27206
27207
27210
27211
27217
27218
27220
27222
27224
27228
27236
27237
27239
27244
27251
27254
27267
27271
27279
27280
27281
27284
27286
27294
27295
27298
27301
27302
27304
27306
27307
27312
27314
27315
27316
27318
27324
27325
27326
27327
27332
27333
27337
27339
27348
27352
27353
27354
27356
27358
27361
27363
27364
27365
27368
27370
27371
27375
27379
27380
27383
27385
27393
27395
27399
27400
27402
27409
27410
27411
27412
27415
27417
27418
27419
27420
27427
27429
27431
27433
27434
27437
27438
27446
27454
27457
27461
27465
27466
27468
27469
27472
27478
27479
27480
27482
27483
27484
27485
27486
27490
27497
27499
27505
27511
27517
27519
27523
27529
27533
27538
27542
27545
27549
27560
27563
27565
27569
27570
27572
27586
27587
27589
27590
27591
27593
27607
27627
27637
27639
27640
27655
27656
27664
27668
27672
27677
27685
27686
27695
27702
27703
27709
27711
27737
27744
27748
27750
27751
27753
27757
27758
27759
27761
27765
27769
27770
27775
27786
27792
27796
27798
27799
27809
27812
27813
27815
27816
27817
27818
27825
27835
27842
27845
27851
27854
27864
27866
27875
27876
27880
27884
27893
27897
27903
27906
27907
27912
27915
27927
27932
27935
27946
27951
27954
27958
27959
27960
27964
27965
27972
27982
27983
27985
27987
27989
27991
27993
27996
27997
28004
28021
28058
28063
28084
28090
28098
28101
28103
28109
28114
28120
28140
28142
28144
28173
28177
28183
28214
28215
28218
28219
28228
28231
28234
28250
28253
28276
28281
28301
28303
28307
28322
28324
28332
28338
28343
28354
28357
28364
28376
28377
28387
28411
28415
28422
28423
28429
28430
28442
28459
28464
28481
28490
28494
28495
28498
28503
28509
28511
28513
28515
28517
28521
28529
28530
28533
28535
28553
28558
28559
28563
28570
28571
28572
28573
28574
28591
28594
28606
28621
28625
28636
28644
28646
28652
28653
28655
28656
28663
28683
28684
28685
28687
28689
28693
28697
28700
28703
28719
28721
28723
28727
28738
28742
28744
28749
28756
28773
28775
28776
28786
28795
28805
28818
28819
28824
28825
28827
28829
28836
28839
28842
28858
28866
28872
28874
28882
28888
28893
28909
28918
28923
28924
28925
28930
28932
28935
28947
28954
28960
28964
28965
28969
28971
28980
28989
28997
28998
28999
29000
29030
29040
29053
29059
29069
29076
29103
29114
29120
29122
29131
29136
29147
29154
29155
29168
29188
29209
29210
29224
29239
29266
29285
29287
29290
29302
29310
29318
29333
29336
29344
29345
29353
29359
29367
29368
29370
29378
29380
29388
29399
29413
29425
29445
29461
29490
29498
29501
29521
29527
29530
29542
29547
29550
29558
29569
29575
29578
29589
29592
29595
29596
29601
29602
29606
29609
29610
29614
29618
29624
29627
29628
29630
29631
29638
29641
29650
29659
29668
29669
29670
29673
29676
29682
29685
29688
29692
29694
29696
29699
29706
29722
29730
29732
29737
29742
29743
29745
29749
29755
29767
29770
29778
29783
29786
29794
29799
29806
29811
29814
29817
29825
29836
29837
29838
29841
29854
29857
29867
29869
29882
29888
29890
29895
29900
29901
29903
29918
29921
29922
29923
29924
29926
29928
29930
29946
29948
29953
29959
29968
29974
29976
29988
29989
29993
29998
30014
30016
30038
30039
30045
30048
30051
30060
30066
30068
30071
30072
30076
30090
30095
30096
30103
30124
30139
30144
30148
30153
30157
30167
30169
30171
30182
30190
30193
30197
30199
30205
30229
30243
30246
30255
30286
30293
30296
30321
30323
30324
30334
30335
30343
30344
30350
30351
30355
30359
30365
30380
30382
30384
30388
30390
30391
30394
30397
30402
30408
30418
30429
30431
30433
30438
30446
30449
30450
30453
30470
30477
30482
30498
30500
30504
30505
30506
30507
30515
30516
30525
30530
30532
30533
30535
30537
30538
30539
30540
30546
30550
30554
30555
30565
30569
30585
30593
30594
30601
30606
30617
30619
30625
30629
30631
30641
30646
30649
30658
30661
30663
30666
30668
30671
30679
30681
30682
30684
30686
30688
30691
30692
30693
30694
30695
30697
30705
30706
30709
30710
30712
30714
30715
30720
30722
30725
30727
30736
30739
30746
30747
30750
30751
30753
30754
30758
30762
30766
30768
30769
30773
30780
30791
30794
30795
30799
30809
30819
30820
30822
30832
30833
30839
30840
30843
30844
30845
30853
30854
30868
30869
30870
30873
30878
30892
30893
30896
30897
30898
30908
30910
30915
30917
30918
30924
30928
30929
30944
30946
30948
30951
30952
30953
30954
30955
30957
30958
30966
30968
30969
30977
30983
30984
30991
30992
30997
31007
31008
31013
31024
31025
31026
31031
31038
31044
31045
31050
31061
31073
31075
31085
31089
31090
31116
31119
31124
31127
31130
31132
31145
31147
31154
31160
31163
31167
31180
31195
31209
31216
31222
31231
31233
31246
31251
31253
31260
31261
31271
31277
31279
31282
31283
31284
31286
31291
31298
31299
31301
31308
31309
31311
31313
31326
31327
31341
31349
31354
31357
31362
31367
31382
31386
31394
31395
31415
31421
31426
31433
31437
31438
31439
31443
31444
31454
31461
31478
31479
31480
31482
31489
31490
31493
31495
31497
31499
31501
31510
31511
31514
31515
31518
31520
31522
31523
31527
31532
31534
31536
31540
31545
31546
31551
31552
31558
31571
31574
31578
31586
31598
31599
31600
31606
31612
31613
31615
31617
31618
31619
31622
31625
31627
31629
31649
31651
31653
31655
31658
31662
31667
31668
31673
31674
31679
31680
31681
31685
31686
31688
31691
31692
31694
31699
31700
31707
31710
31711
31713
31719
31722
31724
31725
31732
31734
31737
31741
31746
31749
31750
31754
31757
31761
31762
31763
31765
31771
31774
31778
31781
31786
31787
31788
31789
31790
31805
31806
31811
31815
31818
31821
31824
31825
31826
31827
31829
31830
31831
31833
31834
31836
31846
31847
31849
31850
31852
31854
31858
31859
31862
31869
31872
31874
31878
31881
31884
31885
31887
31894
31897
31905
31906
31910
31913
31914
31917
31919
31920
31921
31924
31925
31926
31928
31930
31940
31941
31942
31943
31944
31948
31960
31963
31966
31969
31970
31974
31986
31988
31990
31993
32000
32002
32005
32010
32013
32015
32017
32022
32025
32027
32028
32032
32033
32035
32044
32056
32057
32065
32073
32075
32076
32080
32083
32084
32086
32088
32094
32100
32102
32104
32105
32116
32118
32120
32123
32130
32133
32137
32141
32142
32145
32148
32155
32159
32160
32164
32168
32171
32174
32175
32186
32195
32196
32202
32207
32211
32212
32224
32232
32234
32238
32240
32245
32258
32259
32262
32264
32266
32271
32275
32276
32280
32285
32288
32291
32292
32302
32305
32307
32315
32321
32322
32323
32324
32329
32330
32331
32337
32341
32347
32351
32352
32353
32360
32364
32369
32375
32392
32396
32399
32408
32412
32415
32416
32420
32425
32430
32431
32435
32442
32443
32444
32450
32451
32458
32465
32466
32468
32471
32474
32475
32478
32486
32490
32498
32500
32501
32502
32504
32511
32522
32524
32533
32536
32542
32549
32560
32566
32567
32568
32581
32582
32583
32588
32589
32601
32608
32617
32621
32624
32626
32631
32636
32642
32643
32645
32646
32647
32648
32649
32650
32655
32658
32659
32660
32661
32664
32665
32669
32672
32675
32681
32692
32693
32705
32711
32714
32715
32722
32736
32744
32748
32750
32752
32755
32756
32761
32767
32768
32772
32781
32782
32785
32788
32802
32815
32820
32822
32828
32833
32842
32845
32846
32848
32849
32851
32853
32854
32857
32858
32874
32876
32878
32882
32894
32895
32901
32906
32907
32910
32912
32915
32918
32923
32936
32941
32945
32962
32972
32973
32990
32995
33003
33004
33007
33008
33009
33011
33012
33014
33015
33017
33024
33026
33027
33029
33034
33038
33039
33041
33048
33052
33056
33057
33063
33066
33067
33068
33072
33077
33082
33083
33084
33085
33087
33094
33097
33098
33099
33105
33106
33107
33110
33111
33114
33119
33120
33121
33122
33124
33127
33128
33130
33132
33137
33138
33140
33142
33145
33146
33148
33149
33150
33151
33154
33155
33158
33159
33160
33161
33171
33172
33173
33177
33179
33180
33184
33189
33190
33191
33196
33199
33200
33201
33203
33207
33208
33210
33212
33214
33216
33217
33221
33222
33226
33227
33232
33236
33238
33241
33242
33245
33248
33253
33255
33259
33265
33268
33275
33278
33284
33286
33294
33299
33301
33302
33304
33305
33307
33309
33311
33312
33314
33319
33327
33330
33331
33332
33336
33339
33341
33346
33348
33349
33351
33353
33355
33357
33361
33363
33364
33375
33377
33378
33379
33383
33386
33387
33390
33391
33394
33401
33403
33405
33406
33407
33408
33411
33413
33414
33416
33417
33419
33421
33422
33424
33428
33429
33431
33432
33433
33434
33435
33439
33443
33445
33446
33447
33452
33454
33456
33465
33466
33470
33475
33478
33480
33486
33495
33496
33499
33507
33509
33515
33516
33517
33523
33527
33535
33539
33540
33544
33552
33553
33555
33557
33570
33572
33576
33578
33581
33588
33589
33590
33591
33592
33600
33603
33609
33610
33611
33619
33624
33633
33641
33651
33657
33659
33664
33666
33667
33668
33670
33671
33677
33678
33688
33693
33698
33700
33703
33709
33710
33712
33725
33732
33740
33748
33750
33755
33758
33760
33761
33766
33767
33774
33775
33776
33777
33781
33784
33785
33786
33793
33799
33800
33805
33806
33810
33814
33816
33819
33826
33844
33845
33852
33854
33858
33864
33875
33881
33882
33884
33885
33890
33894
33914
33915
33919
33925
33926
33928
33937
33940
33946
33947
33949
33951
33952
33953
33955
33956
33957
33959
33960
33965
33973
33974
33988
33990
33996
34001
34008
34009
34011
34017
34039
34047
34049
34060
34066
34082
34099
34108
34135
34145
34149
34152
34155
34161
34163
34167
34172
34186
34187
34201
34203
34216
34220
34225
34236
34248
34249
34253
34290
34291
34305
34306
34314
34318
34323
34330
34332
34344
34349
34352
34356
34362
34365
34376
34378
34383
34398
34423
34430
34432
34443
34458
34463
34466
34467
34468
34488
34496
34497
34498
34499
34512
34525
34528
34534
34549
34550
34577
34580
34602
34609
34640
34642
34647
34649
34653
34658
34694
34696
34714
34715
34753
34762
34780
34793
34828
34831
34832
34845
34847
34848
34869
34883
34887
34896
34907
34911
34984
34997
35002
35003
35004
35015
35016
35022
35031
35039
35041
35055
35061
35064
35068
35071
35072
35075
35076
35079
35080
35084
35087
35091
35108
35111
35113
35119
35124
35125
35130
35131
35135
35145
35150
35152
35158
35162
35164
35177
35178
35181
35182
35183
35188
35191
35195
35198
35203
35204
35205
35212
35215
35220
35222
35228
35235
35237
35242
35244
35245
35248
35253
35260
35262
35268
35289
35295
35296
35297
35302
35306
35309
35318
35322
35324
35326
35333
35335
35339
35344
35348
35351
35359
35360
35363
35368
35374
35378
35382
35388
35389
35390
35392
35394
35396
35397
35398
35402
35403
35404
35405
35415
35416
35420
35422
35426
35431
35432
35436
35444
35445
35447
35452
35454
35455
35457
35458
35465
35466
35471
35476
35481
35493
35498
35506
35511
35522
35597
35603
35613
35615
35616
35638
35640
35671
35675
35688
35704
35711
35716
35724
35727
35747
35782
35785
35797
35830
35832
35834
35841
35855
35869
35876
35885
35957
35965
36011
36028
36030
36031
36033
36035
36036
36041
36052
36062
36068
36069
36078
36079
36089
36096
36104
36105
36106
36107
36110
36114
36116
36120
36128
36130
36144
36147
36151
36159
36160
36170
36193
36195
36204
36207
36215
36224
36226
36238
36240
36244
36249
36273
36279
36284
36285
36287
36300
36301
36317
36320
36327
36330
36334
36340
36341
36342
36344
36357
36361
36367
36374
36377
36382
36384
36389
36391
36396
36398
36405
36416
36422
36425
36426
36428
36434
36438
36451
36465
36477
36483
36486
36492
36494
36503
36508
36527
36530
36536
36537
36548
36577
36598
36605
36606
36607
36613
36614
36630
36633
36639
36645
36666
36691
36693
36698
36705
36712
36713
36714
36717
36724
36735
36744
36747
36748
36772
36776
36798
36801
36804
36816
36832
36838
36867
36881
36886
36890
36906
36907
36912
36915
36930
36931
36937
36943
36966
36970
36986
36995
37000
37005
37006
37010
37011
37015
37019
37020
37021
37022
37023
37026
37031
37033
37034
37037
37038
37039
37043
37045
37052
37053
37054
37055
37056
37059
37060
37065
37068
37071
37073
37074
37078
37080
37082
37084
37085
37088
37089
37092
37095
37096
37097
37098
37102
37106
37107
37109
37110
37111
37112
37116
37117
37123
37127
37128
37130
37134
37135
37136
37138
37139
37143
37144
37147
37153
37155
37156
37158
37159
37161
37163
37170
37171
37172
37174
37176
37177
37180
37191
37193
37194
37195
37196
37201
37206
37209
37211
37212
37216
37217
37219
37221
37224
37228
37230
37231
37233
37236
37241
37246
37249
37250
37252
37253
37255
37256
37257
37263
37264
37265
37266
37269
37270
37273
37274
37275
37276
37277
37279
37280
37281
37284
37286
37288
37292
37295
37297
37299
37302
37303
37304
37306
37309
37315
37321
37326
37329
37330
37333
37337
37341
37343
37344
37345
37347
37348
37350
37357
37358
37360
37361
37365
37366
37369
37372
37375
37383
37386
37389
37395
37400
37401
37403
37404
37406
37408
37411
37412
37413
37417
37423
37427
37429
37430
37435
37437
37438
37442
37443
37446
37447
37448
37450
37455
37456
37457
37461
37464
37467
37468
37469
37471
37472
37474
37475
37476
37477
37478
37479
37480
37481
37483
37489
37491
37492
37507
37512
37513
37515
37519
37521
37524
37531
37532
37542
37549
37554
37556
37560
37563
37567
37569
37570
37574
37579
37587
37590
37593
37598
37615
37620
37636
37640
37644
37653
37655
37661
37663
37665
37673
37676
37682
37684
37685
37686
37687
37690
37699
37700
37703
37705
37707
37711
37713
37719
37720
37725
37726
37727
37733
37734
37737
37746
37749
37750
37751
37752
37758
37761
37762
37770
37772
37773
37778
37780
37784
37786
37794
37795
37800
37811
37817
37827
37833
37835
37839
37844
37846
37847
37850
37851
37854
37862
37872
37876
37879
37883
37888
37893
37894
37895
37897
37900
37902
37910
37914
37919
37926
37930
37931
37933
37934
37937
37939
37940
37942
37947
37948
37952
37954
37956
37957
37961
37962
37965
37967
37989
37991
38012
38043
38046
38049
38053
38058
38060
38063
38068
38072
38073
38083
38086
38103
38108
38122
38123
38180
38182
38184
38186
38196
38220
38250
38254
38272
38273
38279
38280
38281
38333
38345
38392
38393
38398
38402
38405
38439
38442
38474
38477
38481
38488
38497
38500
38505
38510
38511
38512
38514
38524
38525
38530
38531
38533
38538
38541
38548
38550
38551
38555
38561
38563
38564
38565
38569
38570
38573
38574
38576
38588
38589
38590
38591
38593
38597
38601
38603
38605
38606
38608
38610
38614
38615
38620
38621
38625
38626
38627
38629
38634
38635
38640
38641
38642
38645
38647
38649
38651
38654
38661
38668
38669
38670
38673
38682
38684
38685
38686
38692
38693
38695
38697
38698
38699
38704
38706
38707
38709
38710
38711
38714
38715
38719
38724
38725
38727
38728
38729
38730
38732
38734
38741
38745
38749
38752
38753
38756
38758
38768
38777
38782
38787
38792
38795
38797
38801
38802
38803
38806
38807
38808
38809
38811
38812
38817
38825
38828
38829
38838
38839
38840
38848
38852
38856
38868
38870
38871
38876
38880
38881
38884
38888
38889
38895
38896
38897
38898
38903
38908
38910
38915
38916
38917
38919
38930
38932
38933
38936
38938
38939
38950
38951
38959
38968
38970
38975
38976
38981
38984
38985
38987
38989
38990
38999
39000
39003
39006
39007
39010
39013
39017
39024
39025
39028
39030
39031
39033
39037
39038
39040
39048
39050
39051
39053
39058
39062
39066
39067
39069
39070
39072
39073
39076
39077
39083
39088
39089
39091
39095
39102
39104
39105
39107
39108
39114
39118
39123
39125
39128
39133
39138
39145
39148
39149
39152
39154
39159
39161
39162
39165
39167
39185
39196
39197
39199
39200
39206
39207
39209
39210
39212
39213
39215
39223
39225
39232
39237
39238
39239
39247
39254
39259
39263
39265
39267
39271
39273
39274
39278
39284
39285
39288
39291
39293
39294
39299
39300
39302
39304
39306
39307
39310
39311
39312
39315
39318
39320
39321
39322
39328
39330
39331
39332
39342
39343
39346
39349
39352
39353
39357
39361
39362
39364
39368
39369
39370
39371
39373
39378
39381
39385
39387
39390
39391
39393
39394
39398
39409
39420
39424
39430
39431
39439
39440
39443
39454
39463
39464
39465
39475
39477
39479
39480
39483
39484
39490
39494
39496
39498
39499
39509
39521
39524
39525
39526
39532
39561
39572
39579
39587
39591
39593
39595
39610
39611
39621
39628
39630
39631
39635
39641
39643
39647
39648
39654
39659
39666
39667
39669
39683
39685
39691
39694
39703
39705
39707
39708
39716
39721
39726
39731
39732
39737
39747
39749
39750
39761
39762
39763
39767
39769
39778
39779
39784
39790
39797
39800
39806
39808
39813
39814
39817
39823
39824
39828
39831
39833
39836
39845
39852
39854
39855
39860
39876
39884
39889
39891
39892
39896
39898
39905
39907
39914
39916
39921
39925
39926
39928
39930
39932
39933
39937
39939
39940
39945
39946
39953
39963
39965
39970
39975
39984
39991
40005
40008
40015
40017
40023
40025
40031
40033
40035
40038
40047
40048
40054
40055
40065
40066
40068
40077
40087
40089
40097
40098
40102
40106
40107
40108
40118
40122
40125
40141
40162
40175
40176
40177
40181
40183
40187
40192
40201
40211
40214
40216
40230
40233
40237
40245
40247
40253
40256
40265
40267
40278
40288
40302
40312
40316
40318
40331
40335
40337
40340
40346
40355
40359
40360
40361
40375
40390
40391
40402
40413
40418
40445
40448
40453
40455
40460
40467
40473
40474
40482
40484
40488
40491
40495
40496
40501
40506
40508
40520
40526
40534
40543
40544
40545
40552
40556
40566
40577
40583
40587
40590
40594
40596
40598
40602
40604
40606
40611
40617
40628
40633
40639
40642
40646
40647
40653
40656
40657
40658
40659
40664
40665
40668
40672
40679
40689
40694
40699
40700
40702
40704
40707
40712
40713
40718
40726
40733
40736
40739
40741
40748
40749
40758
40759
40769
40771
40772
40774
40776
40777
40780
40781
40786
40799
40801
40804
40807
40810
40811
40813
40814
40822
40827
40829
40830
40833
40841
40842
40843
40853
40858
40865
40878
40884
40892
40894
40901
40919
40921
40923
40924
40927
40929
40931
40934
40936
40938
40945
40947
40949
40950
40960
40966
40977
40985
40988
40989
41006
41024
41067
41068
41081
41083
41097
41104
41117
41118
41119
41122
41123
41126
41132
41135
41149
41150
41166
41170
41174
41182
41185
41188
41189
41194
41217
41220
41227
41243
41266
41268
41278
41297
41307
41322
41328
41358
41367
41373
41378
41400
41425
41453
41483
41491
41497
41500
41516
41524
41531
41540
41551
41552
41556
41574
41578
41585
41586
41596
41597
41598
41620
41625
41626
41644
41650
41652
41655
41663
41675
41686
41689
41690
41691
41694
41697
41700
41704
41705
41706
41712
41717
41730
41731
41742
41743
41758
41764
41776
41782
41799
41800
41809
41816
41824
41829
41831
41835
41857
41861
41863
41868
41873
41878
41884
41890
41891
41910
41918
41936
41946
41948
41958
41961
41970
41987
42001
42002
42006
42009
42014
42017
42018
42020
42023
42024
42025
42028
42030
42033
42037
42040
42043
42048
42052
42054
42059
42063
42065
42067
42071
42072
42076
42081
42084
42086
42092
42113
42117
42119
42121
42123
42127
42132
42134
42138
42141
42143
42152
42153
42155
42156
42158
42159
42166
42171
42176
42183
42184
42186
42187
42188
42193
42199
42200
42205
42208
42214
42215
42216
42219
42220
42223
42225
42227
42233
42235
42237
42239
42243
42246
42248
42251
42254
42257
42263
42269
42277
42278
42279
42280
42281
42288
42295
42298
42303
42305
42310
42311
42313
42320
42322
42325
42328
42329
42335
42337
42339
42341
42343
42346
42347
42348
42351
42353
42355
42359
42361
42362
42363
42368
42373
42374
42377
42378
42379
42383
42386
42388
42390
42394
42395
42402
42406
42409
42410
42411
42413
42418
42420
42421
42422
42426
42436
42437
42438
42439
42444
42448
42451
42454
42459
42464
42471
42472
42475
42478
42480
42490
42491
42492
42493
42501
42502
42503
42504
42509
42513
42514
42518
42530
42539
42541
42542
42546
42548
42568
42570
42572
42577
42579
42581
42584
42586
42588
42591
42596
42601
42602
42613
42620
42624
42629
42637
42639
42641
42644
42646
42650
42651
42655
42658
42670
42675
42679
42680
42686
42693
42708
42710
42711
42714
42715
42717
42727
42735
42736
42744
42752
42753
42754
42760
42764
42765
42776
42778
42784
42793
42799
42800
42807
42808
42814
42815
42819
42823
42832
42837
42839
42841
42847
42861
42862
42870
42871
42873
42875
42879
42882
42884
42885
42887
42890
42893
42894
42898
42903
42906
42909
42920
42921
42926
42927
42930
42933
42937
42940
42946
42947
42951
42955
42963
42970
42976
42983
42984
42990
42992
43021
43025
43034
43036
43058
43072
43073
43087
43091
43107
43116
43130
43147
43167
43171
43175
43177
43211
43232
43243
43248
43258
43265
43270
43277
43286
43288
43290
43294
43302
43310
43340
43354
43367
43372
43374
43387
43411
43418
43434
43451
43460
43479
43507
43521
43525
43529
43550
43553
43568
43569
43583
43601
43610
43624
43629
43662
43684
43690
43694
43711
43734
43735
43756
43768
43770
43778
43781
43786
43793
43804
43818
43834
43847
43848
43860
43862
43870
43871
43875
43892
43899
43903
43919
43946
43986
43993
43998
44000
44003
44004
44005
44006
44009
44011
44013
44017
44019
44021
44024
44026
44027
44029
44030
44033
44035
44038
44039
44040
44043
44044
44045
44048
44049
44050
44053
44055
44061
44063
44066
44067
44068
44070
44072
44074
44075
44076
44079
44080
44083
44085
44086
44089
44092
44093
44096
44100
44101
44106
44107
44108
44110
44111
44112
44113
44114
44118
44129
44130
44131
44132
44133
44136
44138
44139
44142
44143
44145
44146
44147
44148
44150
44151
44155
44157
44163
44164
44165
44168
44169
44172
44173
44175
44176
44184
44187
44188
44193
44197
44198
44200
44201
44203
44209
44214
44215
44216
44219
44222
44223
44224
44225
44227
44228
44231
44232
44233
44234
44241
44242
44244
44245
44247
44248
44249
44252
44254
44255
44256
44258
44260
44261
44262
44263
44264
44270
44271
44274
44277
44281
44286
44287
44290
44291
44292
44295
44300
44307
44310
44311
44317
44319
44324
44325
44327
44328
44335
44338
44342
44346
44348
44350
44352
44355
44356
44357
44359
44362
44365
44369
44370
44371
44372
44373
44374
44377
44381
44382
44383
44385
44386
44390
44391
44393
44394
44395
44397
44398
44400
44402
44404
44406
44408
44410
44411
44413
44414
44415
44416
44418
44420
44425
44426
44427
44428
44430
44431
44437
44439
44445
44446
44447
44450
44451
44460
44462
44463
44465
44467
44471
44472
44473
44479
44480
44483
44486
44487
44490
44491
44498
44508
44513
44515
44529
44536
44540
44550
44551
44553
44554
44565
44566
44567
44573
44588
44590
44592
44598
44599
44610
44612
44617
44621
44622
44626
44628
44629
44638
44641
44646
44649
44654
44655
44660
44665
44666
44682
44689
44693
44694
44705
44719
44739
44741
44747
44753
44756
44762
44763
44772
44780
44793
44794
44809
44820
44857
44869
44875
44884
44885
44892
44909
44912
44913
44923
44925
44928
44930
44934
44939
44948
44955
44958
44980
44983
44986
44994
45003
45010
45011
45013
45015
45016
45020
45024
45032
45037
45047
45049
45060
45065
45066
45071
45072
45082
45084
45090
45097
45099
45101
45110
45111
45115
45117
45118
45121
45122
45125
45126
45128
45129
45130
45137
45141
45144
45145
45146
45151
45155
45159
45161
45162
45163
45165
45168
45173
45176
45180
45183
45184
45186
45187
45189
45196
45201
45202
45207
45208
45209
45210
45211
45219
45221
45224
45225
45239
45243
45248
45251
45256
45259
45267
45273
45281
45286
45292
45296
45308
45309
45310
45314
45316
45319
45321
45322
45325
45327
45328
45334
45345
45348
45350
45352
45354
45358
45361
45366
45368
45374
45376
45380
45384
45387
45391
45393
45394
45402
45403
45404
45418
45419
45421
45422
45423
45424
45432
45433
45437
45438
45440
45441
45445
45446
45449
45451
45453
45456
45465
45470
45481
45483
45504
45509
45520
45526
45527
45528
45534
45540
45541
45547
45548
45550
45557
45558
45560
45574
45575
45576
45577
45580
45584
45586
45590
45591
45594
45596
45600
45604
45614
45617
45621
45631
45640
45642
45649
45650
45655
45673
45674
45680
45691
45697
45701
45710
45713
45716
45721
45745
45748
45751
45759
45762
45764
45770
45771
45780
45794
45795
45799
45801
45827
45837
45845
45850
45851
45853
45855
45861
45864
45865
45866
45870
45872
45880
45887
45891
45897
45903
45904
45915
45922
45924
45940
45947
45953
45957
45963
45964
45968
45970
45971
45972
45975
45980
45983
45984
45994
45998
46000
46011
46015
46017
46018
46024
46030
46036
46058
46071
46078
46101
46102
46103
46104
46111
46113
46128
46130
46149
46152
46165
46168
46181
46196
46203
46206
46225
46237
46242
46246
46260
46267
46278
46286
46290
46300
46301
46306
46313
46324
46328
46329
46337
46340
46356
46358
46363
46365
46370
46378
46391
46393
46397
46399
46402
46409
46415
46424
46425
46426
46440
46444
46448
46450
46458
46469
46485
46487
46488
46491
46492
46494
46500
46509
46511
46518
46521
46523
46532
46533
46535
46549
46550
46551
46553
46555
46557
46559
46561
46563
46568
46575
46576
46579
46582
46583
46594
46599
46601
46605
46607
46608
46613
46615
46617
46626
46633
46637
46639
46646
46648
46650
46653
46654
46655
46658
46660
46664
46665
46668
46670
46676
46677
46680
46681
46689
46691
46694
46702
46706
46710
46711
46713
46715
46716
46722
46727
46728
46735
46736
46737
46738
46741
46742
46745
46747
46748
46751
46755
46758
46764
46765
46766
46770
46775
46777
46778
46781
46783
46788
46790
46791
46792
46794
46795
46802
46809
46810
46820
46832
46842
46845
46850
46851
46854
46855
46856
46862
46867
46874
46880
46887
46901
46902
46903
46917
46920
46921
46928
46930
46933
46944
46951
46952
46953
46961
46966
46975
46978
46988
46996
46998
47004
47033
47035
47042
47054
47075
47101
47103
47121
47129
47148
47171
47177
47218
47244
47262
47288
47295
47324
47333
47349
47351
47355
47370
47375
47393
47398
47407
47420
47443
47453
47454
47508
47551
47573
47578
47587
47599
47602
47617
47624
47633
47634
47651
47657
47661
47679
47684
47691
47693
47695
47697
47700
47704
47711
47716
47720
47730
47744
47747
47749
47757
47758
47767
47768
47769
47770
47774
47790
47820
47832
47839
47850
47856
47862
47864
47865
47870
47876
47882
47883
47890
47908
47927
47960
47961
47975
47980
47981
47983
47989
47994
48005
48007
48008
48030
48046
48059
48061
48064
48066
48068
48073
48074
48075
48077
48084
48086
48103
48105
48109
48115
48121
48129
48131
48137
48138
48139
48151
48170
48181
48198
48207
48210
48216
48217
48219
48226
48227
48238
48240
48249
48252
48255
48256
48257
48263
48266
48268
48288
48292
48294
48296
48311
48317
48319
48321
48322
48326
48327
48328
48332
48333
48336
48341
48345
48354
48362
48371
48375
48381
48398
48409
48414
48423
48428
48442
48456
48459
48460
48470
48472
48473
48476
48478
48482
48486
48491
48493
48495
48498
48501
48503
48512
48515
48516
48519
48522
48527
48530
48533
48541
48543
48546
48554
48557
48558
48561
48562
48567
48577
48579
48583
48587
48591
48596
48599
48604
48608
48617
48619
48620
48628
48632
48633
48639
48645
48647
48648
48650
48651
48652
48658
48661
48662
48666
48668
48669
48670
48676
48678
48684
48686
48693
48700
48704
48705
48708
48711
48713
48718
48723
48724
48727
48731
48732
48733
48735
48740
48746
48749
48764
48766
48772
48777
48780
48786
48791
48799
48815
48821
48832
48833
48843
48856
48860
48873
48881
48884
48888
48891
48897
48900
48902
48918
48919
48925
48930
48932
48933
48935
48936
48944
48951
48954
48960
48967
48969
48971
48976
48988
49006
49009
49027
49057
49082
49117
49127
49146
49174
49185
49191
49213
49216
49220
49247
49268
49318
49322
49329
49344
49358
49359
49369
49386
49392
49395
49396
49451
49482
49500
49501
49502
49507
49509
49510
49516
49521
49522
49523
49529
49534
49539
49543
49545
49570
49572
49595
49600
49603
49604
49606
49607
49609
49635
49636
49640
49652
49654
49661
49668
49685
49686
49688
49692
49697
49699
49717
49718
49734
49740
49742
49743
49746
49749
49754
49767
49769
49772
49782
49784
49785
49794
49795
49810
49814
49823
49830
49832
49840
49842
49858
49867
49879
49887
49891
49894
49897
49902
49916
49920
49933
49945
49959
49963
49964
49971
49972
49981
49984
