1
4
17
19
34
37
45
57
67
68
90
95
100
110
122
127
136
144
150
168
203
204
220
226
232
248
263
265
270
275
280
290
297
302
312
322
323
325
326
337
343
352
353
355
356
358
359
363
364
370
374
389
395
401
403
404
408
409
416
420
421
424
425
427
434
439
441
443
451
452
459
471
472
483
496
500
503
507
509
510
515
517
518
519
520
521
522
525
531
536
538
540
541
542
543
544
546
548
549
551
552
555
565
566
568
569
576
577
578
580
581
586
587
588
591
593
594
596
599
600
601
603
608
611
612
613
614
616
620
621
622
624
626
627
628
634
635
637
638
642
644
646
649
650
653
656
658
660
662
663
664
666
667
677
679
682
684
690
691
694
696
697
699
700
701
703
707
710
711
712
715
716
717
720
721
722
724
727
729
730
733
734
736
737
738
739
740
745
746
747
748
749
751
753
756
759
761
766
767
769
774
781
785
789
790
791
800
803
804
806
807
809
810
811
814
815
816
819
822
823
824
825
826
827
833
834
838
839
840
842
846
850
851
852
854
855
859
860
863
867
868
872
874
875
876
878
879
880
881
886
890
892
894
895
896
898
900
903
907
910
916
917
919
920
921
922
926
930
931
933
934
937
939
940
941
946
947
948
949
954
955
956
957
959
962
964
965
966
967
969
973
974
977
978
979
981
982
983
986
987
988
993
996
999
1004
1007
1011
1012
1022
1023
1028
1039
1050
1054
1060
1075
1076
1077
1078
1081
1088
1090
1093
1094
1095
1105
1107
1115
1125
1139
1141
1143
1145
1150
1160
1161
1164
1166
1168
1174
1189
1190
1200
1203
1206
1215
1226
1228
1231
1233
1241
1243
1258
1265
1287
1293
1297
1300
1301
1307
1318
1324
1338
1343
1348
1349
1351
1356
1357
1361
1364
1367
1369
1371
1388
1389
1398
1400
1405
1422
1427
1437
1440
1448
1449
1450
1453
1454
1459
1468
1479
1499
1503
1504
1505
1506
1508
1510
1517
1522
1525
1529
1530
1535
1538
1542
1543
1546
1549
1552
1556
1558
1559
1565
1572
1574
1576
1583
1587
1592
1594
1596
1602
1603
1604
1609
1610
1611
1612
1618
1619
1622
1623
1625
1626
1630
1631
1634
1643
1650
1657
1667
1682
1683
1689
1691
1693
1695
1698
1703
1710
1713
1714
1716
1717
1720
1721
1723
1724
1726
1728
1731
1733
1734
1738
1739
1743
1745
1747
1752
1755
1756
1760
1761
1762
1764
1768
1772
1778
1781
1784
1785
1786
1789
1795
1796
1805
1808
1810
1811
1812
1813
1815
1816
1819
1820
1823
1824
1830
1831
1833
1835
1839
1846
1848
1851
1857
1861
1864
1865
1866
1867
1870
1871
1872
1874
1889
1896
1898
1900
1902
1903
1905
1906
1911
1912
1913
1916
1918
1919
1920
1921
1922
1924
1926
1929
1932
1936
1940
1943
1950
1952
1955
1956
1958
1961
1962
1963
1969
1971
1974
1978
1979
1980
1984
1986
1987
1989
1994
1998
2000
2001
2002
2003
2004
2005
2006
2007
2008
2009
2011
2013
2014
2016
2018
2019
2020
2022
2025
2031
2032
2034
2036
2037
2038
2039
2041
2043
2044
2046
2047
2048
2050
2051
2052
2054
2055
2057
2062
2063
2064
2065
2067
2069
2074
2075
2076
2077
2078
2079
2080
2081
2082
2084
2088
2089
2090
2091
2093
2095
2096
2097
2098
2102
2103
2106
2107
2115
2117
2118
2120
2122
2123
2125
2128
2130
2132
2134
2135
2136
2138
2140
2141
2142
2144
2145
2146
2147
2152
2153
2158
2161
2163
2164
2166
2168
2170
2171
2172
2173
2177
2178
2179
2181
2182
2183
2185
2188
2189
2196
2197
2198
2200
2205
2206
2207
2210
2212
2214
2215
2217
2219
2221
2223
2224
2227
2233
2234
2235
2236
2239
2241
2242
2243
2248
2250
2252
2255
2257
2260
2261
2262
2264
2266
2267
2269
2270
2271
2272
2273
2275
2276
2278
2279
2280
2284
2287
2292
2293
2297
2299
2300
2301
2305
2306
2307
2311
2312
2315
2317
2323
2324
2327
2329
2331
2334
2336
2341
2342
2345
2346
2347
2350
2354
2356
2357
2359
2362
2364
2367
2368
2370
2371
2374
2375
2376
2377
2378
2382
2384
2385
2392
2393
2394
2395
2396
2398
2403
2406
2407
2408
2411
2416
2417
2418
2419
2422
2425
2427
2428
2430
2431
2433
2436
2437
2438
2439
2440
2442
2444
2448
2451
2452
2456
2457
2462
2463
2466
2467
2468
2469
2470
2471
2472
2475
2476
2477
2479
2480
2481
2483
2486
2489
2490
2492
2493
2494
2495
2497
2498
2500
2502
2503
2504
2505
2506
2514
2517
2518
2523
2524
2525
2527
2529
2531
2534
2535
2537
2541
2542
2546
2550
2551
2553
2562
2563
2564
2569
2573
2575
2576
2577
2578
2581
2582
2584
2585
2586
2587
2591
2594
2599
2600
2602
2603
2605
2607
2608
2615
2616
2617
2619
2621
2622
2625
2631
2632
2635
2636
2641
2644
2647
2649
2650
2654
2657
2658
2663
2668
2669
2675
2677
2678
2680
2682
2684
2687
2696
2697
2701
2702
2703
2704
2705
2707
2710
2712
2714
2715
2716
2718
2720
2722
2723
2727
2730
2733
2739
2740
2741
2746
2747
2748
2750
2751
2756
2760
2763
2765
2766
2768
2770
2775
2781
2785
2786
2787
2788
2789
2790
2792
2794
2796
2798
2800
2801
2804
2805
2806
2807
2809
2814
2815
2818
2819
2820
2825
2831
2834
2835
2838
2839
2842
2843
2844
2847
2848
2850
2853
2855
2858
2859
2860
2862
2866
2872
2874
2876
2883
2886
2887
2892
2893
2894
2895
2897
2899
2900
2907
2908
2912
2915
2916
2917
2918
2920
2921
2923
2926
2927
2932
2936
2937
2942
2945
2947
2951
2952
2954
2957
2960
2961
2963
2966
2970
2976
2980
2982
2984
2986
2994
2995
2997
2999
3001
3002
3004
3005
3009
3011
3012
3019
3020
3022
3025
3028
3031
3036
3041
3042
3047
3049
3053
3054
3055
3058
3060
3061
3063
3066
3069
3070
3071
3073
3079
3081
3082
3087
3091
3093
3096
3097
3103
3105
3108
3109
3114
3115
3119
3123
3125
3126
3129
3131
3133
3136
3137
3139
3140
3141
3142
3146
3147
3148
3151
3155
3157
3158
3159
3160
3161
3165
3166
3169
3175
3176
3177
3179
3180
3182
3185
3188
3189
3190
3198
3199
3200
3201
3206
3207
3215
3216
3217
3220
3222
3223
3228
3230
3231
3233
3234
3235
3236
3241
3242
3244
3247
3250
3252
3253
3254
3259
3261
3262
3264
3266
3267
3269
3270
3273
3274
3281
3282
3288
3289
3292
3295
3297
3309
3312
3318
3321
3325
3327
3329
3330
3332
3336
3339
3340
3341
3344
3345
3350
3358
3361
3365
3368
3369
3370
3375
3378
3380
3382
3385
3386
3388
3389
3391
3392
3396
3399
3404
3411
3413
3414
3425
3426
3430
3432
3436
3439
3446
3458
3459
3461
3466
3467
3469
3471
3472
3473
3474
3483
3484
3485
3490
3492
3493
3495
3502
3508
3509
3512
3518
3520
3521
3525
3526
3527
3540
3542
3546
3556
3560
3565
3571
3584
3589
3593
3597
3602
3615
3622
3625
3628
3633
3643
3644
3645
3649
3650
3652
3653
3654
3655
3659
3662
3663
3671
3673
3676
3679
3683
3687
3689
3691
3693
3697
3699
3714
3715
3721
3722
3723
3726
3733
3735
3737
3743
3749
3750
3753
3759
3762
3765
3768
3769
3771
3773
3775
3776
3777
3778
3783
3784
3786
3787
3788
3793
3797
3801
3802
3804
3807
3810
3816
3820
3823
3827
3828
3834
3836
3839
3843
3844
3846
3849
3851
3854
3855
3858
3860
3861
3870
3871
3872
3874
3877
3880
3881
3900
3901
3903
3904
3905
3906
3907
3908
3909
3910
3911
3912
3913
3917
3922
3927
3928
3929
3931
3932
3933
3936
3937
3938
3947
3954
3957
3961
3963
3966
3968
3969
3976
3981
3986
3993
3997
4002
4004
4005
4006
4013
4015
4023
4026
4031
4032
4034
4047
4048
4049
4050
4052
4055
4059
4061
4067
4070
4077
4088
4090
4091
4092
4095
4101
4103
4104
4105
4111
4118
4122
4125
4131
4135
4140
4143
4144
4148
4149
4150
4154
4156
4161
4167
4168
4171
4178
4179
4180
4183
4187
4190
4193
4195
4196
4197
4198
4203
4204
4207
4208
4213
4223
4225
4226
4229
4231
4237
4240
4241
4243
4252
4254
4257
4258
4260
4263
4266
4272
4274
4278
4286
4287
4289
4295
4296
4299
4310
4324
4325
4328
4330
4331
4340
4342
4343
4344
4346
4351
4355
4357
4364
4368
4370
4376
4381
4382
4383
4389
4393
4394
4395
4398
4399
4401
4406
4411
4412
4414
4418
4429
4439
4440
4445
4449
4459
4463
4470
4476
4478
4480
4481
4482
4485
4489
4496
4499
4506
4507
4508
4510
4511
4512
4519
4521
4525
4527
4535
4542
4545
4549
4556
4559
4567
4571
4572
4576
4585
4591
4592
4593
4594
4596
4605
4607
4623
4628
4629
4630
4631
4640
4656
4659
4660
4663
4671
4675
4683
4694
4696
4707
4714
4721
4724
4728
4734
4744
4747
4758
4764
4787
4802
4804
4808
4813
4819
4820
4821
4828
4830
4848
4849
4850
4887
4890
4899
4913
4917
4918
4926
4929
4930
4943
4955
4962
4968
4971
4973
4977
4984
4986
4992
4998
5003
5005
5007
5013
5015
5018
5020
5036
5038
5040
5042
5043
5046
5048
5049
5055
5057
5071
5072
5073
5080
5081
5083
5084
5090
5094
5095
5099
5100
5107
5109
5110
5113
5115
5118
5120
5121
5122
5123
5126
5129
5133
5135
5136
5137
5140
5142
5150
5151
5155
5156
5158
5160
5161
5162
5169
5170
5173
5175
5178
5182
5183
5188
5192
5193
5195
5196
5200
5201
5206
5209
5210
5211
5212
5214
5216
5218
5220
5222
5223
5231
5233
5236
5240
5245
5249
5250
5251
5252
5254
5255
5257
5261
5264
5265
5266
5268
5269
5270
5273
5278
5280
5287
5289
5297
5298
5299
5300
5301
5303
5311
5312
5313
5314
5319
5321
5324
5327
5328
5337
5341
5356
5364
5365
5371
5372
5374
5375
5376
5377
5378
5379
5384
5386
5391
5396
5398
5399
5401
5402
5407
5409
5410
5413
5417
5430
5431
5432
5434
5440
5441
5443
5444
5445
5446
5448
5449
5450
5452
5453
5455
5461
5464
5468
5469
5470
5474
5476
5479
5483
5484
5488
5489
5491
5493
5510
5513
5521
5538
5554
5562
5569
5570
5577
5579
5605
5607
5612
5620
5623
5627
5631
5638
5639
5652
5656
5678
5683
5688
5696
5700
5707
5710
5725
5734
5735
5741
5751
5757
5765
5768
5831
5835
5847
5848
5855
5856
5858
5870
5873
5874
5875
5876
5882
5885
5891
5931
5932
5947
5953
5958
5960
5977
5978
5984
6003
6006
6007
6008
6011
6012
6013
6021
6023
6024
6027
6033
6034
6035
6036
6038
6040
6042
6044
6047
6048
6051
6055
6058
6059
6061
6064
6066
6069
6072
6074
6078
6082
6083
6087
6088
6090
6091
6092
6094
6098
6100
6101
6102
6103
6104
6110
6119
6125
6126
6128
6129
6130
6132
6133
6135
6141
6142
6144
6149
6150
6151
6152
6157
6159
6163
6164
6165
6167
6168
6170
6171
6174
6175
6177
6178
6179
6185
6189
6190
6194
6196
6199
6202
6204
6207
6210
6216
6218
6223
6226
6228
6236
6237
6239
6242
6243
6244
6246
6249
6251
6252
6253
6256
6260
6263
6267
6270
6272
6279
6280
6282
6283
6284
6285
6289
6293
6298
6300
6301
6308
6309
6312
6314
6315
6321
6322
6323
6325
6326
6330
6333
6334
6336
6337
6341
6346
6348
6349
6351
6357
6358
6362
6364
6368
6369
6370
6371
6373
6374
6375
6381
6382
6384
6387
6389
6393
6397
6404
6406
6408
6411
6413
6414
6416
6417
6420
6425
6427
6431
6435
6441
6442
6449
6450
6451
6455
6456
6460
6465
6466
6467
6469
6470
6471
6472
6473
6474
6475
6480
6483
6484
6488
6489
6491
6492
6496
6497
6499
6501
6508
6510
6512
6514
6517
6519
6523
6524
6526
6529
6532
6533
6534
6535
6536
6539
6540
6542
6544
6548
6553
6554
6556
6557
6559
6561
6563
6566
6567
6570
6571
6572
6574
6578
6579
6580
6581
6586
6589
6596
6600
6602
6604
6609
6612
6613
6616
6617
6618
6619
6622
6625
6627
6628
6633
6634
6635
6636
6638
6639
6641
6642
6643
6645
6646
6650
6656
6657
6660
6665
6667
6668
6672
6675
6677
6678
6680
6681
6683
6685
6690
6693
6694
6695
6696
6698
6701
6702
6705
6706
6707
6708
6709
6711
6712
6715
6722
6724
6725
6731
6732
6734
6736
6737
6739
6740
6743
6744
6749
6753
6756
6760
6761
6769
6770
6772
6774
6780
6781
6783
6786
6790
6791
6794
6795
6796
6797
6799
6800
6802
6803
6805
6806
6808
6810
6813
6815
6816
6818
6821
6822
6828
6829
6832
6833
6834
6835
6837
6838
6839
6841
6842
6844
6846
6847
6848
6851
6853
6854
6855
6856
6857
6858
6860
6862
6863
6864
6865
6868
6870
6872
6876
6877
6878
6881
6885
6887
6889
6892
6893
6895
6897
6898
6900
6902
6904
6907
6908
6911
6912
6913
6915
6916
6917
6919
6920
6922
6925
6926
6927
6928
6929
6930
6934
6936
6939
6940
6941
6942
6944
6945
6946
6948
6949
6950
6953
6957
6958
6959
6960
6962
6963
6964
6965
6966
6967
6968
6971
6972
6973
6974
6976
6978
6979
6980
6981
6982
6984
6985
6994
6997
6998
7007
7008
7011
7013
7015
7017
7019
7023
7027
7029
7040
7043
7045
7052
7055
7057
7058
7059
7062
7063
7065
7075
7076
7078
7080
7093
7095
7096
7100
7101
7103
7108
7111
7113
7119
7121
7123
7126
7128
7132
7133
7135
7141
7145
7149
7154
7163
7164
7170
7171
7178
7179
7181
7188
7193
7194
7196
7197
7201
7207
7211
7216
7223
7228
7230
7235
7237
7241
7242
7250
7253
7255
7258
7260
7262
7263
7265
7266
7267
7268
7270
7271
7276
7279
7280
7281
7285
7290
7302
7308
7310
7318
7322
7329
7331
7334
7339
7340
7341
7342
7348
7349
7350
7353
7363
7364
7372
7375
7384
7388
7398
7402
7403
7405
7407
7408
7409
7415
7422
7428
7432
7438
7440
7449
7455
7456
7462
7464
7469
7471
7474
7483
7484
7491
7492
7500
7504
7505
7507
7508
7512
7513
7515
7519
7520
7522
7524
7528
7529
7541
7542
7544
7548
7549
7550
7553
7555
7559
7560
7562
7563
7568
7570
7576
7581
7583
7585
7589
7591
7593
7597
7598
7599
7602
7603
7604
7605
7606
7608
7613
7615
7616
7619
7621
7622
7625
7626
7628
7629
7630
7632
7633
7635
7637
7639
7641
7642
7649
7650
7651
7655
7659
7669
7674
7677
7679
7682
7686
7687
7690
7692
7698
7704
7706
7707
7708
7712
7716
7721
7724
7725
7726
7727
7728
7730
7738
7740
7741
7746
7747
7751
7752
7755
7762
7763
7764
7765
7767
7771
7772
7776
7779
7780
7782
7784
7785
7789
7792
7793
7798
7799
7802
7804
7806
7808
7809
7810
7812
7816
7817
7824
7825
7827
7828
7829
7834
7835
7836
7843
7852
7859
7860
7869
7874
7875
7877
7879
7884
7886
7888
7889
7893
7895
7896
7903
7904
7905
7907
7909
7933
7934
7935
7939
7940
7945
7946
7949
7952
7955
7957
7962
7964
7967
7970
7974
7976
7977
7981
7984
7989
7990
7994
7995
7996
7998
7999
8003
8007
8014
8015
8018
8022
8025
8026
8037
8039
8041
8045
8048
8060
8062
8063
8064
8065
8068
8070
8071
8076
8080
8082
8086
8090
8091
8103
8105
8106
8111
8116
8119
8120
8122
8124
8129
8131
8133
8135
8137
8140
8146
8148
8152
8153
8155
8158
8159
8161
8170
8171
8173
8177
8178
8181
8182
8184
8185
8186
8187
8204
8205
8210
8217
8222
8223
8224
8231
8232
8237
8240
8242
8243
8247
8252
8255
8258
8266
8271
8273
8276
8285
8286
8296
8298
8301
8306
8312
8314
8315
8317
8322
8326
8329
8330
8335
8337
8338
8340
8341
8342
8344
8347
8363
8364
8371
8373
8374
8378
8379
8382
8388
8390
8391
8392
8393
8397
8402
8403
8406
8407
8409
8413
8414
8417
8420
8426
8429
8431
8432
8436
8437
8439
8442
8446
8448
8450
8451
8452
8473
8474
8477
8478
8479
8482
8488
8496
8499
8502
8503
8504
8506
8516
8528
8531
8532
8539
8548
8555
8562
8568
8588
8594
8599
8626
8627
8633
8636
8653
8655
8671
8700
8717
8746
8754
8762
8770
8777
8796
8799
8816
8839
8844
8854
8857
8861
8862
8869
8870
8873
8874
8884
8885
8898
8909
8910
8913
8916
8921
8956
8960
8966
8967
8992
8993
8997
8998
9003
9004
9005
9007
9008
9010
9011
9013
9016
9020
9027
9029
9030
9038
9044
9047
9056
9057
9071
9074
9078
9079
9085
9091
9094
9100
9103
9110
9112
9118
9119
9124
9125
9128
9130
9131
9132
9134
9139
9141
9143
9146
9147
9149
9154
9156
9157
9161
9163
9164
9169
9174
9176
9177
9179
9180
9185
9188
9189
9190
9194
9198
9199
9200
9202
9204
9206
9216
9224
9226
9228
9234
9235
9236
9241
9243
9244
9247
9250
9252
9253
9255
9260
9264
9268
9274
9278
9281
9283
9285
9286
9287
9294
9295
9296
9304
9306
9308
9312
9313
9325
9327
9332
9336
9338
9344
9346
9349
9353
9357
9358
9363
9364
9367
9370
9373
9374
9376
9377
9379
9383
9385
9386
9391
9392
9394
9395
9399
9401
9402
9404
9407
9409
9410
9413
9418
9425
9426
9428
9432
9434
9435
9437
9439
9442
9446
9447
9448
9449
9450
9451
9453
9454
9455
9456
9458
9461
9463
9464
9472
9474
9475
9476
9478
9481
9482
9485
9486
9494
9496
9497
9500
9505
9508
9514
9518
9521
9523
9524
9527
9528
9530
9532
9535
9542
9544
9545
9546
9549
9551
9552
9553
9554
9557
9560
9564
9565
9573
9575
9577
9587
9588
9592
9595
9596
9605
9606
9611
9615
9618
9619
9621
9623
9625
9626
9627
9629
9639
9641
9646
9650
9653
9656
9658
9660
9668
9669
9670
9672
9673
9675
9677
9689
9697
9698
9701
9703
9705
9710
9712
9713
9717
9719
9723
9726
9728
9731
9734
9738
9739
9741
9747
9755
9757
9758
9763
9770
9771
9775
9776
9778
9783
9786
9789
9791
9792
9794
9795
9796
9800
9801
9803
9806
9808
9810
9815
9817
9824
9825
9836
9839
9846
9847
9849
9850
9853
9858
9861
9863
9864
9865
9867
9873
9874
9878
9879
9881
9882
9885
9886
9891
9898
9899
9904
9909
9913
9918
9922
9924
9940
9941
9944
9948
9949
9955
9956
9961
9962
9964
9965
9966
9967
9968
9970
9971
9975
9979
9993
9996
9998
9999
10009
10026
10035
10039
10043
10047
10056
10082
10099
10113
10134
10141
10148
10149
10150
10159
10167
10186
10200
10239
10278
10291
10292
10295
10331
10338
10345
10348
10354
10356
10382
10385
10392
10401
10405
10418
10429
10440
10446
10457
10462
10463
10467
10473
10478
10479
10480
10496
10498
10499
10502
10506
10513
10522
10524
10527
10529
10530
10533
10538
10540
10541
10544
10552
10555
10560
10566
10578
10582
10586
10590
10594
10595
10597
10599
10600
10602
10605
10612
10615
10617
10621
10623
10630
10632
10635
10636
10645
10649
10661
10662
10666
10670
10673
10684
10698
10706
10707
10714
10715
10719
10720
10728
10731
10732
10742
10745
10758
10759
10765
10776
10777
10782
10786
10789
10797
10798
10804
10805
10808
10810
10816
10835
10839
10841
10844
10847
10851
10853
10857
10863
10865
10866
10871
10875
10876
10882
10884
10887
10901
10903
10917
10919
10923
10928
10932
10936
10938
10939
10940
10944
10945
10949
10951
10952
10954
10958
10960
10961
10963
10965
10968
10983
10990
10991
10992
10999
11003
11004
11005
11006
11008
11010
11013
11018
11026
11027
11028
11030
11036
11037
11038
11039
11042
11043
11044
11050
11055
11057
11063
11064
11065
11071
11075
11076
11078
11080
11081
11082
11084
11088
11089
11090
11091
11092
11093
11096
11098
11101
11102
11104
11105
11113
11115
11119
11121
11123
11126
11130
11131
11132
11133
11138
11139
11140
11141
11143
11144
11145
11150
11151
11154
11156
11157
11158
11163
11165
11166
11167
11169
11170
11171
11172
11177
11179
11181
11183
11185
11189
11191
11192
11193
11195
11196
11197
11199
11201
11202
11204
11207
11209
11212
11214
11219
11222
11224
11226
11227
11229
11230
11231
11236
11239
11241
11242
11243
11245
11246
11254
11256
11259
11261
11268
11272
11274
11275
11284
11287
11290
11291
11294
11297
11299
11301
11302
11303
11304
11307
11311
11315
11318
11321
11322
11324
11325
11331
11334
11340
11341
11344
11345
11347
11348
11349
11350
11351
11353
11354
11355
11356
11359
11360
11361
11362
11363
11364
11370
11376
11377
11378
11379
11380
11382
11383
11384
11386
11387
11388
11390
11392
11396
11397
11398
11404
11406
11408
11409
11411
11412
11415
11416
11417
11418
11422
11427
11428
11430
11432
11433
11434
11435
11438
11441
11442
11443
11449
11450
11451
11452
11453
11455
11456
11459
11461
11463
11465
11469
11470
11473
11476
11478
11482
11484
11488
11494
11498
11504
11507
11508
11515
11519
11523
11539
11544
11545
11557
11568
11576
11582
11593
11594
11597
11605
11606
11619
11621
11622
11623
11626
11628
11645
11647
11657
11668
11671
11676
11678
11681
11688
11694
11696
11697
11699
11705
11707
11712
11720
11731
11732
11733
11737
11741
11743
11750
11752
11756
11760
11771
11772
11786
11792
11795
11799
11800
11801
11805
11808
11818
11819
11822
11826
11828
11829
11830
11833
11837
11841
11843
11845
11847
11848
11853
11856
11858
11863
11866
11868
11877
11884
11885
11886
11904
11906
11911
11912
11913
11918
11920
11925
11926
11931
11944
11952
11971
11979
11980
11988
11992
11995
11996
11997
11999
12000
12004
12007
12010
12011
12016
12021
12025
12029
12030
12032
12038
12039
12040
12041
12043
12044
12049
12051
12057
12058
12064
12065
12066
12068
12069
12072
12075
12076
12078
12080
12084
12089
12097
12098
12100
12104
12106
12108
12112
12116
12123
12130
12143
12149
12151
12153
12159
12162
12163
12164
12166
12167
12170
12178
12182
12183
12186
12187
12192
12194
12196
12199
12200
12202
12203
12205
12208
12210
12215
12217
12218
12220
12222
12224
12230
12232
12233
12236
12243
12252
12253
12255
12257
12270
12276
12277
12280
12285
12290
12297
12298
12300
12301
12302
12303
12305
12309
12312
12314
12315
12318
12325
12326
12327
12329
12334
12335
12340
12345
12350
12351
12356
12365
12371
12372
12373
12374
12378
12379
12383
12384
12391
12393
12396
12397
12398
12401
12410
12418
12423
12428
12429
12434
12437
12439
12442
12443
12454
12460
12465
12470
12472
12473
12475
12476
12482
12484
12486
12490
12491
12492
12498
12499
12507
12508
12511
12512
12513
12527
12529
12531
12532
12534
12545
12554
12555
12557
12562
12563
12567
12568
12569
12570
12572
12573
12581
12584
12591
12592
12597
12599
12600
12602
12603
12604
12605
12607
12612
12613
12621
12624
12625
12626
12629
12638
12641
12644
12647
12651
12652
12654
12655
12658
12666
12671
12672
12674
12676
12678
12687
12692
12695
12708
12711
12714
12715
12718
12720
12721
12726
12728
12730
12734
12735
12746
12748
12753
12755
12757
12759
12760
12761
12770
12773
12777
12789
12801
12802
12805
12812
12816
12818
12823
12826
12828
12831
12832
12834
12838
12839
12840
12843
12845
12847
12848
12853
12856
12857
12858
12860
12868
12869
12872
12875
12876
12877
12878
12880
12887
12888
12892
12897
12900
12910
12912
12913
12919
12920
12921
12931
12935
12937
12941
12943
12944
12948
12955
12956
12957
12963
12968
12969
12971
12973
12977
12978
12988
12990
12991
13001
13006
13007
13008
13009
13010
13011
13012
13013
13015
13016
13017
13018
13019
13020
13022
13023
13025
13026
13028
13030
13032
13033
13034
13035
13036
13038
13041
13043
13044
13046
13048
13049
13050
13051
13053
13056
13057
13058
13060
13061
13062
13064
13065
13066
13067
13070
13074
13076
13077
13078
13083
13085
13086
13088
13089
13090
13092
13093
13096
13099
13101
13102
13103
13104
13106
13108
13109
13111
13112
13113
13115
13116
13118
13121
13123
13124
13126
13127
13129
13132
13133
13134
13135
13136
13137
13138
13140
13142
13143
13144
13149
13152
13153
13154
13155
13159
13161
13162
13165
13166
13169
13170
13172
13174
13175
13177
13178
13180
13182
13185
13186
13190
13191
13194
13195
13197
13198
13200
13202
13205
13206
13207
13208
13209
13211
13212
13213
13215
13216
13217
13219
13221
13224
13226
13230
13232
13233
13236
13237
13240
13241
13244
13245
13246
13247
13249
13250
13251
13252
13253
13254
13255
13257
13258
13259
13260
13261
13263
13264
13267
13268
13269
13270
13271
13272
13273
13274
13277
13279
13280
13282
13285
13287
13291
13293
13294
13295
13300
13301
13302
13303
13304
13305
13306
13311
13316
13318
13321
13324
13325
13326
13327
13330
13333
13335
13339
13340
13342
13343
13344
13345
13346
13347
13348
13349
13350
13352
13354
13355
13358
13360
13362
13364
13365
13367
13368
13369
13370
13372
13373
13374
13376
13377
13378
13382
13383
13384
13385
13387
13388
13391
13394
13396
13397
13400
13403
13405
13407
13408
13409
13410
13411
13414
13415
13419
13424
13425
13427
13428
13431
13432
13433
13435
13436
13438
13441
13444
13445
13446
13447
13448
13449
13454
13456
13457
13460
13463
13464
13465
13466
13471
13473
13474
13475
13476
13479
13480
13481
13482
13483
13484
13486
13487
13489
13490
13491
13494
13497
13498
13499
13507
13508
13510
13511
13516
13517
13522
13523
13525
13526
13531
13533
13534
13536
13537
13541
13544
13545
13547
13548
13551
13555
13558
13561
13562
13563
13567
13568
13569
13570
13576
13577
13578
13580
13582
13583
13584
13586
13587
13589
13591
13593
13595
13596
13598
13600
13601
13603
13604
13605
13611
13614
13617
13618
13620
13621
13623
13624
13625
13626
13627
13629
13630
13633
13635
13636
13637
13638
13643
13646
13647
13649
13651
13652
13654
13655
13656
13657
13658
13659
13661
13662
13664
13665
13667
13668
13669
13670
13671
13672
13677
13678
13679
13681
13682
13683
13685
13690
13694
13695
13696
13701
13702
13704
13708
13709
13711
13714
13716
13717
13718
13719
13720
13721
13722
13723
13724
13725
13727
13729
13730
13732
13733
13735
13737
13738
13739
13740
13741
13742
13743
13745
13746
13749
13750
13752
13754
13755
13757
13758
13761
13763
13765
13767
13768
13769
13770
13771
13773
13778
13781
13782
13783
13784
13788
13790
13792
13794
13797
13798
13805
13806
13807
13808
13809
13810
13815
13816
13817
13818
13819
13822
13826
13828
13832
13834
13835
13839
13840
13841
13842
13843
13844
13849
13852
13853
13855
13856
13862
13863
13864
13866
13869
13871
13872
13873
13874
13875
13876
13878
13879
13882
13883
13884
13890
13891
13892
13896
13897
13899
13903
13904
13907
13908
13910
13912
13913
13914
13915
13916
13918
13919
13920
13921
13923
13924
13926
13927
13928
13932
13933
13935
13936
13939
13940
13942
13943
13944
13948
13949
13950
13952
13956
13960
13962
13966
13967
13969
13971
13973
13975
13976
13977
13978
13979
13980
13984
13985
13987
13988
13989
13990
13991
13993
13994
13998
14003
14014
14017
14018
14019
14022
14028
14041
14043
14051
14055
14059
14060
14062
14072
14078
14080
14085
14088
14089
14105
14106
14107
14113
14115
14120
14122
14137
14149
14151
14154
14157
14158
14161
14163
14165
14167
14171
14175
14177
14179
14182
14189
14197
14198
14204
14211
14213
14216
14219
14225
14228
14229
14236
14238
14246
14250
14251
14252
14263
14266
14274
14276
14284
14289
14294
14296
14306
14309
14311
14313
14315
14319
14320
14321
14327
14328
14329
14331
14334
14335
14343
14345
14346
14352
14356
14360
14362
14369
14370
14371
14375
14378
14384
14388
14391
14393
14394
14398
14399
14400
14402
14406
14414
14423
14425
14427
14429
14433
14435
14439
14442
14445
14448
14450
14453
14459
14463
14471
14474
14478
14479
14482
14486
14487
14488
14490
14491
14496
14499
14500
14501
14504
14506
14511
14512
14518
14536
14541
14543
14545
14547
14548
14550
14551
14554
14555
14557
14559
14564
14568
14573
14583
14584
14587
14588
14601
14602
14606
14608
14609
14617
14620
14621
14623
14625
14632
14635
14641
14643
14658
14662
14666
14668
14669
14672
14673
14676
14677
14678
14679
14681
14683
14687
14690
14692
14693
14694
14697
14698
14701
14705
14716
14718
14720
14724
14727
14731
14744
14745
14746
14752
14755
14756
14759
14761
14767
14772
14776
14777
14778
14779
14781
14782
14784
14785
14787
14790
14792
14796
14798
14808
14811
14828
14831
14838
14844
14847
14853
14865
14868
14873
14879
14882
14883
14885
14889
14891
14898
14901
14905
14906
14926
14933
14936
14940
14942
14945
14949
14952
14953
14954
14956
14962
14967
14968
14974
14978
14985
14987
14989
14991
14994
14995
14999
15011
15016
15038
15050
15066
15069
15070
15077
15080
15097
15101
15104
15111
15120
15131
15133
15144
15145
15150
15154
15160
15161
15169
15172
15179
15192
15217
15233
15235
15236
15246
15262
15265
15268
15279
15290
15300
15309
15315
15320
15323
15324
15331
15338
15363
15368
15374
15384
15386
15402
15418
15424
15427
15432
15438
15444
15448
15451
15454
15462
15469
15470
15473
15497
15504
15505
15509
15510
15519
15529
15535
15539
15541
15543
15545
15548
15555
15562
15565
15566
15570
15571
15572
15573
15581
15597
15613
15616
15619
15625
15626
15628
15640
15641
15642
15644
15652
15653
15665
15674
15677
15678
15680
15681
15683
15690
15692
15698
15702
15706
15715
15719
15725
15727
15729
15731
15738
15758
15759
15768
15771
15783
15785
15794
15795
15800
15813
15819
15826
15827
15833
15834
15836
15839
15845
15846
15851
15855
15856
15857
15858
15865
15881
15885
15887
15889
15892
15897
15901
15905
15915
15919
15920
15921
15925
15926
15929
15930
15939
15941
15944
15950
15954
15955
15974
15978
15983
15991
15997
16000
16007
16008
16010
16014
16015
16016
16020
16021
16022
16024
16026
16027
16029
16032
16035
16036
16042
16045
16048
16049
16050
16051
16054
16057
16060
16062
16064
16065
16067
16069
16071
16078
16079
16080
16083
16086
16092
16093
16094
16099
16100
16101
16105
16111
16112
16113
16116
16121
16122
16123
16124
16126
16127
16128
16129
16130
16131
16133
16134
16135
16136
16138
16142
16146
16151
16152
16154
16155
16156
16159
16160
16161
16163
16165
16167
16169
16170
16174
16175
16178
16179
16180
16181
16188
16189
16191
16195
16201
16203
16204
16205
16206
16207
16209
16210
16211
16212
16213
16215
16217
16220
16221
16224
16225
16227
16229
16230
16232
16233
16234
16238
16239
16241
16242
16246
16251
16252
16256
16259
16264
16268
16272
16277
16279
16281
16283
16292
16296
16297
16298
16300
16303
16304
16305
16306
16307
16308
16311
16313
16314
16317
16319
16321
16326
16331
16335
16336
16340
16346
16349
16350
16354
16355
16356
16363
16366
16375
16378
16381
16384
16385
16386
16388
16390
16393
16401
16402
16403
16405
16406
16408
16409
16413
16417
16422
16423
16425
16426
16427
16431
16433
16434
16436
16438
16441
16445
16447
16448
16451
16455
16456
16458
16460
16467
16472
16473
16475
16480
16481
16482
16483
16485
16487
16490
16493
16494
16497
16498
16501
16502
16503
16507
16508
16510
16515
16516
16520
16521
16528
16529
16531
16534
16537
16539
16544
16548
16549
16552
16554
16558
16560
16562
16568
16573
16577
16583
16593
16594
16596
16597
16599
16606
16615
16616
16617
16623
16628
16629
16635
16637
16639
16643
16644
16645
16648
16651
16653
16658
16659
16662
16664
16665
16666
16671
16672
16674
16675
16676
16677
16688
16694
16696
16697
16699
16700
16712
16715
16718
16730
16733
16736
16738
16744
16745
16751
16752
16757
16759
16764
16767
16775
16778
16780
16781
16785
16787
16800
16801
16804
16809
16812
16816
16820
16822
16827
16831
16832
16838
16841
16844
16845
16846
16847
16848
16852
16855
16858
16859
16867
16869
16871
16874
16876
16878
16880
16883
16886
16889
16891
16894
16896
16903
16904
16906
16910
16915
16919
16924
16926
16929
16933
16938
16940
16943
16947
16949
16951
16954
16958
16961
16963
16965
16969
16970
16971
16974
16975
16998
16999
17000
17004
17007
17012
17016
17021
17022
17023
17030
17031
17034
17035
17036
17038
17042
17044
17045
17051
17053
17056
17057
17058
17059
17061
17067
17068
17070
17072
17078
17080
17082
17083
17085
17087
17088
17089
17091
17095
17097
17101
17103
17107
17111
17112
17114
17117
17119
17121
17122
17126
17127
17128
17129
17131
17132
17135
17139
17146
17148
17150
17151
17153
17154
17156
17159
17160
17163
17164
17169
17172
17173
17174
17175
17176
17178
17179
17182
17184
17187
17188
17189
17193
17194
17195
17196
17197
17199
17200
17201
17202
17203
17206
17207
17208
17211
17212
17214
17218
17223
17224
17228
17235
17236
17237
17238
17239
17241
17242
17243
17246
17247
17250
17252
17254
17255
17259
17262
17265
17267
17273
17274
17276
17278
17283
17287
17289
17290
17292
17295
17296
17297
17298
17300
17301
17303
17305
17306
17308
17310
17311
17313
17314
17315
17316
17319
17321
17325
17327
17328
17339
17342
17344
17346
17349
17350
17352
17354
17358
17362
17364
17367
17368
17371
17372
17376
17378
17379
17383
17384
17393
17396
17397
17399
17400
17401
17404
17405
17407
17412
17415
17418
17422
17423
17428
17431
17432
17433
17436
17439
17440
17441
17443
17445
17446
17448
17451
17453
17454
17455
17458
17460
17463
17464
17466
17468
17470
17471
17472
17474
17475
17476
17477
17478
17479
17482
17483
17488
17489
17494
17496
17497
17500
17502
17504
17506
17518
17527
17530
17539
17541
17545
17565
17574
17576
17580
17586
17588
17594
17606
17618
17621
17629
17633
17640
17644
17648
17674
17702
17704
17710
17714
17719
17734
17744
17750
17762
17768
17789
17791
17810
17815
17846
17854
17860
17878
17879
17883
17884
17889
17890
17902
17910
17912
17915
17935
17936
17939
17940
17945
17963
17964
17983
17991
17998
17999
18000
18001
18002
18004
18008
18017
18019
18020
18026
18032
18035
18036
18039
18040
18045
18046
18048
18051
18052
18053
18054
18058
18060
18068
18070
18072
18074
18075
18077
18078
18082
18083
18084
18085
18091
18092
18095
18097
18104
18105
18107
18116
18119
18123
18125
18129
18134
18135
18141
18142
18143
18146
18147
18149
18151
18153
18159
18166
18168
18170
18172
18173
18177
18178
18180
18181
18192
18194
18195
18198
18199
18201
18203
18206
18207
18212
18221
18222
18223
18225
18226
18228
18229
18234
18239
18240
18242
18246
18249
18252
18265
18266
18267
18276
18283
18285
18289
18290
18291
18294
18295
18298
18299
18303
18304
18306
18309
18314
18317
18319
18320
18323
18324
18325
18334
18335
18336
18337
18338
18339
18341
18351
18353
18354
18362
18363
18364
18367
18371
18374
18379
18380
18381
18382
18385
18386
18388
18389
18392
18396
18397
18400
18402
18407
18415
18417
18418
18421
18427
18428
18429
18430
18431
18433
18435
18440
18441
18442
18445
18448
18451
18454
18455
18456
18460
18461
18468
18469
18478
18479
18480
18481
18486
18489
18490
18492
18493
18494
18499
18501
18503
18506
18507
18514
18516
18522
18525
18526
18527
18528
18529
18531
18533
18536
18541
18544
18547
18548
18554
18556
18558
18559
18568
18573
18574
18577
18578
18582
18583
18588
18597
18601
18602
18605
18606
18609
18612
18613
18618
18620
18625
18629
18630
18637
18641
18643
18645
18649
18653
18656
18660
18668
18670
18673
18676
18677
18678
18684
18686
18690
18697
18698
18706
18707
18714
18717
18721
18723
18724
18728
18737
18738
18739
18749
18750
18751
18752
18753
18755
18759
18762
18767
18771
18772
18777
18781
18782
18783
18784
18785
18787
18791
18793
18810
18812
18815
18821
18824
18826
18830
18831
18833
18834
18835
18840
18841
18842
18844
18849
18856
18860
18870
18872
18875
18876
18882
18883
18887
18889
18903
18911
18921
18922
18923
18936
18940
18945
18946
18950
18951
18954
18955
18957
18958
18960
18968
18971
18972
18980
18981
18984
18985
18986
18987
18988
19000
19002
19004
19009
19010
19012
19016
19021
19024
19029
19030
19032
19033
19035
19036
19037
19038
19039
19040
19043
19047
19049
19052
19058
19059
19060
19062
19068
19070
19074
19075
19076
19078
19081
19085
19086
19089
19090
19092
19094
19096
19101
19103
19110
19111
19114
19115
19117
19119
19120
19121
19124
19125
19126
19128
19129
19130
19133
19134
19136
19137
19138
19140
19143
19145
19149
19155
19156
19158
19162
19165
19170
19182
19186
19187
19190
19193
19197
19199
19200
19203
19204
19210
19213
19214
19215
19217
19230
19233
19236
19241
19242
19243
19244
19245
19251
19252
19259
19261
19264
19268
19270
19271
19274
19275
19277
19284
19285
19290
19295
19297
19298
19300
19301
19303
19305
19312
19313
19319
19320
19321
19322
19324
19325
19327
19330
19331
19332
19338
19345
19350
19352
19354
19362
19363
19364
19365
19366
19372
19376
19378
19383
19384
19387
19390
19395
19398
19400
19401
19406
19407
19408
19410
19411
19413
19414
19415
19417
19418
19425
19428
19430
19435
19438
19442
19450
19452
19453
19455
19461
19462
19466
19468
19472
19473
19474
19476
19479
19482
19483
19487
19488
19490
19494
19495
19496
19497
19500
19502
19504
19516
19520
19522
19527
19532
19542
19545
19546
19561
19564
19567
19571
19574
19579
19587
19589
19591
19597
19609
19612
19618
19622
19625
19626
19630
19633
19642
19647
19651
19655
19658
19659
19661
19662
19670
19677
19679
19680
19681
19690
19691
19693
19708
19709
19719
19721
19726
19728
19729
19730
19739
19743
19745
19747
19748
19752
19758
19759
19761
19763
19772
19773
19780
19782
19789
19793
19794
19796
19810
19813
19817
19827
19830
19834
19839
19845
19847
19848
19853
19860
19866
19867
19872
19879
19891
19892
19894
19902
19907
19910
19911
19915
19916
19922
19925
19928
19929
19936
19937
19941
19943
19944
19947
19954
19957
19961
19962
19971
19974
19976
19980
19982
19984
19993
20001
20002
20004
20006
20007
20009
20011
20016
20017
20018
20022
20024
20025
20028
20033
20037
20055
20057
20063
20065
20071
20079
20084
20087
20088
20090
20096
20098
20100
20106
20112
20124
20125
20139
20143
20145
20148
20166
20173
20177
20179
20183
20184
20188
20191
20204
20207
20228
20230
20238
20244
20245
20246
20252
20254
20259
20264
20267
20273
20278
20282
20283
20303
20310
20317
20320
20322
20323
20324
20327
20328
20332
20339
20344
20354
20357
20373
20376
20382
20390
20397
20400
20401
20402
20404
20405
20417
20418
20420
20423
20427
20428
20437
20443
20445
20452
20455
20460
20466
20476
20480
20482
20483
20489
20490
20491
20511
20516
20519
20525
20527
20538
20540
20542
20549
20556
20569
20588
20594
20599
20601
20605
20614
20626
20627
20630
20642
20643
20647
20651
20654
20662
20668
20671
20674
20676
20680
20684
20687
20688
20694
20696
20698
20702
20724
20725
20727
20729
20732
20741
20742
20750
20761
20762
20766
20767
20773
20779
20782
20784
20785
20786
20791
20794
20800
20803
20819
20825
20827
20831
20843
20845
20846
20847
20849
20850
20852
20858
20860
20865
20871
20878
20879
20884
20886
20887
20888
20895
20899
20906
20909
20914
20915
20918
20924
20929
20930
20931
20943
20948
20962
20967
20969
20973
20984
20985
20986
20987
20998
21000
21001
21006
21014
21016
21017
21018
21020
21023
21025
21031
21034
21038
21039
21044
21048
21051
21052
21054
21056
21058
21060
21067
21069
21070
21072
21074
21076
21082
21083
21085
21086
21088
21094
21098
21099
21105
21111
21115
21119
21128
21130
21132
21141
21143
21146
21148
21149
21157
21161
21163
21164
21166
21167
21168
21173
21174
21176
21178
21179
21180
21184
21189
21190
21193
21194
21195
21196
21198
21199
21200
21201
21204
21205
21209
21215
21217
21218
21220
21222
21223
21229
21242
21243
21245
21247
21256
21261
21263
21268
21271
21273
21277
21279
21282
21283
21286
21287
21288
21289
21290
21299
21308
21313
21316
21323
21329
21330
21333
21338
21343
21346
21349
21350
21352
21355
21357
21359
21364
21365
21367
21368
21370
21375
21384
21386
21395
21397
21400
21402
21403
21405
21407
21409
21410
21417
21419
21420
21423
21427
21429
21432
21436
21439
21445
21447
21449
21451
21459
21469
21470
21473
21474
21479
21487
21489
21490
21493
21495
21502
21504
21508
21509
21511
21513
21514
21515
21518
21519
21524
21527
21528
21529
21531
21533
21534
21536
21538
21539
21542
21543
21544
21545
21546
21551
21552
21553
21558
21559
21561
21568
21573
21576
21577
21582
21583
21586
21588
21591
21592
21594
21596
21597
21598
21599
21600
21603
21605
21608
21610
21611
21612
21613
21614
21616
21618
21619
21620
21621
21622
21623
21624
21627
21629
21631
21640
21642
21643
21644
21645
21646
21648
21649
21652
21655
21657
21659
21660
21665
21669
21670
21671
21673
21674
21675
21676
21678
21679
21680
21681
21682
21684
21685
21686
21689
21693
21694
21695
21698
21701
21702
21706
21711
21712
21717
21718
21720
21722
21726
21728
21731
21733
21734
21736
21738
21740
21743
21744
21746
21750
21752
21756
21757
21758
21760
21761
21762
21764
21765
21770
21778
21779
21781
21786
21790
21791
21792
21796
21799
21801
21803
21806
21815
21816
21817
21819
21822
21823
21825
21826
21828
21829
21831
21832
21838
21840
21841
21844
21845
21849
21850
21852
21854
21855
21856
21861
21874
21875
21877
21881
21883
21887
21893
21894
21897
21901
21902
21903
21905
21906
21907
21908
21910
21912
21913
21916
21923
21924
21928
21929
21933
21935
21936
21937
21940
21941
21944
21945
21947
21948
21949
21952
21953
21954
21955
21957
21961
21964
21965
21966
21967
21968
21971
21972
21975
21976
21977
21978
21980
21984
21985
21988
21989
21993
21994
21999
22002
22007
22020
22021
22025
22026
22031
22032
22034
22037
22039
22048
22053
22054
22056
22058
22063
22065
22067
22068
22069
22070
22072
22078
22079
22081
22084
22087
22090
22091
22096
22097
22103
22105
22107
22111
22124
22131
22138
22143
22147
22148
22150
22151
22154
22157
22159
22160
22161
22162
22166
22169
22172
22173
22175
22180
22184
22187
22188
22196
22197
22202
22205
22206
22208
22222
22232
22236
22239
22243
22244
22245
22246
22250
22251
22253
22254
22256
22258
22261
22264
22265
22271
22274
22278
22281
22283
22286
22295
22301
22307
22309
22311
22316
22317
22321
22327
22329
22330
22334
22335
22339
22345
22346
22347
22350
22356
22360
22366
22370
22371
22372
22375
22380
22386
22394
22397
22399
22400
22401
22403
22405
22407
22414
22417
22423
22430
22442
22443
22444
22447
22452
22453
22454
22458
22460
22461
22463
22468
22470
22472
22480
22482
22486
22488
22489
22490
22492
22494
22495
22502
22503
22504
22506
22508
22509
22512
22514
22515
22517
22519
22522
22523
22524
22525
22528
22529
22530
22532
22533
22534
22536
22538
22540
22541
22543
22544
22546
22547
22548
22549
22551
22552
22553
22554
22556
22558
22559
22561
22562
22563
22564
22565
22566
22571
22572
22573
22574
22575
22576
22579
22582
22583
22590
22592
22593
22595
22596
22599
22601
22605
22611
22613
22619
22622
22623
22626
22628
22630
22632
22635
22636
22637
22641
22642
22643
22645
22651
22652
22654
22657
22658
22659
22665
22666
22670
22675
22676
22677
22678
22681
22684
22689
22690
22694
22699
22703
22704
22707
22711
22712
22718
22721
22722
22724
22725
22732
22734
22736
22737
22738
22742
22743
22746
22748
22749
22752
22753
22754
22759
22761
22765
22769
22771
22773
22775
22778
22780
22782
22785
22786
22789
22794
22795
22797
22798
22800
22801
22803
22804
22806
22808
22809
22810
22811
22812
22814
22817
22818
22819
22820
22821
22824
22825
22826
22827
22829
22831
22832
22833
22836
22837
22838
22840
22842
22844
22846
22848
22849
22850
22852
22853
22854
22855
22856
22859
22864
22865
22867
22868
22871
22872
22873
22877
22882
22884
22885
22886
22887
22890
22893
22898
22899
22900
22901
22903
22907
22908
22909
22911
22912
22915
22917
22918
22921
22923
22924
22925
22926
22928
22934
22938
22941
22942
22944
22945
22946
22948
22949
22951
22952
22953
22954
22955
22956
22957
22961
22963
22964
22965
22966
22967
22968
22970
22972
22974
22976
22978
22979
22984
22986
22989
22990
22992
22995
22996
23006
23008
23019
23023
23032
23033
23038
23040
23048
23057
23058
23064
23078
23081
23095
23096
23105
23114
23127
23141
23143
23149
23154
23156
23162
23165
23166
23168
23169
23172
23178
23191
23193
23198
23207
23214
23215
23234
23241
23244
23245
23251
23272
23276
23279
23293
23297
23301
23314
23333
23335
23346
23354
23368
23377
23378
23382
23389
23397
23401
23408
23418
23419
23427
23443
23447
23456
23460
23478
23493
23494
23496
23501
23503
23510
23513
23521
23524
23537
23545
23546
23549
23560
23561
23565
23568
23573
23575
23576
23579
23580
23583
23584
23588
23589
23594
23596
23601
23602
23604
23615
23622
23626
23629
23631
23635
23638
23651
23653
23656
23659
23660
23664
23666
23670
23674
23692
23707
23709
23712
23715
23716
23720
23726
23739
23740
23743
23744
23745
23747
23750
23754
23755
23757
23762
23768
23771
23775
23776
23789
23792
23794
23795
23797
23803
23808
23810
23811
23813
23816
23825
23832
23834
23839
23841
23853
23857
23859
23862
23863
23869
23872
23874
23880
23884
23887
23900
23901
23904
23905
23914
23915
23916
23926
23927
23932
23936
23947
23950
23951
23958
23964
23973
23982
23987
23990
23992
23997
23998
24000
24004
24007
24008
24009
24010
24015
24021
24024
24025
24027
24036
24037
24041
24042
24043
24046
24049
24050
24055
24061
24064
24066
24067
24068
24070
24073
24075
24079
24080
24082
24083
24085
24087
24091
24094
24096
24097
24104
24105
24106
24107
24108
24109
24111
24116
24118
24119
24120
24121
24123
24126
24127
24128
24131
24134
24137
24138
24139
24143
24144
24145
24147
24148
24151
24152
24153
24162
24164
24165
24166
24168
24171
24176
24177
24179
24180
24181
24183
24185
24186
24188
24189
24193
24194
24195
24196
24199
24203
24205
24207
24208
24209
24210
24213
24214
24215
24220
24222
24223
24227
24230
24234
24235
24237
24240
24243
24244
24245
24246
24247
24250
24252
24255
24257
24264
24266
24268
24270
24271
24276
24277
24278
24280
24282
24285
24286
24288
24289
24290
24291
24292
24293
24294
24296
24297
24301
24302
24303
24304
24305
24306
24311
24313
24314
24316
24319
24320
24326
24327
24329
24330
24337
24338
24339
24340
24341
24343
24347
24348
24349
24352
24354
24358
24359
24362
24363
24367
24368
24370
24373
24375
24376
24377
24378
24379
24382
24383
24384
24393
24397
24403
24408
24410
24415
24418
24419
24420
24422
24423
24424
24426
24428
24429
24431
24432
24435
24436
24437
24445
24448
24449
24458
24459
24462
24465
24467
24468
24469
24470
24474
24475
24477
24478
24480
24481
24482
24483
24484
24485
24486
24488
24491
24492
24498
24499
24500
24501
24502
24503
24504
24506
24507
24508
24512
24513
24515
24516
24517
24519
24520
24524
24527
24528
24529
24530
24531
24532
24537
24539
24541
24543
24545
24546
24547
24550
24551
24552
24553
24554
24556
24560
24562
24564
24565
24568
24570
24571
24573
24575
24576
24579
24587
24588
24590
24591
24593
24599
24600
24604
24605
24607
24608
24611
24612
24613
24616
24619
24620
24622
24623
24628
24634
24635
24636
24637
24639
24641
24642
24643
24650
24651
24654
24655
24657
24658
24659
24661
24664
24665
24666
24667
24668
24669
24671
24672
24673
24674
24676
24680
24684
24685
24686
24690
24693
24694
24695
24696
24697
24699
24702
24703
24705
24706
24710
24713
24715
24721
24725
24726
24727
24730
24731
24733
24734
24736
24737
24738
24739
24742
24743
24745
24746
24749
24750
24752
24754
24755
24756
24760
24761
24763
24765
24766
24768
24770
24771
24775
24776
24778
24782
24784
24786
24789
24790
24797
24800
24802
24803
24806
24807
24809
24813
24815
24816
24817
24818
24820
24822
24823
24824
24827
24829
24830
24834
24835
24837
24838
24839
24840
24842
24843
24845
24854
24855
24857
24860
24868
24870
24874
24875
24879
24881
24882
24883
24884
24888
24889
24890
24892
24894
24897
24901
24903
24904
24905
24906
24907
24908
24910
24912
24913
24914
24915
24917
24920
24924
24925
24928
24929
24930
24932
24933
24934
24936
24937
24940
24942
24945
24947
24948
24949
24950
24951
24953
24954
24956
24958
24960
24961
24962
24963
24964
24966
24967
24970
24976
24979
24980
24981
24982
24983
24986
24988
24991
24995
24996
24998
24999
25002
25006
25008
25010
25012
25013
25014
25015
25017
25018
25021
25023
25024
25026
25031
25034
25037
25041
25042
25043
25049
25051
25055
25057
25060
25066
25070
25073
25074
25084
25087
25088
25094
25095
25096
25100
25103
25104
25105
25108
25111
25123
25124
25128
25132
25136
25144
25148
25151
25155
25159
25161
25162
25164
25166
25172
25174
25175
25177
25178
25182
25191
25192
25194
25195
25196
25197
25201
25208
25212
25214
25216
25217
25219
25221
25226
25228
25233
25234
25239
25240
25241
25244
25245
25246
25250
25253
25255
25273
25278
25283
25284
25290
25293
25294
25297
25299
25300
25302
25305
25306
25311
25312
25313
25328
25329
25335
25342
25348
25349
25350
25354
25356
25357
25359
25362
25363
25365
25366
25373
25374
25376
25377
25383
25389
25395
25397
25398
25399
25400
25406
25411
25415
25416
25417
25419
25420
25423
25425
25432
25435
25437
25439
25444
25446
25449
25450
25452
25455
25459
25461
25465
25466
25469
25477
25478
25481
25482
25483
25489
25493
25496
25497
25504
25509
25511
25513
25515
25525
25530
25536
25537
25542
25547
25549
25554
25561
25562
25565
25568
25569
25573
25578
25580
25581
25583
25589
25594
25595
25598
25602
25603
25604
25606
25608
25609
25612
25619
25620
25630
25633
25634
25636
25639
25641
25643
25648
25652
25653
25656
25665
25667
25676
25679
25681
25690
25701
25713
25716
25717
25719
25727
25728
25730
25734
25737
25744
25749
25751
25752
25754
25759
25763
25764
25768
25770
25772
25777
25781
25784
25789
25791
25799
25801
25804
25818
25819
25823
25825
25827
25835
25837
25838
25840
25844
25846
25854
25855
25864
25866
25867
25872
25873
25882
25885
25886
25889
25892
25893
25895
25899
25908
25917
25920
25926
25930
25931
25933
25942
25943
25949
25954
25960
25971
25973
25976
25981
25983
25987
25988
25992
25995
25998
25999
26006
26015
26022
26023
26032
26049
26055
26069
26102
26111
26114
26118
26128
26131
26136
26142
26148
26169
26175
26178
26180
26188
26194
26197
26201
26205
26211
26214
26216
26225
26226
26230
26231
26242
26262
26264
26266
26288
26291
26302
26305
26312
26319
26343
26346
26387
26398
26403
26405
26417
26419
26428
26435
26442
26444
26447
26450
26452
26464
26476
26486
26491
26513
26522
26530
26534
26542
26543
26558
26569
26581
26583
26586
26604
26608
26609
26635
26638
26644
26646
26650
26653
26667
26685
26695
26706
26720
26732
26737
26739
26750
26755
26756
26788
26807
26814
26854
26870
26877
26918
26922
26933
26934
26975
26984
26997
27001
27003
27007
27009
27011
27012
27014
27016
27019
27021
27024
27025
27026
27027
27030
27031
27032
27035
27036
27039
27040
27042
27044
27048
27049
27050
27051
27052
27053
27059
27060
27065
27066
27071
27072
27073
27074
27077
27079
27081
27082
27083
27091
27092
27094
27098
27099
27101
27104
27106
27107
27108
27112
27117
27118
27124
27127
27128
27131
27134
27135
27140
27142
27143
27145
27147
27150
27152
27153
27154
27157
27160
27161
27162
27164
27166
27167
27172
27174
27179
27180
27183
27184
27188
27193
27194
27195
27196
27199
27200
27206
27207
27210
27211
27214
27217
27218
27220
27222
27224
27225
27228
27229
27231
27232
27235
27236
27237
27239
27244
27246
27250
27251
27254
27255
27257
27259
27262
27264
27267
27268
27271
27272
27273
27276
27279
27280
27281
27284
27286
27294
27295
27298
27301
27302
27303
27304
27306
27307
27308
27312
27314
27315
27316
27318
27324
27325
27326
27327
27328
27330
27332
27333
27336
27337
27338
27339
27341
27348
27349
27350
27352
27353
27354
27355
27356
27357
27358
27359
27360
27361
27362
27363
27364
27365
27368
27370
27371
27373
27375
27376
27379
27380
27383
27385
27387
27393
27395
27399
27400
27402
27409
27410
27411
27412
27415
27417
27418
27419
27420
27425
27427
27428
27429
27431
27433
27434
27437
27438
27446
27452
27453
27454
27457
27461
27465
27466
27468
27469
27470
27471
27472
27473
27475
27476
27478
27479
27480
27482
27483
27484
27485
27486
27487
27490
27495
27497
27498
27499
27505
27511
27513
27515
27516
27517
27519
27523
27526
27529
27533
27536
27537
27538
27541
27542
27543
27545
27549
27550
27560
27563
27565
27569
27570
27572
27582
27586
27587
27589
27590
27591
27593
27598
27602
27604
27607
27612
27619
27621
27622
27627
27632
27637
27639
27640
27641
27646
27649
27655
27656
27663
27664
27666
27668
27669
27670
27672
27677
27678
27681
27684
27685
27686
27687
27695
27702
27703
27709
27711
27715
27720
27722
27731
27737
27740
27742
27744
27745
27746
27748
27749
27750
27751
27753
27757
27758
27759
27761
27765
27769
27770
27775
27778
27786
27789
27792
27795
27796
27798
27799
27802
27806
27809
27812
27813
27815
27816
27817
27818
27820
27825
27829
27833
27835
27839
27842
27844
27845
27851
27854
27864
27866
27867
27868
27874
27875
27876
27880
27882
27883
27884
27893
27897
27903
27906
27907
27911
27912
27915
27927
27928
27932
27935
27941
27945
27946
27951
27954
27957
27958
27959
27960
27964
27965
27968
27972
27982
27983
27984
27985
27987
27988
27989
27991
27993
27996
27997
28004
28019
28021
28058
28061
28063
28084
28090
28096
28098
28101
28103
28109
28112
28114
28120
28140
28142
28144
28152
28167
28173
28174
28176
28177
28180
28183
28214
28215
28218
28219
28228
28231
28234
28246
28248
28250
28253
28254
28270
28276
28281
28301
28303
28307
28322
28324
28332
28338
28343
28354
28357
28364
28376
28377
28387
28409
28411
28415
28419
28422
28423
28429
28430
28442
28459
28464
28475
28481
28490
28494
28495
28497
28498
28501
28503
28509
28511
28513
28515
28517
28521
28528
28529
28530
28533
28535
28536
28537
28538
28546
28553
28556
28558
28559
28560
28561
28563
28567
28570
28571
28572
28573
28574
28591
28593
28594
28599
28600
28606
28613
28621
28623
28625
28636
28637
28644
28646
28652
28653
28655
28656
28657
28663
28668
28670
28679
28683
28684
28685
28686
28687
28689
28693
28694
28695
28697
28700
28703
28709
28719
28721
28723
28727
28730
28735
28738
28740
28742
28744
28749
28750
28752
28753
28756
28759
28768
28770
28771
28773
28775
28776
28777
28784
28786
28791
28795
28805
28810
28815
28818
28819
28820
28822
28823
28824
28825
28827
28829
28835
28836
28839
28842
28849
28852
28857
28858
28865
28866
28872
28874
28877
28882
28888
28893
28896
28905
28909
28912
28915
28918
28923
28924
28925
28930
28932
28935
28939
28941
28947
28954
28959
28960
28964
28965
28969
28971
28979
28980
28981
28983
28989
28992
28993
28997
28998
28999
29000
29030
29040
29053
29059
29065
29069
29076
29103
29104
29114
29120
29122
29126
29131
29136
29147
29154
29155
29165
29168
29169
29188
29206
29209
29210
29216
29224
29228
29239
29247
29251
29266
29285
29286
29287
29290
29302
29310
29318
29321
29333
29335
29336
29340
29344
29345
29353
29359
29367
29368
29370
29378
29380
29388
29397
29399
29402
29404
29405
29410
29413
29424
29425
29429
29441
29445
29448
29461
29479
29480
29489
29490
29498
29501
29508
29520
29521
29523
29525
29527
29529
29530
29542
29547
29550
29558
29566
29567
29569
29570
29573
29575
29578
29580
29585
29589
29592
29595
29596
29601
29602
29606
29609
29610
29612
29614
29618
29623
29624
29627
29628
29630
29631
29638
29641
29650
29652
29659
29662
29668
29669
29670
29673
29676
29682
29685
29687
29688
29689
29690
29691
29692
29694
29696
29699
29705
29706
29710
29722
29730
29732
29736
29737
29739
29742
29743
29745
29749
29755
29759
29767
29770
29776
29778
29783
29786
29789
29794
29799
29806
29809
29811
29814
29817
29825
29827
29829
29836
29837
29838
29841
29854
29857
29867
29869
29871
29873
29882
29884
29887
29888
29890
29895
29900
29901
29903
29912
29918
29921
29922
29923
29924
29926
29928
29930
29936
29939
29946
29948
29953
29955
29959
29968
29974
29976
29986
29988
29989
29993
29998
30009
30014
30016
30025
30029
30033
30034
30038
30039
30045
30048
30051
30054
30060
30066
30067
30068
30071
30072
30076
30090
30095
30096
30102
30103
30124
30134
30135
30139
30140
30144
30145
30148
30153
30157
30167
30169
30171
30181
30182
30189
30190
30193
30194
30197
30199
30205
30208
30224
30229
30243
30246
30255
30283
30286
30293
30296
30297
30309
30312
30316
30321
30323
30324
30329
30334
30335
30336
30343
30344
30350
30351
30355
30359
30365
30372
30380
30382
30384
30388
30390
30391
30394
30397
30402
30408
30409
30416
30418
30423
30427
30429
30431
30433
30435
30438
30439
30441
30446
30449
30450
30453
30460
30461
30470
30477
30482
30488
30498
30500
30504
30505
30506
30507
30511
30512
30515
30516
30525
30530
30532
30533
30535
30537
30538
30539
30540
30542
30543
30546
30550
30554
30555
30565
30569
30578
30581
30585
30592
30593
30594
30596
30601
30605
30606
30617
30618
30619
30625
30629
30631
30634
30640
30641
30646
30649
30650
30658
30661
30663
30666
30668
30671
30679
30681
30682
30684
30686
30688
30691
30692
30693
30694
30695
30697
30701
30704
30705
30706
30709
30710
30712
30714
30715
30720
30722
30723
30724
30725
30727
30729
30730
30736
30739
30746
30747
30750
30751
30753
30754
30758
30762
30766
30768
30769
30771
30773
30775
30776
30780
30783
30789
30791
30794
30795
30796
30799
30804
30806
30809
30814
30819
30820
30822
30825
30832
30833
30838
30839
30840
30841
30843
30844
30845
30848
30853
30854
30857
30867
30868
30869
30870
30873
30878
30889
30890
30892
30893
30895
30896
30897
30898
30908
30909
30910
30914
30915
30917
30918
30924
30925
30928
30929
30931
30934
30939
30944
30946
30948
30951
30952
30953
30954
30955
30957
30958
30965
30966
30968
30969
30972
30974
30977
30980
30983
30984
30990
30991
30992
30994
30997
31003
31005
31007
31008
31011
31013
31020
31022
31024
31025
31026
31031
31038
31041
31044
31045
31046
31050
31059
31060
31061
31073
31075
31084
31085
31089
31090
31094
31113
31116
31119
31123
31124
31127
31130
31132
31139
31141
31145
31146
31147
31154
31160
31163
31167
31177
31180
31182
31193
31195
31198
31209
31216
31217
31218
31222
31225
31231
31233
31246
31251
31252
31253
31256
31260
31261
31262
31268
31271
31277
31279
31282
31283
31284
31286
31287
31291
31293
31298
31299
31300
31301
31305
31308
31309
31311
31313
31326
31327
31330
31341
31345
31349
31353
31354
31355
31357
31362
31367
31368
31382
31386
31394
31395
31406
31408
31415
31421
31422
31426
31429
31433
31437
31438
31439
31443
31444
31445
31454
31457
31459
31461
31463
31478
31479
31480
31482
31484
31489
31490
31493
31495
31497
31499
31501
31506
31510
31511
31513
31514
31515
31516
31518
31520
31522
31523
31527
31532
31534
31535
31536
31537
31540
31545
31546
31547
31551
31552
31555
31558
31571
31574
31578
31581
31582
31586
31591
31598
31599
31600
31601
31602
31604
31606
31612
31613
31615
31617
31618
31619
31621
31622
31625
31627
31629
31630
31635
31640
31641
31644
31645
31649
31651
31653
31655
31658
31659
31662
31667
31668
31673
31674
31676
31679
31680
31681
31682
31685
31686
31688
31691
31692
31694
31699
31700
31703
31707
31710
31711
31713
31717
31719
31722
31724
31725
31728
31729
31732
31734
31737
31741
31743
31746
31749
31750
31754
31757
31758
31761
31762
31763
31765
31767
31771
31774
31777
31778
31781
31786
31787
31788
31789
31790
31791
31805
31806
31807
31811
31815
31818
31821
31824
31825
31826
31827
31829
31830
31831
31832
31833
31834
31835
31836
31837
31840
31846
31847
31849
31850
31852
31854
31858
31859
31862
31869
31872
31874
31877
31878
31879
31881
31884
31885
31887
31894
31895
31897
31899
31905
31906
31910
31912
31913
31914
31917
31918
31919
31920
31921
31924
31925
31926
31928
31929
31930
31938
31940
31941
31942
31943
31944
31948
31960
31963
31966
31968
31969
31970
31973
31974
31984
31986
31988
31989
31990
31991
31993
31996
31998
32000
32002
32005
32008
32009
32010
32013
32015
32016
32017
32020
32022
32025
32027
32028
32032
32033
32034
32035
32038
32040
32044
32046
32052
32056
32057
32061
32065
32073
32075
32076
32080
32082
32083
32084
32086
32088
32092
32094
32097
32100
32102
32104
32105
32111
32116
32118
32120
32123
32126
32130
32131
32133
32135
32136
32137
32139
32141
32142
32145
32148
32155
32159
32160
32164
32165
32168
32169
32170
32171
32172
32174
32175
32185
32186
32192
32195
32196
32201
32202
32207
32208
32209
32211
32212
32221
32224
32232
32234
32237
32238
32240
32242
32245
32253
32258
32259
32260
32262
32264
32266
32271
32274
32275
32276
32280
32282
32283
32285
32288
32291
32292
32297
32302
32305
32307
32311
32313
32315
32317
32321
32322
32323
32324
32325
32329
32330
32331
32337
32341
32342
32345
32347
32351
32352
32353
32357
32360
32364
32369
32374
32375
32392
32394
32396
32397
32399
32402
32408
32409
32412
32415
32416
32420
32425
32430
32431
32435
32442
32443
32444
32446
32450
32451
32457
32458
32460
32461
32463
32465
32466
32468
32471
32474
32475
32478
32481
32485
32486
32487
32489
32490
32496
32498
32500
32501
32502
32504
32511
32513
32519
32522
32524
32526
32529
32533
32535
32536
32538
32542
32549
32550
32560
32563
32565
32566
32567
32568
32581
32582
32583
32588
32589
32594
32597
32600
32601
32608
32609
32612
32613
32617
32620
32621
32624
32626
32627
32631
32636
32640
32642
32643
32645
32646
32647
32648
32649
32650
32651
32653
32655
32658
32659
32660
32661
32663
32664
32665
32666
32667
32669
32672
32675
32681
32692
32693
32695
32701
32702
32705
32708
32711
32714
32715
32716
32722
32725
32734
32736
32737
32738
32739
32744
32748
32750
32751
32752
32754
32755
32756
32761
32766
32767
32768
32772
32776
32781
32782
32785
32788
32793
32802
32807
32815
32817
32818
32820
32822
32823
32828
32833
32842
32845
32846
32848
32849
32851
32853
32854
32856
32857
32858
32861
32865
32874
32876
32878
32882
32883
32894
32895
32901
32903
32906
32907
32910
32912
32915
32918
32923
32927
32936
32941
32945
32950
32955
32958
32962
32968
32969
32972
32973
32978
32987
32990
32992
32995
32997
32998
33003
33004
33007
33008
33009
33011
33012
33013
33014
33015
33016
33017
33023
33024
33026
33027
33028
33029
33033
33034
33038
33039
33041
33048
33049
33052
33056
33057
33058
33059
33060
33063
33065
33066
33067
33068
33071
33072
33075
33076
33077
33082
33083
33084
33085
33087
33088
33094
33096
33097
33098
33099
33105
33106
33107
33108
33110
33111
33114
33116
33119
33120
33121
33122
33123
33124
33127
33128
33130
33132
33133
33135
33137
33138
33140
33141
33142
33144
33145
33146
33148
33149
33150
33151
33152
33154
33155
33157
33158
33159
33160
33161
33171
33172
33173
33177
33179
33180
33181
33184
33185
33186
33188
33189
33190
33191
33196
33198
33199
33200
33201
33203
33205
33207
33208
33210
33212
33213
33214
33215
33216
33217
33218
33221
33222
33223
33224
33226
33227
33228
33232
33233
33236
33238
33241
33242
33244
33245
33248
33253
33255
33257
33258
33259
33265
33268
33269
33270
33275
33277
33278
33280
33282
33284
33286
33292
33293
33294
33297
33299
33301
33302
33304
33305
33307
33309
33311
33312
33313
33314
33319
33327
33329
33330
33331
33332
33333
33335
33336
33339
33341
33344
33346
33348
33349
33351
33352
33353
33355
33356
33357
33360
33361
33362
33363
33364
33373
33374
33375
33377
33378
33379
33383
33386
33387
33390
33391
33393
33394
33396
33401
33403
33405
33406
33407
33408
33411
33412
33413
33414
33416
33417
33418
33419
33421
33422
33423
33424
33428
33429
33431
33432
33433
33434
33435
33437
33439
33443
33445
33446
33447
33451
33452
33453
33454
33455
33456
33465
33466
33468
33470
33472
33475
33477
33478
33480
33485
33486
33491
33495
33496
33499
33507
33509
33515
33516
33517
33523
33527
33535
33539
33540
33541
33544
33552
33553
33555
33557
33565
33570
33572
33576
33578
33581
33588
33589
33590
33591
33592
33600
33603
33604
33608
33609
33610
33611
33619
33624
33627
33633
33634
33639
33641
33645
33647
33649
33651
33652
33655
33657
33658
33659
33664
33666
33667
33668
33670
33671
33675
33677
33678
33687
33688
33693
33694
33696
33697
33698
33700
33703
33709
33710
33712
33719
33720
33722
33724
33725
33732
33738
33740
33742
33748
33750
33755
33757
33758
33760
33761
33764
33766
33767
33773
33774
33775
33776
33777
33780
33781
33784
33785
33786
33789
33793
33799
33800
33805
33806
33810
33814
33816
33819
33826
33828
33833
33839
33844
33845
33846
33852
33854
33858
33863
33864
33867
33875
33881
33882
33884
33885
33890
33894
33903
33906
33914
33915
33919
33922
33925
33926
33928
33934
33936
33937
33940
33944
33946
33947
33949
33951
33952
33953
33955
33956
33957
33959
33960
33965
33968
33973
33974
33979
33980
33981
33988
33990
33995
33996
33999
34000
34001
34008
34009
34011
34012
34017
34039
34047
34049
34060
34066
34069
34082
34087
34099
34103
34106
34108
34125
34135
34139
34144
34145
34149
34152
34155
34161
34163
34167
34172
34179
34186
34187
34201
34203
34216
34220
34225
34236
34241
34248
34249
34253
34255
34290
34291
34304
34305
34306
34309
34314
34318
34319
34323
34330
34332
34339
34344
34348
34349
34352
34356
34362
34365
34376
34378
34383
34398
34405
34406
34423
34428
34430
34432
34443
34446
34458
34463
34466
34467
34468
34488
34496
34497
34498
34499
34501
34508
34510
34512
34521
34525
34528
34534
34549
34550
34577
34580
34581
34582
34602
34609
34640
34642
34646
34647
34649
34653
34658
34666
34672
34680
34694
34696
34698
34714
34715
34720
34729
34738
34741
34753
34762
34780
34793
34814
34827
34828
34831
34832
34834
34839
34845
34847
34848
34863
34869
34883
34887
34894
34896
34904
34907
34911
34917
34918
34937
34941
34954
34984
34997
35001
35002
35003
35004
35005
35013
35015
35016
35017
35020
35021
35022
35025
35031
35038
35039
35041
35044
35047
35051
35052
35055
35061
35062
35064
35068
35070
35071
35072
35073
35075
35076
35079
35080
35083
35084
35087
35088
35091
35097
35101
35103
35107
35108
35110
35111
35112
35113
35116
35119
35123
35124
35125
35130
35131
35135
35137
35145
35150
35152
35154
35158
35159
35160
35162
35164
35166
35168
35177
35178
35181
35182
35183
35188
35189
35191
35193
35195
35198
35203
35204
35205
35206
35210
35212
35215
35220
35222
35225
35228
35229
35235
35237
35238
35241
35242
35243
35244
35245
35248
35253
35254
35260
35261
35262
35265
35268
35272
35273
35276
35277
35281
35289
35291
35295
35296
35297
35299
35301
35302
35306
35307
35309
35313
35316
35318
35321
35322
35324
35326
35333
35335
35336
35339
35340
35341
35344
35347
35348
35351
35356
35358
35359
35360
35363
35368
35372
35374
35376
35377
35378
35381
35382
35383
35384
35386
35388
35389
35390
35392
35394
35395
35396
35397
35398
35402
35403
35404
35405
35415
35416
35419
35420
35422
35424
35426
35431
35432
35435
35436
35437
35444
35445
35447
35448
35452
35454
35455
35457
35458
35460
35465
35466
35469
35471
35472
35474
35476
35478
35479
35481
35482
35493
35498
35499
35503
35504
35506
35511
35522
35539
35558
35591
35597
35603
35613
35615
35616
35638
35640
35660
35666
35671
35675
35683
35688
35699
35704
35711
35716
35724
35727
35744
35747
35752
35756
35778
35782
35785
35794
35797
35829
35830
35832
35834
35841
35855
35868
35869
35872
35874
35876
35877
35883
35885
35886
35909
35924
35944
35949
35952
35957
35965
35967
35976
35991
35994
36003
36011
36014
36021
36028
36030
36031
36033
36035
36036
36041
36042
36043
36049
36050
36052
36053
36060
36062
36066
36068
36069
36072
36073
36077
36078
36079
36089
36096
36102
36104
36105
36106
36107
36109
36110
36114
36116
36120
36128
36130
36132
36135
36138
36140
36143
36144
36145
36147
36149
36151
36157
36159
36160
36164
36168
36170
36175
36178
36180
36181
36193
36195
36203
36204
36207
36212
36215
36218
36219
36224
36226
36238
36240
36242
36244
36249
36259
36266
36272
36273
36279
36283
36284
36285
36287
36300
36301
36304
36306
36308
36311
36317
36320
36324
36327
36329
36330
36334
36336
36340
36341
36342
36344
36347
36353
36357
36359
36361
36363
36366
36367
36369
36370
36374
36377
36381
36382
36384
36385
36389
36391
36395
36396
36398
36405
36416
36422
36425
36426
36428
36434
36438
36446
36451
36452
36453
36462
36465
36469
36472
36477
36483
36485
36486
36488
36492
36494
36503
36508
36516
36527
36530
36533
36536
36537
36544
36548
36550
36555
36577
36579
36591
36597
36598
36605
36606
36607
36612
36613
36614
36630
36633
36639
36645
36648
36666
36691
36693
36694
36698
36705
36712
36713
36714
36717
36724
36733
36735
36740
36741
36744
36747
36748
36768
36772
36776
36786
36798
36801
36804
36811
36816
36818
36832
36834
36838
36842
36852
36867
36879
36881
36886
36890
36906
36907
36912
36915
36930
36931
36937
36943
36966
36970
36976
36984
36986
36993
36995
37000
37002
37003
37005
37006
37008
37010
37011
37015
37019
37020
37021
37022
37023
37025
37026
37029
37030
37031
37032
37033
37034
37035
37037
37038
37039
37042
37043
37044
37045
37049
37052
37053
37054
37055
37056
37059
37060
37064
37065
37068
37069
37071
37073
37074
37075
37077
37078
37079
37080
37082
37084
37085
37086
37087
37088
37089
37092
37095
37096
37097
37098
37100
37101
37102
37103
37105
37106
37107
37108
37109
37110
37111
37112
37114
37116
37117
37120
37121
37122
37123
37124
37127
37128
37130
37133
37134
37135
37136
37138
37139
37140
37142
37143
37144
37145
37147
37148
37152
37153
37154
37155
37156
37158
37159
37161
37163
37170
37171
37172
37173
37174
37175
37176
37177
37180
37191
37193
37194
37195
37196
37198
37199
37200
37201
37202
37203
37206
37208
37209
37210
37211
37212
37216
37217
37219
37220
37221
37222
37224
37228
37230
37231
37233
37234
37235
37236
37241
37242
37245
37246
37249
37250
37252
37253
37255
37256
37257
37258
37262
37263
37264
37265
37266
37267
37268
37269
37270
37272
37273
37274
37275
37276
37277
37278
37279
37280
37281
37284
37286
37288
37289
37290
37291
37292
37295
37297
37298
37299
37301
37302
37303
37304
37306
37309
37313
37315
37321
37322
37326
37329
37330
37333
37335
37337
37341
37342
37343
37344
37345
37346
37347
37348
37350
37351
37352
37357
37358
37360
37361
37365
37366
37368
37369
37371
37372
37374
37375
37377
37381
37382
37383
37385
37386
37389
37394
37395
37396
37398
37400
37401
37402
37403
37404
37406
37408
37411
37412
37413
37414
37417
37420
37421
37423
37424
37427
37429
37430
37435
37436
37437
37438
37442
37443
37444
37446
37447
37448
37450
37455
37456
37457
37460
37461
37464
37467
37468
37469
37471
37472
37474
37475
37476
37477
37478
37479
37480
37481
37483
37488
37489
37491
37492
37496
37498
37499
37502
37507
37512
37513
37515
37519
37521
37524
37526
37531
37532
37542
37549
37554
37556
37560
37563
37567
37569
37570
37574
37575
37577
37579
37587
37590
37593
37596
37598
37603
37615
37620
37635
37636
37640
37642
37644
37652
37653
37655
37658
37661
37663
37665
37670
37673
37676
37682
37684
37685
37686
37687
37690
37699
37700
37703
37704
37705
37707
37711
37713
37719
37720
37725
37726
37727
37733
37734
37737
37739
37745
37746
37749
37750
37751
37752
37758
37761
37762
37767
37768
37769
37770
37772
37773
37778
37780
37781
37784
37785
37786
37787
37793
37794
37795
37797
37800
37804
37805
37811
37817
37824
37827
37829
37833
37835
37836
37839
37844
37846
37847
37850
37851
37854
37862
37863
37872
37876
37879
37883
37888
37893
37894
37895
37897
37900
37902
37910
37914
37919
37926
37930
37931
37933
37934
37937
37939
37940
37942
37947
37948
37952
37954
37956
37957
37961
37962
37965
37967
37970
37973
37989
37991
38012
38020
38023
38041
38043
38046
38049
38053
38055
38058
38060
38063
38068
38069
38072
38073
38075
38083
38086
38097
38103
38108
38110
38122
38123
38129
38134
38141
38180
38182
38184
38186
38192
38196
38204
38210
38216
38218
38220
38237
38245
38247
38250
38252
38254
38255
38272
38273
38277
38279
38280
38281
38311
38333
38340
38345
38354
38357
38392
38393
38398
38402
38405
38406
38407
38436
38439
38442
38448
38450
38474
38477
38481
38488
38493
38497
38500
38502
38504
38505
38510
38511
38512
38514
38521
38522
38523
38524
38525
38530
38531
38533
38534
38536
38538
38539
38540
38541
38545
38547
38548
38550
38551
38555
38561
38563
38564
38565
38569
38570
38571
38573
38574
38576
38577
38584
38588
38589
38590
38591
38593
38594
38597
38601
38602
38603
38605
38606
38608
38610
38614
38615
38620
38621
38625
38626
38627
38629
38634
38635
38638
38640
38641
38642
38643
38644
38645
38647
38649
38650
38651
38654
38655
38660
38661
38662
38663
38664
38666
38667
38668
38669
38670
38671
38673
38674
38682
38683
38684
38685
38686
38688
38692
38693
38695
38697
38698
38699
38704
38706
38707
38709
38710
38711
38714
38715
38716
38717
38718
38719
38722
38724
38725
38727
38728
38729
38730
38732
38734
38737
38739
38740
38741
38744
38745
38749
38750
38752
38753
38756
38758
38768
38770
38771
38772
38777
38779
38782
38787
38790
38792
38793
38795
38797
38801
38802
38803
38804
38805
38806
38807
38808
38809
38811
38812
38814
38815
38816
38817
38820
38822
38823
38825
38828
38829
38830
38831
38838
38839
38840
38841
38847
38848
38852
38856
38858
38860
38861
38863
38866
38868
38870
38871
38876
38879
38880
38881
38884
38888
38889
38893
38895
38896
38897
38898
38901
38903
38905
38907
38908
38909
38910
38915
38916
38917
38918
38919
38920
38921
38930
38932
38933
38934
38936
38938
38939
38946
38950
38951
38952
38953
38954
38959
38960
38963
38965
38968
38969
38970
38971
38973
38974
38975
38976
38981
38984
38985
38987
38989
38990
38991
38993
38999
39000
39003
39005
39006
39007
39008
39010
39011
39012
39013
39017
39024
39025
39028
39030
39031
39033
39037
39038
39040
39045
39048
39049
39050
39051
39052
39053
39055
39058
39059
39061
39062
39063
39066
39067
39069
39070
39072
39073
39076
39077
39081
39083
39086
39087
39088
39089
39090
39091
39092
39094
39095
39097
39102
39104
39105
39107
39108
39114
39118
39123
39124
39125
39128
39133
39138
39145
39148
39149
39152
39154
39159
39161
39162
39164
39165
39167
39173
39182
39185
39187
39192
39193
39196
39197
39199
39200
39202
39206
39207
39209
39210
39212
39213
39215
39217
39223
39225
39228
39232
39237
39238
39239
39243
39247
39254
39255
39257
39259
39263
39265
39267
39271
39273
39274
39277
39278
39279
39284
39285
39288
39291
39293
39294
39295
39299
39300
39302
39304
39306
39307
39310
39311
39312
39315
39316
39318
39320
39321
39322
39325
39328
39330
39331
39332
39341
39342
39343
39346
39349
39351
39352
39353
39357
39358
39359
39361
39362
39364
39366
39368
39369
39370
39371
39373
39378
39381
39382
39385
39387
39390
39391
39393
39394
39398
39406
39409
39410
39417
39418
39419
39420
39421
39424
39425
39430
39431
39439
39440
39443
39454
39460
39462
39463
39464
39465
39467
39473
39475
39477
39478
39479
39480
39483
39484
39486
39487
39488
39490
39492
39494
39496
39497
39498
39499
39500
39501
39503
39509
39514
39521
39524
39525
39526
39528
39532
39545
39549
39551
39555
39559
39561
39567
39571
39572
39576
39579
39587
39589
39591
39593
39595
39598
39610
39611
39617
39621
39628
39630
39631
39634
39635
39638
39641
39643
39647
39648
39652
39654
39658
39659
39666
39667
39669
39670
39675
39683
39684
39685
39686
39691
39694
39697
39698
39703
39705
39706
39707
39708
39713
39716
39721
39726
39727
39731
39732
39737
39747
39748
39749
39750
39754
39755
39761
39762
39763
39765
39767
39768
39769
39772
39778
39779
39780
39784
39790
39791
39794
39795
39797
39800
39801
39803
39806
39808
39813
39814
39817
39823
39824
39828
39831
39833
39836
39845
39852
39853
39854
39855
39857
39859
39860
39862
39871
39873
39876
39877
39884
39885
39889
39891
39892
39896
39898
39905
39907
39908
39914
39916
39918
39919
39921
39925
39926
39928
39930
39932
39933
39936
39937
39938
39939
39940
39941
39945
39946
39947
39953
39954
39963
39965
39968
39970
39971
39973
39975
39984
39987
39989
39991
39992
39993
40002
40005
40006
40008
40015
40017
40021
40023
40025
40031
40033
40035
40038
40045
40047
40048
40054
40055
40062
40063
40065
40066
40068
40077
40078
40079
40087
40089
40097
40098
40099
40102
40104
40106
40107
40108
40111
40113
40115
40116
40117
40118
40122
40125
40128
40131
40134
40141
40158
40161
40162
40164
40167
40169
40175
40176
40177
40181
40183
40186
40187
40192
40195
40201
40208
40211
40213
40214
40216
40224
40230
40233
40237
40241
40245
40247
40253
40256
40259
40260
40263
40265
40267
40269
40278
40287
40288
40292
40293
40296
40302
40310
40312
40316
40318
40331
40335
40337
40339
40340
40341
40343
40345
40346
40353
40355
40358
40359
40360
40361
40369
40375
40376
40390
40391
40400
40401
40402
40413
40418
40428
40444
40445
40448
40450
40453
40455
40460
40467
40468
40470
40471
40473
40474
40480
40482
40484
40488
40491
40495
40496
40498
40501
40502
40503
40506
40508
40509
40516
40517
40518
40520
40523
40524
40526
40528
40534
40535
40540
40543
40544
40545
40546
40552
40556
40565
40566
40570
40577
40583
40587
40590
40594
40595
40596
40598
40602
40604
40606
40611
40616
40617
40618
40619
40628
40632
40633
40639
40642
40646
40647
40653
40656
40657
40658
40659
40664
40665
40668
40672
40675
40676
40679
40683
40689
40690
40692
40694
40699
40700
40702
40704
40706
40707
40712
40713
40717
40718
40726
40727
40731
40732
40733
40735
40736
40739
40740
40741
40746
40748
40749
40751
40758
40759
40761
40762
40769
40771
40772
40774
40776
40777
40778
40780
40781
40782
40786
40799
40800
40801
40804
40807
40810
40811
40813
40814
40815
40816
40818
40822
40827
40829
40830
40831
40833
40834
40839
40841
40842
40843
40844
40852
40853
40858
40859
40861
40865
40875
40878
40882
40884
40887
40888
40892
40893
40894
40896
40901
40903
40916
40917
40919
40921
40923
40924
40927
40928
40929
40931
40934
40936
40937
40938
40939
40945
40947
40949
40950
40951
40960
40961
40966
40967
40968
40974
40975
40977
40985
40986
40987
40988
40989
40997
41006
41011
41013
41018
41022
41024
41067
41068
41081
41083
41088
41092
41097
41104
41117
41118
41119
41122
41123
41126
41128
41132
41135
41138
41145
41149
41150
41166
41170
41174
41178
41182
41185
41188
41189
41194
41196
41217
41220
41227
41230
41240
41243
41266
41268
41278
41297
41307
41319
41322
41328
41334
41336
41353
41358
41367
41373
41378
41400
41402
41408
41421
41425
41442
41447
41448
41453
41483
41491
41492
41497
41500
41501
41511
41516
41524
41529
41531
41533
41540
41551
41552
41556
41560
41565
41568
41574
41578
41585
41586
41587
41596
41597
41598
41620
41625
41626
41627
41633
41644
41650
41652
41655
41663
41675
41678
41686
41689
41690
41691
41694
41697
41700
41704
41705
41706
41708
41712
41717
41720
41727
41729
41730
41731
41742
41743
41758
41764
41772
41773
41776
41782
41791
41799
41800
41807
41809
41816
41824
41829
41831
41834
41835
41840
41844
41847
41852
41857
41861
41863
41868
41873
41878
41882
41884
41889
41890
41891
41903
41904
41910
41918
41929
41932
41936
41937
41942
41943
41946
41948
41955
41958
41960
41961
41970
41978
41982
41987
42001
42002
42004
42005
42006
42009
42010
42014
42017
42018
42020
42023
42024
42025
42028
42030
42031
42033
42037
42040
42043
42044
42045
42048
42049
42052
42054
42059
42063
42065
42067
42068
42069
42071
42072
42075
42076
42079
42081
42084
42086
42088
42092
42097
42102
42113
42117
42119
42121
42123
42127
42130
42132
42134
42137
42138
42141
42143
42149
42152
42153
42155
42156
42158
42159
42163
42164
42165
42166
42170
42171
42172
42173
42174
42176
42181
42183
42184
42186
42187
42188
42191
42193
42196
42199
42200
42205
42208
42209
42210
42214
42215
42216
42219
42220
42223
42225
42227
42233
42235
42237
42239
42241
42243
42245
42246
42248
42249
42251
42254
42257
42263
42265
42269
42271
42272
42277
42278
42279
42280
42281
42286
42288
42289
42290
42291
42295
42296
42298
42299
42300
42303
42305
42310
42311
42313
42320
42322
42323
42324
42325
42328
42329
42330
42335
42337
42339
42341
42343
42344
42345
42346
42347
42348
42349
42350
42351
42353
42355
42358
42359
42361
42362
42363
42365
42368
42373
42374
42375
42377
42378
42379
42383
42386
42388
42390
42393
42394
42395
42400
42402
42406
42409
42410
42411
42413
42415
42418
42420
42421
42422
42425
42426
42433
42436
42437
42438
42439
42444
42445
42447
42448
42450
42451
42454
42459
42464
42465
42471
42472
42475
42476
42477
42478
42480
42481
42485
42486
42490
42491
42492
42493
42501
42502
42503
42504
42509
42513
42514
42517
42518
42530
42532
42537
42539
42541
42542
42543
42546
42548
42562
42568
42570
42572
42577
42579
42581
42583
42584
42586
42588
42591
42596
42601
42602
42604
42609
42613
42619
42620
42624
42629
42630
42637
42639
42641
42644
42646
42649
42650
42651
42653
42655
42658
42659
42670
42675
42679
42680
42685
42686
42692
42693
42703
42708
42710
42711
42714
42715
42717
42722
42727
42728
42735
42736
42738
42744
42752
42753
42754
42760
42763
42764
42765
42768
42776
42778
42784
42787
42791
42793
42799
42800
42801
42802
42807
42808
42814
42815
42819
42820
42823
42832
42837
42839
42841
42847
42861
42862
42870
42871
42873
42875
42879
42882
42884
42885
42887
42890
42893
42894
42898
42903
42906
42908
42909
42911
42920
42921
42924
42926
42927
42928
42930
42933
42937
42939
42940
42941
42946
42947
42951
42954
42955
42956
42963
42970
42971
42976
42983
42984
42985
42990
42992
43021
43025
43034
43036
43043
43047
43057
43058
43065
43072
43073
43081
43084
43087
43091
43107
43116
43121
43124
43130
43147
43164
43165
43167
43171
43175
43177
43179
43190
43191
43211
43232
43238
43241
43243
43248
43258
43265
43270
43276
43277
43278
43286
43288
43290
43294
43302
43308
43310
43324
43340
43345
43347
43354
43356
43358
43359
43367
43372
43374
43385
43386
43387
43389
43395
43400
43411
43418
43421
43427
43434
43437
43451
43460
43469
43479
43482
43507
43521
43525
43529
43547
43550
43551
43553
43568
43569
43580
43583
43588
43601
43604
43606
43610
43624
43627
43628
43629
43648
43662
43684
43690
43694
43701
43703
43711
43715
43720
43734
43735
43755
43756
43764
43768
43770
43778
43781
43786
43793
43804
43806
43815
43818
43834
43836
43847
43848
43859
43860
43862
43869
43870
43871
43875
43892
43895
43899
43903
43916
43919
43924
43943
43946
43984
43986
43993
43998
44000
44001
44003
44004
44005
44006
44007
44009
44010
44011
44013
44017
44018
44019
44020
44021
44023
44024
44025
44026
44027
44028
44029
44030
44031
44033
44034
44035
44037
44038
44039
44040
44043
44044
44045
44048
44049
44050
44053
44054
44055
44061
44062
44063
44065
44066
44067
44068
44069
44070
44072
44074
44075
44076
44079
44080
44083
44085
44086
44089
44092
44093
44096
44097
44098
44100
44101
44106
44107
44108
44110
44111
44112
44113
44114
44116
44118
44121
44122
44124
44129
44130
44131
44132
44133
44136
44138
44139
44141
44142
44143
44145
44146
44147
44148
44150
44151
44155
44157
44163
44164
44165
44168
44169
44170
44172
44173
44174
44175
44176
44180
44181
44182
44184
44187
44188
44191
44193
44197
44198
44200
44201
44203
44205
44206
44207
44209
44211
44212
44214
44215
44216
44219
44222
44223
44224
44225
44227
44228
44229
44230
44231
44232
44233
44234
44236
44241
44242
44244
44245
44247
44248
44249
44252
44253
44254
44255
44256
44258
44260
44261
44262
44263
44264
44265
44267
44269
44270
44271
44272
44274
44277
44280
44281
44283
44286
44287
44290
44291
44292
44295
44296
44300
44305
44307
44308
44310
44311
44314
44316
44317
44319
44320
44324
44325
44327
44328
44330
44331
44334
44335
44338
44340
44341
44342
44346
44348
44350
44352
44355
44356
44357
44359
44362
44365
44366
44368
44369
44370
44371
44372
44373
44374
44375
44377
44378
44379
44381
44382
44383
44385
44386
44387
44390
44391
44392
44393
44394
44395
44396
44397
44398
44399
44400
44402
44404
44406
44408
44410
44411
44413
44414
44415
44416
44418
44420
44421
44423
44425
44426
44427
44428
44429
44430
44431
44434
44437
44439
44441
44442
44443
44444
44445
44446
44447
44448
44450
44451
44452
44453
44454
44455
44458
44460
44462
44463
44465
44467
44469
44471
44472
44473
44479
44480
44483
44484
44485
44486
44487
44488
44490
44491
44492
44496
44498
44508
44513
44515
44518
44529
44536
44540
44550
44551
44553
44554
44565
44566
44567
44573
44575
44578
44587
44588
44590
44592
44598
44599
44606
44610
44612
44617
44621
44622
44626
44628
44629
44638
44641
44646
44649
44650
44654
44655
44660
44665
44666
44682
44687
44688
44689
44693
44694
44696
44705
44706
44712
44719
44739
44741
44747
44751
44753
44756
44760
44762
44763
44765
44772
44780
44781
44793
44794
44805
44809
44820
44844
44857
44869
44875
44884
44885
44886
44890
44892
44899
44904
44907
44909
44911
44912
44913
44923
44925
44928
44930
44932
44934
44939
44948
44952
44955
44958
44962
44980
44983
44985
44986
44992
44994
44997
44999
45001
45002
45003
45005
45010
45011
45013
45015
45016
45020
45022
45023
45024
45031
45032
45037
45041
45042
45047
45048
45049
45051
45060
45065
45066
45071
45072
45074
45075
45076
45082
45083
45084
45088
45090
45097
45098
45099
45101
45103
45107
45110
45111
45112
45115
45117
45118
45120
45121
45122
45125
45126
45128
45129
45130
45131
45137
45141
45144
45145
45146
45150
45151
45155
45159
45161
45162
45163
45165
45166
45168
45173
45176
45179
45180
45183
45184
45186
45187
45189
45190
45196
45201
45202
45204
45207
45208
45209
45210
45211
45212
45216
45219
45221
45224
45225
45226
45228
45234
45239
45241
45243
45246
45248
45251
45252
45254
45256
45257
45259
45263
45267
45273
45276
45278
45281
45286
45289
45292
45293
45296
45297
45306
45307
45308
45309
45310
45311
45314
45316
45317
45318
45319
45321
45322
45325
45327
45328
45334
45335
45345
45348
45349
45350
45352
45353
45354
45358
45361
45364
45366
45367
45368
45374
45376
45379
45380
45382
45384
45387
45390
45391
45393
45394
45402
45403
45404
45405
45407
45408
45417
45418
45419
45421
45422
45423
45424
45428
45432
45433
45434
45435
45437
45438
45440
45441
45445
45446
45449
45451
45453
45456
45460
45462
45465
45468
45469
45470
45471
45476
45481
45483
45484
45485
45488
45492
45496
45504
45505
45508
45509
45520
45523
45526
45527
45528
45534
45537
45540
45541
45547
45548
45550
45556
45557
45558
45560
45574
45575
45576
45577
45580
45584
45586
45590
45591
45594
45596
45600
45604
45607
45614
45617
45621
45626
45631
45632
45635
45639
45640
45642
45649
45650
45655
45669
45672
45673
45674
45676
45680
45684
45691
45693
45697
45701
45710
45713
45716
45721
45725
45735
45745
45748
45751
45759
45762
45764
45770
45771
45774
45780
45793
45794
45795
45799
45801
45819
45827
45829
45837
45838
45839
45841
45845
45850
45851
45853
45855
45861
45864
45865
45866
45870
45872
45874
45880
45883
45887
45891
45894
45897
45903
45904
45909
45915
45922
45924
45926
45940
45947
45952
45953
45954
45957
45963
45964
45968
45970
45971
45972
45975
45977
45980
45982
45983
45984
45994
45998
46000
46011
46015
46017
46018
46024
46030
46033
46036
46042
46058
46059
46071
46078
46086
46089
46093
46094
46101
46102
46103
46104
46111
46113
46120
46123
46128
46129
46130
46149
46152
46160
46165
46166
46168
46181
46192
46196
46203
46206
46223
46225
46226
46229
46237
46242
46244
46246
46248
46255
46260
46261
46262
46263
46267
46278
46281
46282
46286
46290
46298
46300
46301
46306
46313
46314
46324
46328
46329
46334
46337
46340
46356
46358
46363
46365
46370
46378
46391
46393
46395
46397
46399
46402
46409
46412
46415
46424
46425
46426
46429
46438
46440
46444
46448
46450
46456
46458
46469
46471
46473
46477
46485
46487
46488
46490
46491
46492
46494
46500
46501
46502
46506
46509
46511
46518
46521
46523
46525
46530
46532
46533
46535
46537
46539
46543
46547
46549
46550
46551
46552
46553
46555
46557
46559
46561
46563
46568
46575
46576
46577
46579
46582
46583
46585
46589
46592
46594
46597
46599
46601
46605
46606
46607
46608
46613
46615
46617
46621
46623
46624
46626
46629
46631
46632
46633
46635
46637
46639
46640
46646
46648
46650
46651
46653
46654
46655
46658
46660
46664
46665
46668
46670
46673
46675
46676
46677
46679
46680
46681
46689
46691
46694
46702
46706
46709
46710
46711
46713
46715
46716
46718
46722
46727
46728
46735
46736
46737
46738
46741
46742
46745
46746
46747
46748
46751
46755
46756
46758
46764
46765
46766
46769
46770
46773
46775
46777
46778
46781
46783
46788
46790
46791
46792
46794
46795
46800
46802
46803
46807
46809
46810
46814
46819
46820
46822
46831
46832
46842
46844
46845
46846
46848
46850
46851
46854
46855
46856
46857
46858
46862
46864
46866
46867
46871
46874
46880
46881
46883
46887
46893
46895
46897
46901
46902
46903
46906
46908
46914
46917
46919
46920
46921
46926
46928
46930
46931
46933
46944
46945
46946
46951
46952
46953
46954
46958
46961
46966
46975
46978
46980
46983
46987
46988
46995
46996
46998
47004
47033
47035
47042
47051
47054
47067
47068
47073
47075
47077
47088
47101
47103
47121
47129
47139
47148
47160
47171
47177
47190
47218
47244
47262
47266
47270
47288
47295
47324
47333
47349
47351
47355
47370
47375
47390
47393
47398
47407
47420
47421
47443
47453
47454
47465
47482
47503
47506
47508
47535
47545
47546
47551
47552
47573
47578
47587
47599
47602
47603
47617
47624
47633
47634
47651
47653
47654
47657
47661
47673
47675
47679
47680
47684
47691
47693
47695
47697
47699
47700
47704
47706
47711
47716
47720
47730
47731
47733
47740
47741
47744
47747
47749
47753
47757
47758
47767
47768
47769
47770
47774
47775
47786
47790
47798
47809
47820
47822
47832
47839
47842
47850
47856
47862
47864
47865
47870
47871
47876
47882
47883
47890
47891
47893
47907
47908
47917
47923
47925
47927
47943
47947
47954
47960
47961
47962
47970
47971
47975
47980
47981
47983
47989
47991
47994
47995
48005
48007
48008
48015
48030
48034
48040
48042
48043
48046
48052
48059
48061
48063
48064
48066
48068
48070
48073
48074
48075
48077
48084
48086
48092
48098
48099
48103
48105
48109
48114
48115
48121
48122
48127
48129
48131
48133
48137
48138
48139
48144
48151
48170
48181
48196
48198
48207
48210
48214
48216
48217
48219
48225
48226
48227
48238
48240
48242
48249
48250
48251
48252
48255
48256
48257
48261
48263
48266
48268
48270
48274
48276
48281
48288
48292
48294
48296
48302
48304
48311
48317
48318
48319
48320
48321
48322
48324
48326
48327
48328
48332
48333
48336
48341
48345
48347
48348
48354
48360
48362
48364
48371
48375
48377
48381
48390
48395
48397
48398
48402
48406
48409
48414
48418
48421
48422
48423
48427
48428
48434
48442
48450
48453
48456
48458
48459
48460
48461
48469
48470
48472
48473
48475
48476
48478
48482
48485
48486
48488
48489
48491
48493
48495
48498
48501
48503
48505
48509
48512
48515
48516
48519
48522
48527
48528
48530
48533
48541
48543
48544
48546
48549
48552
48554
48557
48558
48560
48561
48562
48563
48567
48577
48579
48581
48583
48586
48587
48590
48591
48592
48594
48595
48596
48597
48599
48602
48604
48608
48610
48611
48617
48618
48619
48620
48627
48628
48632
48633
48636
48639
48642
48644
48645
48647
48648
48650
48651
48652
48658
48661
48662
48666
48667
48668
48669
48670
48675
48676
48678
48681
48684
48686
48687
48693
48696
48700
48704
48705
48708
48711
48713
48718
48723
48724
48727
48729
48730
48731
48732
48733
48734
48735
48740
48743
48746
48749
48754
48757
48764
48766
48772
48777
48780
48786
48791
48798
48799
48802
48809
48815
48817
48820
48821
48822
48832
48833
48840
48843
48851
48853
48856
48860
48864
48873
48881
48882
48884
48888
48891
48892
48896
48897
48900
48902
48904
48913
48918
48919
48924
48925
48930
48932
48933
48935
48936
48938
48941
48942
48944
48946
48947
48949
48951
48954
48955
48956
48957
48960
48961
48967
48969
48971
48975
48976
48978
48979
48985
48988
48996
48997
49006
49009
49027
49037
49057
49082
49117
49124
49127
49146
49164
49169
49174
49185
49191
49209
49213
49214
49216
49220
49230
49245
49247
49266
49268
49277
49286
49303
49316
49318
49322
49329
49334
49339
49343
49344
49356
49358
49359
49361
49367
49369
49378
49386
49392
49395
49396
49415
49424
49426
49449
49451
49461
49482
49494
49496
49500
49501
49502
49507
49509
49510
49516
49521
49522
49523
49524
49528
49529
49534
49538
49539
49543
49545
49551
49570
49572
49595
49600
49603
49604
49606
49607
49609
49624
49635
49636
49639
49640
49647
49652
49654
49661
49668
49670
49676
49679
49685
49686
49688
49692
49697
49699
49711
49715
49717
49718
49721
49733
49734
49739
49740
49742
49743
49746
49749
49752
49754
49762
49766
49767
49769
49772
49782
49784
49785
49794
49795
49796
49810
49813
49814
49823
49830
49832
49840
49842
49849
49852
49858
49867
49874
49879
49887
49891
49894
49897
49899
49902
49915
49916
49920
49926
49931
49933
49945
49947
49957
49958
49959
49963
49964
49971
49972
49981
49984
